1111111111121111111111111111111111111111111111111111111111111111111111111111131111111111111111111111111
1100110110101010110111100010100011011011000001101101000000000000010110101011001100010000000001011001001
1001100110000010110011001110110110001001111100100101111101110101010110100001011110110111111111001101011
1101101111111000011001100110010110111011000101101100000100111111110100101111001100000000001011011000001
1000101111011110111100101111000110011011110101101111110101101100100101100011011101111111111001000010111
1110100110000100011001100001101100111000110100100101000101000110101100110110010000011111001011011011111
1010101111110111011101001111101101101011100101101101110100011100000110100010110111110001100000011111001
1010101010110101001101011011001101101000110101101100110101111111110000001010110000010111001111110101101
1010101000100000011101000000011101101011110000000110100000110011010111111010010111000101101100010000001
1010001110111111011001011111010001100001011111011110111011100110000010111111010101111100001101110111111
1010111000011000001101000101111100111101001010010100111010110011110110101101010101100001111000010001111
1010001111001111011001101100110101101101011010110110101010110111010000001101000000110111100011110111001
1000111000011000001100100101100001101000010000010100001010010110000101111101011111100000001011010110011
1010000011111110100110101100111011001111000101110111011010110100101100000101011101101111111010010111001
1110101110111111110010001101101001011101011111110101010000010101111111111100000100000110011111010011011
1000111010011001011011011101100011011001001011000000000111110101010110001101111101110011001101010111001
1010011000110011001011010100111001010011011001111110110001110101010110111000011100111111011101000000011
1111001101111001100001000001101101000110001011011000010111010101000000000010110001101010001001101111111
1100011001010011001100011111001101110110111011011110111110010101011111010110011011000000111011000101011
1001011101011001111111010101011001000010110011010100001011000000001111111111111001101111100000010000001
1011000000011011010010010101001101110110010110010101011001101111111000101011001011000001101111111010111
1111101011110011011011000000011000110011000011010111011101100011000011101001101001010100100000101110111
1000111011011011001010011110111110100111110111000110010100001011011110101011101100011111101111100010001
1110010011011001101011000111101000101101100101011100110101011111010100001000001101111011101010101111101
1011011011011011000001101101101110101001110100001001100001010110010001011011111000000000000000000101111
1010011011011001111011001100101000001011000111100011001111010011010111111010101101111010101011011101011
1011011010010011001001100110101110101011110100101000011011110110000010101010101101111111101001000001001
1000001011010111101101001100000111100010100110111111000001100000101110100000001000000001111011111111011
1111100010010011001101101101110001101110110000010101011111001111111100001111111011111111011110110110001
1101111010110111100001100000111111001110111101000001011000011000010111011000000000100001010110100011011
1000000000010111111101101111100110011000101111101101001011110011110110000011011110001111010100101110001
1110101101000011010000000110001100111101101011111000011010110111110111011110000110111000000110100000111
1111111111111010011101101111100110010101101001011110110000000000000000000011101100001011101100001111111
1011011010111010110111100101001100110101101101001100000101110111110110101011000111100000101001111011101
1010000000101010110110101100011110110101101101011001111111111100011111111111110000110111111101110000001
1000111010000010010100100111011010110101100101011101100000001110111000010101111011111100110000000101101
1011111111111011010110101101011000110100110001010100001011111010000011000101011110100110111011101111001
1010000000000000000010101101001101110101100111010110111011000000101111111100000110001100000001100001101
1111111111111110111000000001011001010101001100000100001111011101100001110101110000100110111011110101101
1000010101100000100011110111001011010101101111101101100110000111101101000000011111110000011011011111101
1111010000101101111110000011100011010100100111000101111100110000101111011111111000111111011000011010111
1101011110111111001111111000111001010110001101101100000110010111111011010001101011101011001111000000011
1000000000110011100001010011111011010100111101100001110110111101011011000111001000000001111111101011001
1101011110011001111100011001100011010110111000001101111110001000011011011101100011111100000001101111101
1111111111011011000111001011111010000110001101111100001100111011111000000101101001111111101011100110111
1000100000000001110111100000110010111100100000100110100001101010101011110101101100000001111110111100011
1110111111111011000001001101111010010111110111101111111111100000000000111100000111111011000100001101001
1110000000000011111101101000101011000001100000000101011011001010111110001001110000001110011101111001111
1000111111101010110000111101101001011111110111110000000000011110000111101011111011111100111000001100101
1010100001111000111110010000101011010010100011110101110111110110110001100000001000010001101011101001101
1011111101010010000011000101101011010110001010010100010000000111111011110101111101110111100011111100101
1011000000000111110111111100000000000110111000110111110111010000011000110101110111010110101110010110001
1110011110110100000000000001011010110100001101110000110111110101110010010100000011010000001010110110111
1100110000110111110111111111001010110001011000010101100001110100010110110101101000000111100000000000001
1001111101111111111101000000011011111011111111111100110100010101111100110111111010101111110110101010101
1100011111001100000001111111011011100000001000100101111101111100000111111110111110100000111110111110101
1001010011100001111101101110001110111010100011101111111101101111111111000000000110101110000011110111101
1011111001001101000000000000101110110011101110001010110100000000000000011111011100100110101000000000101
1111101101111111111010110111100000011001100000100000010111101011010101000011111110101110111011011111111
1001001000111011010011100110001111111101101010111110110111111111110101011110110111111011111110000100001
1101101110100000000110001111100000000101001110001011100000000000010111111000010101000000001110110001111
1001000000111111110100100011001011110101100110100001001010101011110111000011110100011010100011100100001
1101111101101100000101110111111000111100110110101101011111111110111101111011010001111111111111111111111
1000000000001111110101100110000010011111100100111000000000110110011000110010000100000101011010111011101
1111111011100111100100111110101011010110111110011101111111110110111011111000101110111101010000000000001
1011011110001100001110110000111011000010101111000111000000010110101011101011111111100000000101011010101
1011000110100001101100100110001110011000000110010001011111110110100000000000000100001010110101001111111
1000010111101011001101110100100011011011111100110100011011010110001101111101011101111110010101011000111
1101010101111011011100011110101111011000000110111111000001010110111111101111000000000010111111111101101
1111110101010011000110110000100110011010101100011011101100000010101010000001101010111111101010101100101
1010100000000111101111111110101111011011100101000001101101101000000010111011101110000000001010101101101
1000001011110110111010000000101100001011111111011011100111001011111000011110111111111111111010000100001
1111101011000000111011111010100110101000000111111000110001011000001111110110110000000000011011101101111
1000001011101010100000000010110110101010110101101101100101110011111111100000000111111011111011000000001
1011111010001011110110101010100010111011100000001111001100111000000000101111011101011110110010010101111
1010000010101011011110101011110111110001111010111001101110100011110110000011000000000000011000110100001
1011011010111011000000101011110001010111011010000011000010101000011100110111111110111111001011111111111
1001111110001011010110111110100100011100000010111111101011101101111111111100101111111011111011111000011
1111000000111110010110100000001101001101011010000001101011111100000101000110000000100001100000110011001
1000011010000011010011111110101101011111111011101100101000110001110000010010111111101111001011111011111
1111011010101110010111110000100111110110000011111111101011100100111011111000000110101101011110110000101
1000001111101100111110100101110000000110101000000001101001111110001000001101011110000101010110110111101
1101011000001111110000001100011101011100111101111111001100000111011111111001000000111101000100000010101
1111111111101011000101101101110001111110011000000001011001111100000000111011101101101100010001111000001
1010101000001000010100101000010100000011001101011111001111101001010101101111000100000001110100001101111
1010101111101111011110111101010110111110011001000001100011000011011100000101110110111011111111100100111
1000000000001100001100100001011100000011111111011100101010011001000110110000110010011110000001101110001
1010111010101101011001101101001110101110101010000101111111110011011110011011110111000110111101101111101
1110110011101101111111101001101000111000000000101111010011000111000011011000011100010000000111000111101
1000011111001000011000001011001010110010101010100000000110010110011110001101000110111111111111010010101
1101110000011101111101101001101010011010101011111111110011011111000011011111110110000000000001010110111
1001011110110000011001111011101011111010101000000001111111111100011111111010110110101110111011010000001
1101001000011101001011011000101110000010111101111100000000000111000000000000011110111111111111110101101
1111101101011001011110000010111111010110011000111101010111110011010101111011111100000000100000110111101
1010000001010011010111101111100000010110111010000101010011111011011100011000000110111010001110010111001
1000101011011011000011000000110101110110001110111111110110001010011101001101111111111111111111110101111
1110101011001111011111101010111111000110111000000000110000111111010101101100101011101101111011110000001
1000101011011000000011001010000111110110110010110101100110000110000101111110000010100000000000011011011
1110111111001110101011101110111100000010011110111111110011010110101100000011011000001010101110111110001
1000110000011010111010000110011111110111010000011010111110010010101101011111001101011111100010010110101
1101111110110000001111010011000110000110010101000000000010111011101001000001111101110101110111000011101
1000110000010101011000010110010100101111010101101010110110110000101101010100011000000000010011011000101
1111111111111111111111111111111111111111111111111111111111111111111111111111111111111111111111111111111
