11111111111111111111111111111111111111111111111111111111111111111111111111111111111111111111111111111111
10001101100001000101100000001011001010101100011001010110010001101000101001001101011011010011000110110101
11100100111101011100101101111001011010100111010011010000110111101101100011011000001011010110011110010101
11110001100000001101111001101101011000101100010110010111100010101101101110011111101000000100110010110101
10000111111111101100110011000101001110101111010000110000001010001100100010110110001011111101111000010101
11110000101111001101111011010001101100000111011101100111111111101110101110110011101000110000001101110101
10100111101001101100101011011011000110111101001001101101100011101010000110010110000011100110111100110001
10001110001100101001100001110001011100101001101011001100101110100010111100110011011000110111100110000111
11011011100110101011111100111100000110000011000001100101101010001110000110010111111011100001110111110101
11011010101110101001100001100111011111111001111100110100100011101110111111010010100001110111010001100001
10000000101100001011111011110000011000001011011001110001101110001010011011000110111100110000011011001111
10111110100110101000110000011111001111101001011101010111000011011000111011011100011001110111111011100101
11110000101111101011100101110110011100001011000000010011010111000011100011010101111100010101101010110001
11011110000011000000110111000100110001101011011111010110011101101110111011010100100111000100101010110101
10001111011110011110100011110101111111001001111001000111011000001100011010000001101100010101101010110111
10100000010011111010111001100000011011100011101101110101001011111110110010110111100110111101101010110111
11101101000110100000010011111101011000001110101100010101011010110100111000011101001100011000000000000001
11111111101100111110110111010101111111101110100111000000000000000110101101110001100110110011111101011101
10110000001101101010010110000000011001101010101101110111111101101110101000011100110110111000101111000111
10111111100001100000110111111101110011000000000101010111111111111100001011110001100110011011100001010001
10010100001111111110110011001001011011111111110001010100000000110111100000011101110110111000001111110111
11010111100110110000011001101101011000111010111101000001111111100011111011110000110100001011111000110101
10000001110000011110111011001000001101101010000001011011110101110110101011011011100001011000000011111101
10110100111101111000000001101111011000101011110101001000010000110110000011010011001011111011111111011001
11110110101100101111101111000000011110101010111101101111010111100011111010010111011111110000001110011101
10011110101110101000100011111111001100001010011101100101110010101110011000110100010101010111111011010101
11000000000000001110001110110001011111011010110000101100110110100110111010010001110100000001010011010101
10011110101111101100101010011101011101011010011110001101100110101100001111010111010001011111010110000001
11111011111111000111101010110000001000011000110010100101101100101001111100000001010111111011010100111111
11100011011001101101001000011111100011000010111011101100101110000011100111011111010110101011000101111101
10111010011011000001100011111010101111011111100001000101100110111110110101001101000010101011110100000101
10000011000011111101111000110000101000010100111100010000110110010110110101011101011110101010100001011101
11011001011010100100111110111110111111000001100111110111100010110110010000010100011010101010101111110001
11110011110010110001101010011100010101101111001110110100110110100011000111010101011010100000100010100111
10111001111010111011000010110111010100000001011100100101100010101001101111110101111010101111101110001111
10000011010000001011111010100011010111101111010110110001101110101111000100110100101010000011101010111001
11111011011111101010101010110110000101100101010100100111101010100110011101110101100000101000000000010011
10000000000000001010100000000011110101001101010110110011001010110000110101010101101010111111111111110111
11101110111111100010111111110111110101011001010110100111011010110101100101010101101111110110111010100011
10111111100010001000110000000110000000001101010110101101010010110111110101010101000101100000000010001001
10010001001000111110111011110011110101011001010100101101011010110010110101000000010000101111111110111101
11011101101101100000011110110110011111001100010110000101000010011010110101011110111110000000000000010111
10000000000111111111010100100111001010011111000111101101011110111000110100000110001100101101101101000011
11010101101100000111010110110101101000110011110011000101000110101101100001101111011110100100100101101001
10010101000111010000000000000001101110011010110111110100010100101101111011111100000110110101101101101011
10110101111101111111011011011101101010110000110111100110111110001000101010000111110011111111111111001001
11100101000101100000010001110000100010111110110011001110101100111010100000110000010111111111010001111111
10001101010000001111010101111110111000011010111011011000000110011011101111100110110000110101000100000001
10111111111010111110011111000000000011000000000011001110111110111001101110111111110111100000011110111011
10001100000011111000110000010101010111010111011001100110010010100011100000001101011110001111000010011001
11011111110111101101111111010101011110011111011011101100110110001110101111100101001010111011010110111101
11111000000100000001101100010101110000111101111001000001110110111010100011111101011010110001111111100111
30101011110111101011100001011111100110100000001100010111000000000000001110011101001000000101101101101111
10001111111110111110001101010000001111101101100111011101110110110111100010110101011010101100000100000001
10100100011010000000111001110101011001111111110000001101000111111111001000010100000011100111110001111111
10110001000000110101100011000111111100111011011110101000011101001101101011000001101111111111111011000001
10111111011011100111101011111111000110000010000000100010111101011000111110011100100100000000001000011111
10100000011111111100001110101101110000101000101101110111110100000011110010110001110001111101011101011111
11111011010000101110101100000101011111101110111101100101010101111000100111111111011100011111111001000001
11010011110110101010111111110000011111111111110001110000000001111111101101011110000101000110101011010111
10000110000100000011110111000101000000011010000101011010111100000000000000000000111101010100101111110001
10101111101111111011000001111111101111000000110101000010000110101010110111111010000101110001100001100101
11100110001000011001111101011010111111110110011111101010111110101111100110011111111111111100101111001101
10001111011101000011000000000000000000000011000110001010000010100000110000110101111010000110000011100101
11100011011111101011101011111101011010101011101111111010111111111110010110000000000000110110110110111111
10001111001010111010001110000001110011101110000101000010000001011111110011010111111111111100110000011011
10100001111010000011101111011111111001100011111101111110110100000001111110010000000000101111100101000001
10101011001011101001111011111011000011001010000000000000010111011100000011010110101111100011111101101011
10101111101011111100010010100000011001101111101010101101010001001110111111111111100010101110101101111111
10111110000000110111010110001011001100111101001111101101011111100010001010101011111110101010101111010101
10111011111110100000000011111111101111111000011001000111000000101111111000000000000110100000000111010001
11100001101010001111011001110100000110000010111101110011010101100101010010101010110000001011111100000111
10001100000011101001001100000001011100111110110000000110010100110000000110101010010111101111000001111111
11100110111001111100011110111011011001100000011110110100110101111101101100101011010001100101011100000001
11111100111101010101001010110011001101001011011110010110010101011100100111111111010111110000011111110101
10110111100000000001101000111011011111111111110000110110111100000110111111010101110000110101000110111101
10100011001101111011101010011011001100000000100101111100000110101100110100000000111011111111011100011111
10001110011111100010001111001010011111111110001100001110101111100110000001010110011010011011000001110111
11101100110110111011111100011011011011000110100110111010100001101110101011110111001000110011010100000001
10001110100100000010000001001111111000010000101100110000111111111010101110010001011011100111110101011111
11101000110001011010101011011100000011010101111110011010000111010010100000111011011000001110011101001011
10000011111101011010111110000111110111111100011000110011010000000111111010101110010011011010111111100001
10101110000001010010100000101100011111101001001010011011010101110101011010000011010110000000000010101111
10111000101101111011110110101101001011000011011110110001110100111100001011011110010011010111011010001111
10100011111100011110000110101111100001101001000110011011100110001101111110000011010111010011111111100001
10101111000001110000110111111010111100001011010110110011001100100000110011011111110001011000100100101101
11101000010101100110110001100000000001101111110110111011011110101110000110000001110101001011101101101101
10001010110101110111111011001010101101100000111100011010000111100010111111011111000101101000100000111101
10101011100101000101101011101011111101101010001101001010101101001010000011000101101101101010001110011001
11101011110111101101001001111011100001101110101001011011111000011110101011010000101100111010100010111101
10001110000100001101101100110010111100100110111101111111011111010111101110011010101101111110101110110001
10111000110110111000001101100110011001101100110000011000000000000000100010111010111000000110100111111102
11111111100100110010100000110011000011101001110101011111011011010111110110001010110011110110110000001101
10000011110101100110111010010111101000101011000101001100010010010000111100111010011000011110010111011001
11101000010111110010100010111110111011101001101101011110110111011010000110001111001101001100110001111101
10001011000110000111110110011000110001111011101101001010100110001011011111100001111001011110010100100101
11101011110011110110010100110010000100001010001101011011110110101011111011110100111111110100111110001101
10111110111110111111000110011011101110111110111001011001100010101000000000011110000001100110001100111101
10111100001000001001110010110010001100000110001101001100001010101011101010110000110100001111011001111001
10001001100010101011110110011110100111011111011001011001101111101001111010110110011101011011011100001101
10100011001010100000000011111110110110000001110011110011000001101100001010110100111111010011001101011111
10110111101011111011010111110000011111011100111011000110010101100101111110010110000011000111100111110111
10010011001001100011010110000110110000000101100001101111010100110100000110110011010110010000110000000001
11111111111111111111111111111111111111111111111111111111111111111111111111111111111111111111111111111111
