111111111111111111111111111111111111111111111111111111111111111111111111111111111111111111111113111111111
101110101010101010100111001101001010101010110000010100101010101100010110001100100001100001000100010110001
100100101010000010110010011001101010001010111110110110101010101111000111100110101011111101010101110110111
110001101011111000011011001100001011100010011010100110001000001010010001110010101110110001010000010110001
100111100001101111010001101001101011111010110000001111101111100011110111010110100110011011111011110010111
110110111011001011011100001111000010110000011111101001101101111001100011000100001111000001101011100110011
100000111011100000000111100010011010011101000110001101100000111100111001110101101011011100001000110011001
111101101010111111101101111011010000110111110011101001110111101110111101100001111001111110100011111000011
101100100010110101100101011001011101100011000111001100010101001000101000101111010011100011110110001011111
101110111010100101110101011011110000001001110101101111000101101110001010001001000110110111010111101000101
100010110000110001010101000001100110101100000000000001101100000100111111011011011110110110000011001011101
111000011110011100000101111011111110111110101110111011000111110110010110000001001010100011101001100000001
101111010100110001110101010001101011111011111111100001110011000100110100111111011010101111111011111011011
100110000110110111000000011101000001100001010000111100010111110110110101111100011000100000110001100011111
101111101100011111111111010101101111111100010110100001000010100000010100000101001110101111100111111001101
100101001110111000000000000101101001010001000011111111101010111111000001111101111010100100110100011100001
110000011010101111110110110000000011011111101001100000101110011100011111011000101010101101100001110101111
111111001010100010110100011011110110011100111101111110000110110001000110001101101000000100110100110000001
100011100010111000011101111111010011000110010000110011101110011111101111101101101111101101111110010111111
111000001110101101111111010101010110011111011110011001101000110110000110001001100011000100101011010111011
100010100110101100110110000100000011001010010000111101101011100111110011101011001111101101101001000100001
110111101100101101110011110111110111101011011101101000001011001101000111001010011100000000001100011101111
111100001110000101100110000010100010100000010100001111101011100001110110011000110111110111111110110001101
111111101011110101101110101000001110111111010101111011000000101011000111001011100010100100101010110111101
110100001001100000000011111110100110101001010100110001110111111011110101100000111010110101101010110110001
100111101011001111011111011000110000101100000101111101100010110001110001101111100010100100000000010000101
110100101001100011110000001111111110101111110001100000111010110111011011100011111000110001101011110111111
110110101101001110111111101101101010101000010101111101111000100010011010110110101110011011111110010101111
100000000101011100011001000100000010001111011100101100101010111011010010110110101100111001010111000000101
101011110100000001001101110111111000111101000110000110101110101001010110110110101110010011000001101111101
111110000001010111111001110111000010011000011111110010101100000011010000110010100011011011011111100001001
100100101011110000110011000101101111001111001100011010101111110110000111111010110110010001011011001111011
110001111010111011111010011101111100011001011001010000000110100011101101101000100111010111001011011111001
111100111110001011011011001101010111001101001111011101110000110110000100101110101100010100011011001001011
101111101110100011010001011000010101101001100110000111000110000011110101101100100111010101110011011011001
100110100011111011011011001111000001001101101100101100010110101001000000101001101101000100110110000001101
110000001001101011010011011000010101100001000111101110111111101101111110000011001101010101100010111111001
111010111101000011011011011111111101111101110011000011101100001101010110111111101100010100101110110101101
101011100000011000001011001100011000110000011001101111000111111000000000110110000110111101101110000101001
100011111011111111101001011110110010011111000011101101110011010011111110110011011110101000101010111101011
101010100010000000001011001100011011110000010110000101010110011010000000010110011000101011101010111000001
111110111010101011100000011101000011011110110011101100000111001010101111010110111011101001100010101101111
111110111111111111110111000111111011010111110110101111010011011111111011010000110001100011111000000101001
101000101101010000100011101110110001010001100110000101111010000101011011011101100111101111001110111101011
101110001000000110111110000000111101011101110111110000110011011100000001010100110110001101101100000000001
101111101111111100001000101010000000000000100011111101111011000111101101010001100011101001100111010111111
101010000110000001100010111111111111011110110110000001010011010101111001011100110110101011110110011101101
100011010000111111101010010101000111111000000111111100010111011101011100000101100100101001100011001101101
111011111111100000001011010000010001101111110011000110110110001100000001110000110110100011101111100000001
100010110011111101111110010110111100000011000111110000110100111111111111111101110110110110100001101101111
101000010110010111110111111111100001101011110011011110110001111110111011011101010100000000101111000111011
111101000011010110000001101001001111111001010110011010011100101100000000000001010111110110000001110010001
110001101000000111111011001101111011011100010111010010111110001111111101011100000110111110111101000110111
100100111101010001110001101000110000000001000000000110110110111011101111111111110000011000000111110110101
110111100001111101000100001110111101010111111111110100100100001010000010000010111111011110111110100100101
110110111111101000011111100000001111111110000000000110110101111011111011101000101100010100010010110101101
100100000000001111111101111111100010101011111111010000010000101010011000101110100111000111000110000001101
110111111011101100100001000010111010100010101111011011011101101010110011111000001111110110011111101111001
111111111110101110111101111010101000111010001001111111000000101010111011001111100101000000111010100001101
100000001100001010101100000000000010011011101101111101101110000000011010011000001101111101110010101111101
111111011110100000000001011110111111000001101100011000111111111101110010110011101101101000011010101100101
101110001010111110101011111100110000010100000101111110000000000000011010011110001100001101110010101110101
100000100000110000101010100001111111011111110100110011101011111110110000110000100111101101011000101010001
101011101010111011111110001111010111011000000101100111101110001100011011111101110110100000011110100000111
111111101111101111001111101000000000011101010000110010111111101111010011111111010000111110110100001111101
110100001000000000011011111011111110110001111101111010011010101000010110110110000110110100110111011011101
100001101111111111000010111111111011111111101101101000110010000011010110010011111110110110110100000010101
111011111101111011111000001000000000001010000000101010011011111111010011010110101100110010100101101010001
101110110101000000100010101111111011101010111110101111011011110100011010000110001101111000110101111110111
100110010101111110111010100000111111001011110000001110010000000111010011010011101101111110000101000110101
101111010100101000000011110110001101101011011111101011011110110110000111111000101100110111101100011100001
100110000001101111111111010110100000000000000000001011000011100111110010101010000110000011101111001001111
110000110100001011001110011100101011111111111111100000010111110100000110101111110011110110100110011011111
111010010101100001100011001101111111110111000001111111110110100111110110100110111001100110101110110000001
110011010111111011110111100001100000010101111100110000000010110100000110001100100011110000001010110111111
100111111110101011110101111111111111000101011110110111111000110111110011100110001001011111101000000000001
110010101100000001100000010000110000010000000000011111100010000000000110110100111100001101001011111111101
111010000001011100111111011110011111111011111111000000111011110111010000000111111111101001101010011010111
101111111111110001101010010111000000001111111111101010000010000100010111110111001100000011101000110000001
101110110110100100101011010101111010100000000000001011111111111110111111010101011111111011000011111010101
101010110100110110000000000001100011111101011111011111000001011000011000000101011011000000010110110011111
100000100110010100101010111100001011010001111101111110010100000010110010110000000000011110110000000111011
111110001111000110111010100001011110000111110000101011011111010110100110011110101101111110100111010000001
100011100001101100110010110111110110101110000110000000011000010100110011010000111111100000110111111010101
111000101111001110011111111100000000101100111100111111011111111111111111111010110010111011100000001111111
100010000011100011010000000001010111111111111001100000010001101011101010101111111000000011001101111101011
111111101000001111111101010101010100011011000011111101010101100000000000000000001101011011101000001000001
100000001101100101110001011111111111010000010111010001111100001111011011101010100001010001101101100010111
110111011101001101011111010010101010000101011100000101000001101100011110001110111101011011000111001110001
111100010001101000001011111000000000110111111111111111111100111110110100101000100001011010010001100011111
101110110100101101100001101101111010100110110110111010101111100011100110101010111111011010110111001000111
100000110110111111111101000001000011111100000010100010100110111011110000101111100000001010100001101010001
111101100100100010101101111111101111011111111010111000110110101010000111111101111010111011110101101010101
100001101110111000000001011010111000000001011000000010010000000011010110000000000010011000110111111011111
110101101100100011101100000000000010110100000011011111000101101000011100110111110111001101100001100000111
110101100110111111001110110101010111100101110111111110010111111110110001111111110001111100110101101010001
100100111111111101111010111101011100001101000110000000111110100000110111000000000111000001111100101011011
101101100000000000000000101111111111101001101111111110011100001110010111111111110001010101011001101110001
100101111011101111111010100111110110001101001001010000110001101100110101011000000101010100001011111000101
101100110011111000000010110001010000101001011100000110100111000110011100000010110101011101011000011010101
100110011010111110101011100100000101111101110101010100110110011111001111110110100111011001001101011011101
110011111110001000101000110101010100110111000001011110110111000011101000000110110011011101011101111011111
110111110100100010111111111111011111100011111111110000110101010110111110110100011011001101011000101000001
100110000001101010011000000000001100001000000000000110110100010110000000110110110001011001001010001010101
111111111111111111111111111111111111111111121111111111111111111111111111111111111111111111111111111111111
