1111111111111111111111111111111111111111111111111111111111111111111111111111111111111111111111111111111111
1000110110100110110001001100000000000010100011000001010110011010110011000001101101010101101010100110000001
1110100000101100011101100111111111111010101000011100010010110000111000011100001100000000101010101110110111
1000111110001110110101110101101111111010111111110110110110111110000011001101111101111110000000000100010001
1110110000100000010001000000000000000000010101110100010100011011011111011111011000010011011011110001110101
1010111011110111011101111111010101101011000101010101010110110001010001001100001011110111111001111011011111
1000000011011100010101011000010101001111110101010111010110111101010111111110111011000001101111011000001011
1111110111010001010000011101010101111101110000000011010100011000000010101100000000011111000010001101100001
2011011110000111011101000111110101000101011111011011010111011011011110101101110111000001101110111100110111
1000011000111110001001110111111101110000000011110010000010011001111100000000010001111111000000000111111101
1110111111111000100011110001011111011111111010111000111011011011110001111101111100000000011111111111000001
1010110111000010110110011100010110000000000010001110100000001000010111001101101111111111001100100000011011
1000010101111111111111010001110111111111111000111000110110100011110001011111100000000011100101101110110001
1111000000000000000000011101010101101010011110000011111111111000100111001011001111111110110000000011111011
1011110110111111111111000001010101000011010110110110000000000011101110011001011010111100110110111111101111
1001111111111011000101111100010101110110000011111111111111011000000000111101000000000001100111110110100001
1011010011000000010000000111000000100010101001011101010100011010110111110100011111111111110000000000001111
1001011001110110111010110000011110110111111101010000010110111010010000010001011101111111011111111111111011
1011010011011111101010011111111100000011011000000111000000001010110111110111000000000001011011101101101001
1011011011010000001111110001100111111000000011010100010110101111110000000001110111111100001000000000000011
1000011011011101100101000100110000011111110110011110110100100000010101111111111110000111100010110101111111
1101000001010111110000010110000101001111000110111000100110111010110100000000001000111111111010010100101011
1101010100000011011111011111101101100000010100101010101100110011100110101111100011111000001111111110000001
1001011111110111000001111101111111111110110110100011111110011000110110100001101111000010100000000010101101
1011111011010101111011110000010111010000111110110110010100110011100110101111000000010111111110101110100101
1111000000000101100011000101000000000110011000100011000001111000110110100111111111111100000011111111101111
1101111011010000001000010111101011101100110010110111111011111010010110110001011110011101111111011011111001
1001011111111010101101010100101011000110110111100101000000110010110010100100000000110101100000000010111011
1101010101100011101101111110001110010110110011111101110101110110111010110101011010000000001101011110001001
1000000101111000111111101000100011111100110110000000000101000111100011110101001111011010101111001000111011
1111110000000011100100000010111111101110010111010101101101010000111001100101011101001010100111100011111001
1100000101010111110001010111100010001000110100010101001101111011111011101111000001011011110001101000101011
1001101101110000011011011110001000100010011101010111101100110000001010000111101011001111011101111101101011
1100111001000101010010011011111110111010110001010110001001100101111110110001101111100100011100001100101001
1110110011101101111011110000000111111011111101011100101101101100011000011011100001110001010111111110000011
1000011001101000101111111101010000000000110001011001101101000110110010110000101011010111000010111011110111
1110111100111010001100000001011011010101111101001101101101101100011010011101111111000001111000000000010111
1000001111110011111001010101011110010100011001011000101101000110111010111000010101110111110011101011010011
1101011010000110001101011111110100110101001101001011101001101110110010001111000000110000011011111001011001
1111010000110011100001110000100110110101101101011000111101100010111010100110010111100101001000011011111101
1111110101111011111100111110110000011100101111001011111111101010011110111111010000101101011011110000001101
1101111111100010000111101000000110110001111011011010101011001011000110001100011011111001011001111011111001
1000011010111111110010100011011100011101100000011110000000011001101100100110110011001011001100011000001101
1011000000000011011010111011010001001100111110110000110101001101100110101100011000011111100101011010100101
1111011110101110000010101001011101011111111100011101100101011111101111111110111101110110001101001111101101
1101011100100000111000000011011101000011000001001100110111000010101101011010110001110011011001100000101101
1000010001110101111010110111010001101111010101100111111100011010000000001010110100011011111101111011111001
1111110101000111000010100101111100100001010101001111011111001111010101111011111101001010010100001000001011
1000000101010110010110110000110001101111011101101100010101011100011100000001101001100000110110111011111111
1011010101011111010100110111111011000111000101000111000000000111011001010100001100101010100010011111101101
1011110101110000010101110000110001110001110111110110010101101100011011011101111001101010001111001100000001
1001100111111110110111011010110100110101110110110011111101001110110001110000001100101010100001100110110101
1101001100000000111110000011100101100100011100000111101111101010011011111101111101111010101100110000011111
1111101101111010011000101000110111110110111111111100000000000011011000011000011000110011100101111011000111
1010000111000010110010111011100011000111100001011001111101101110011011111101111111111011111111011010010001
3000101100010110011011100011001001010001110100000011000001000011011000011000000011011000000000001010110101
1101101111010100111111110111011101011011000101101111011101011011001010111101101000001101011111111110111111
1001001000011101110110000100000111010001010101001100011001001011011010000101001011111001111110111000000001
1011101011010001100000101101101111010101010101011111001101011111001010110101101000001100000000001110110111
1110111111111011110101100101000001010101010111010011011001011000011011111111111011011110110101100010100001
1000000000000000111101001111010101010101010011111000011111001101111001000110000011110000110111001111110111
1111111111110101101001100111011101010101011010001111000001101000101100010100111000011010010001100001010011
1000000111100101100011101100010001110111011111100000011011001010001111010101100010111010110111001100011001
1111110000001111110110000110110100010111110101001011011001011110100001010100110110001010011111100101001011
1000000111011010111100101100100110110100110101101110011011001100101011111101100111011011001000110101011001
1010110111110000000001101101110110111110000000000111011001011110101000100100101100001111100011111101010011
1011110100000110110100111101100100011011101011011100011011000010101010001111111110100110001000000101111001
1111000111010100110110110000110101010011001011001110110011010110101010101011010111110011011101111111001011
1110010110010101111111110101110101011010011010011000011011010110101110100000000101011001111000000001100001
1000110011111101100000000111100101011000110011010010111110010110101100110111111100001100001101111111110101
1110100111100000101010101110110101111110011010011010001100111100101110100000000111101001100100000000110101
1011110100001110101011101000000111110110111111111110100110000110100011110110111111100011001101110101100101
1001011110101000101110001110110011010000000011000000101111010100101011000110001100001001100100110111110111
1101011010101101101111101000100110000101010111010110101011011110101011010010111001101011101110110000110001
1000000000101001101000001110110011101101010001010100111010001100101011110110001100111010111000010101111011
1101011010111100101011011111100111111001010111111110110000111110111010000011011101111000001010111100001011
1111011010100001111111111011110000001101010000011000111110000010110010101001110111100010111110001111011001
1100010010101011100100001010000101111001011011010010100000101111111010101100000110110111110110100001001101
1001011010111000110001100000110101110011010001110110110101100000110010101001011110100000000110110101111111
1111011010100011111011001010110101000110011011000110100111110110011110101101011000001010111100110100000011
1000011010101000101001101010110111101110111001110100110001100110111000111101110010101110110110010101101001
1101110010101110100011001110100110000010110011000101100111110110110010100000010110100110000110111100101011
1101111010101000111111101000101100101110011010010101110011000010011010101101111100101111010010001111111001
1000011010101010100000001101101110100010110011011100110110010111010011111000000110111100010111100000011011
1101001111111010111111101001000110101011111111110001100011010001010110000010101100000110110011111111001001
1001011000000010110000001011101110101000101111111011110111010101010011101010100110101110111000001111101101
1101111011011010111010101000100010101010000011000010000001010111010111111011101100101011100011100001100101
1001000011001110100010101101110110101010101111101010101011110001010110000001100110100001101000110100101111
1011010111101100110111100101100011111011101110101011101111000111011100110101101110101111001101110101100001
1011110110001101111101001101001001100001101000001110000001010011111101100111101011100111101101011101101011
1001100011100111101000011001101011110101101010100111101111110110100111110111000000110101111000000100111001
1011110110001100000010110011111000110101111011110100000001100000001111011100010111100000001101010101111111
1011000011101111010111111011000011110100001110000110101011001010101101011101110111111111111001110100001111
1011111010001000010000001110011000011101011000101100111001101010100001010001000000000000001011000101100001
1010000011101110111011111100111101000101110010100110011111101011110111000101011010110111111111101111101011
1011011011101000110000000110110001101101111010101111000011001000110001111101001010010000000001100011001011
1110011110001101110101101111111011101000001111100011011011101011111011000001011011110110111011001001101001
1111110110101101100100111000000000111101011001110110001000111000001110010101110000011100001111101011111011
1011100100100101110110111111111010011001001100000011011101100011100011010100110101111110100011001000011011
1010110001110101000011101100000010111101111001010111010111111000110111111110110100000010101111101101110001
1000000100110111101001000110101010000111100011010001110000000011111100101000110101111111100110111101110101
1101010101100100001100010111111111011110001010010101100101011011000110000010010100000001110000110000011101
1001110100110110100101110100000000011000101011011101110101110000010011101010111101111100110110011011000101
1111000110011110110100011111011101001101111011010000110101100101011110001010011000011111110010110001110111
1000010011011000100101001100010001011000110001011010110100110101000011011010111101000000011010010101000001
1111111111111111111111111111111111111111111111111111111111111111111111111111111111111111111111111111111111
