11111111111111111111111111111111111111111111111111111111111111111111111111111112111111111111111111111113111
10010110101010011010101010000010000001100000000001100000011000110101100101000010101010010001010100110100101
11000000000010110010101010111010111111111111111101111110111101100101110101111000001011010111000101100001101
11110110101000011000001011100000101010101001011000111000011000110101010000111110100000010101101100111100001
10011110111110111111011011001110000000101100000010101111001101100101010111101000101111010101101110101001011
11001011111010011000010001111110101111100001111110000001100000110101010001101111111000000101100100101011111
11100001101010111111011100011011100000111111011000111111111010000101010111100110011111110100110101100001101
10111011101000010100010001111001101111110100001110000011011011110101000110101111000000000101110100111100101
10100000001111010111010100000011000010100111100100111110001110000101011110101001111110110101010101110001101
10111101100111000000011111111011101110101111110110101010100111110000001100001011100010100001010101011100001
10111111110001111111011111000001100110101100010000001011101100111110111101100000101000111100000101010001111
10000010100100001100000101011100110110101111011101100001101110011000011000110110101101100001011101011101011
11111000001110111111110101111110000000000101010111001111100110110010111110010011101111111101001100010100001
11101111101000101010000100110111111110111101010011100110110000011110010100111111111011010111100111010101111
10001101111110101011110001110011011100011001011000110100111110110100110101101010110000000110101110010000001
11101101010000000001111100011000000110111101001101110101100000000110110100001010111111110000100011010111111
10101101011101111111010001110010110010011000011000010101111111110000000101111010011011011110111011010101011
10000001001100111100010100011111111010111111011111000000101101111111110000001010110011011010111010010000001
10110101100101100111011110110000000000011011001111101111101000001100000111011010110110001000101011010111111
10100100110101101100011010111111111011001010011000100110101111011111110101111010110011101110101011010000001
11111110000000100111011000011010011111101010111110001100101110010100000000110000011011101000000001010111111
11101011111011101100011101110011010100101000010111101110101011010111110110011010110000101011110101000011011
10001000100011001111010100011000000110101011110010101010001011010010100011111011111110001110011101011111001
11101110111011011011010101111111110000000001100110100011100000011000110110001001010011100110110001000101101
10101000110011011010010101010100111111110100110110001111111110111011110111101011000110110010011101011101001
10101010011000011011010101010101100000000111100110100010101110110001100011000011101100011010110000010101011
10000011001111000000010101010001111101010011001111101000100000100111001110011110000110110010111111010101001
10111111100000010101000001011100100111110111101100111110111110110001101011001100111110011010101100010101011
10110000110111111111111101011110101110100011000101111110011100000111100011011001110100110010101111000101001
10011010000110001010100000010100001100001001101100101011000111110011001110011011100110011010100011110001011
11011110111111100010111011010111011111101100100101100001010000000111101011010010110110110010110110111011011
11110100100011111010000010000001010110111110101100101100010111010010100011011010100110011010010110101000001
10100111111010111010111111110100000110111000101001111111111111111000001110011000110111011011010110000010111
10110010000000101011110110100111101100100010000011011000101001101111100011011011110101001010000000110110111
10011011111110100001100010110100101110101111010111001110101101101000001110000001100101101011111101111111101
11010001010100001100001000111110001010111111110101101000100001100011101011110101101101001011000000000011001
10011100000110100110111110101011100010110010100001001110111011111110000000110101001100011001111011111111101
11000001110111101100100000000010111010111010111011011100100001101111101011100111100111000011010000110011001
11110101100101000111111010111000101000011010010011010110111101101010001010110110001101011111010111111001101
11110101110000011100000011110010000011110011011001010100010101100011111010110011101001001010000010110011101
11011111011011001111110110000111111001011000001011000111010000101110011010100111001100011000101000011001001
10001011011110011011011111111100000011011110100001110000011110000011010010101101011111001101111111111101011
11011001001000110000001010100111011001010111111100011101000111110110011000001101010101011000110111011000001
11011101101110011101100000001111111011010011010101111111011100110111000011101101010100011101100000001111011
10001000000011111111111111100100000011010110000000110010000110000001101110000000010111001100111011111110001
11100011011001100110101011110111111011000010111101111010111111111011111111011010110010011110011001011010111
10111111111101110110000000000110000011110111111000110000011011110010010011010010011011011110110011010000011
10001110101101010111101111110110101000000011001101111111011010011010110111111111011010001100100111011111001
11011010101100000010111100000011101101011011101000101010001010111010100001100110001011011110001101001100011
11010000001110111010110111110110001111111010101101101011101010010000101111001111100011010110100000011111001
10011110100010100000000110110111111010110010000001100000000011011010101111101101111001010110110101110011101
11010111110111111011010000000010110000011011111101110111110110000010001001100101001101000110111111110110101
10000000110111001111011101011000000111010001011101010100000111111111100011001101011001011110101010010100001
11111101100010011001111111111101111101011101010101011111110100101100001111101100001101011010001010110111011
11000000111011011100110100101001000000000000000100011010100110000111101101000111100001011010111010110101001
10011110000000001001110110001111111110101111110101010010110111110100001101101100111101010000101010010101011
11111011101111101011010111101110100000111000000001111010100011000001100100100110000000000111101000110101001
10110001111110000001010101000000111111111010111100110010101011111101110110101111111110110101001110010100011
10011011011000110100010101111110000011101011110001111000111001101101000000000101111111110000011011000001001
11000000000011111111010101010011111010101111011101101110010011000111111111011100000011100101010011101011111
11111111111111011010000001010111101000000110010000101111010111110111000001010111101000110111111001101110101
10000000000000010010111101010110100010110011011110101010000011000001111100000011111110000010101011000010101
11111110110101011000100101010110001111111000010110101011110111110111010111101110110010111110101001011110001
11001111111111001101110000010011111101111101000000101000110010100110000111001100011000101100001100000011011
10011001001100011111011111010110110000110111101110001110100110110011101101100111001110101110111001111000001
11011101101111001010011110000110111010010111111011101010110110010110000000101101011010100110110011101111111
10000001000011100010110000110110101111010101010000000000110111000111111110101101010000001110110110000111001
11111101110110111000111111110110101100000000000101011110100101011101001010001000011101111010110010111101011
11101001100000000010001000000000001101111111111111010010001101001101101011101111011000101010011010000101001
10101100001011101111101111111111011111000000000011111000100100011000000001001000010010101010110000111100011
10101111111011111101101010101010001011111111111000101010110101111111111101101111010111101010011011101111011
10001011111110010000000000000011100000110111000010000011110101001100010101100100000001100011000000000111001
11100000000111011111111111111010111110110101110111110110000000011111000001110111101111111001101111111101011
10001101010001001101011111100000110000000100111110010011110111001101111101000001100010110011000001110000001
11101001111100011000000000111110111101010001101011011110111111011101100101111100001110100111101011010111111
10111111101111011111110110000110001111111011000001011100100001011000110001001111101010110010101111010100111
10010110000000001010111111110100111010101001111101000110111101011110011100011011001010100110100101010001101
11010111111011100000101011100110101010101100011001110000000000000010110111011011100010101110001101000111001
10010100111110111110100010110100000000100111000011111110111111101000000111010000001010001011011100010001101
11000001100100101000111000000001101010001101111011000011110111111010101100000111101111011011010101111111101
11111011110110101110100010101111111111101100010001110110010000011111100111111101000110000001000000101010101
10011011010100000110111111111110010100000111011011010011011111010101001101111101110111110101011110000000001
11010010010111110100111001010011010111110110000000000110011011010101101000000000000011011101001110101011111
10011011000001100001101100011010000110100100111011110000110010000001100010110111111001011000011011111110001
10110001111100111100001111011011010010110110100010000110011011111011111110111110111101011110110000001111011
10111101011110001111100000011011111000000111111111011111010000000010101111101000000000001100111011111011001
10000000000111100000001101000000101111110001011001111000000110111000000011001111111110111110010010110000011
11011110110000001111111111111010001101011011011100001010101111111010101001101010000000101000110110110111111
11110000100111111101110110111111011000000001010111101111101010000010111100000011011110001110000010000000001
10111101111101010100010100000101010010110100000010101101111011110111100111111011110000111010111110111111111
10000001000000000111000111010000000111111101101000001000111010111101110001110010111110000010000000101101011
11110111111101110100010001011101110100001111111111101110100000000001011100010110011011111000111111100000001
10000100100101010111111100010001100111100110010011000100111111111101011111000110110011100011110100001111111
10110110110111000101101001010100110100110111011010010101100011010000010111110100000110111011010001111110111
11111110000000010000000011010110111110000010000000110000111000011111010101000111110010110000000111011000001
11001100101011010111010111111111100011111011111111100101101111010100000000010000111000110111111110000010111
10011111101110010100010101111101111011010010011100001101000011010111111111011101100010000000010000111111111
11001101101111111111111101010000000000011000110001101100011000000101011111111101111111101111000110000011001
11011000111011001000000000010101111101000010000101000110110011110100000000100000011000000001101111101001101
10010011110001101110111111011111110111011111110111101111111011010111011110111111011111101111111001111111001
11011001100111000111111000011011010111111100000100001010000010000111111000000000001011000111111011010110011
11011101001101110101001111000000000000100001010111011011110111110101101111111110100000010001100000000000111
10000001100000010001101100011111111110001101110110010000111100000000000000011000111111010100001111111101101
11010100110101011101001111111010111100101101110111011110001111101011010111000011110000010110100110000100001
11010110000111000101101010100000000111101101010100001111100000001111111101111111010101110110110000101110111
10010011010100010000000000001101010000000101000110101000001101011000000000000000000100010110010101100110001
11111111111111111111111111111111111111111111111111111111111111111111111111111111111111111111111111111111111
