111111111111111111111111111111111111111111111111111111113111111111111111111111111111111111111111111111111211
101011010101100100100110110001011101101010011000110101000101101010100110001010011000000000101000000001011001
101011000000110110001110011101001000101010111101100001110101100010001100100000111011111111101011111111011011
101011010110010000111010110000011011100000101000110111110001001110111110111111100011010110100011001101000001
100011111111010111110000011111000000111110101011110101010111011000011010110001111001000010101111101000011111
101110110000000010011011110000010111111010000011010000000000000011110000010111011011011110100110000010111111
100000011111111010110000011111110010101010111001010111111111111111010111000000000000001110101111011111100001
110111111011001010100101110101100110100000001100000000000001010001000011010110101011101010101010000000001011
100101101001100000101111100100110110101010100101101110111011010111011001111111111111000000000000111111101111
110001101101001110101000110110010000001110101100100110001111000001011111101011100101111011011011111111100001
111011001001011011100011100111000111100011101111110011011000010100000111001010110101011110011000000000111011
100001101101011001101110110101110001110111100110111111111110111101011101011000010001000011011011011111111111
111101100000011100100010110000110111010000111110001100101100011111111000001101000101011110001110000000000001
100001111011110101101110011110000001011111111010111001101001110110101101111001011111000011111111111111101011
111100011001110001100110110011110111001011100000001011001101010000100001111101111011011110101000100001111111
100110111100011011110010110110110110011000110111111001101000000111101111001100101011000010100010001111010101
110100011001110001100110110010100010110011100111010011001011111100000110011001100011011110101111100000010101
100001110011011011110110110110001110110110110101010111101011100110111110111101111010000110100000110101000001
111100110110011001100010010110100000000000010101010010101010101100100000011000101010111100001011111111101111
110110000000110011001110110110111111111111110101000110101010000110101011111010000000001001101111011010100001
100110111101111001011010100010001000001101100100011100100000111110101111000010110110111011111100001010110101
110111111000001100010000001000111011111001101101110101101110000010101101101111111110000010110101111010011111
100011001101111001010111111010101010011011101101010101000110111110000101100011011011101000000000100010111001
101001011000101111010001111111101010110000000000000000010010001110111101001000000000101010101010001110001011
111101001110000110000111000011001010100101010111011010111011111000011000011101011011101011111110111100100001
111001100100110011010000011111100000001111110001111010011001001101111011111111111111111000000010000001110101
100011110101110111011011111000101110111010111100001011001101011001101010101000000110001101111111011100010111
110110010101011100001010101110000110000000001111111111111100001100000000000011111110111111110001000101010111
100011010100001001111000000000111111011011111000001110110111011101111010101000000000101011010111111111011101
111010010101101011111111011111111001011000000011111010010011000001011011111101111111101000000001110111111001
100011000000101000000011110001001011110011111111001010110111010100001111010111110000000010110111000000001101
111011011111111011110110100111011010011111101101101000010001111110101110000000000111111111111110011111111001
100000001100011010011100001110000000110110000100101011110111101111111010111101110110100101101011010000101011
111110111001111010111111100000111111110110111101101000110110100101000000001111110110001100000000000111101011
100000101100101000000111101010100101010110011001100011100010101101010110100011011110100001101101111101000001
111110001101100010111100101111101101000110110011101111111000000000010011111011001100110100100100000001011101
110000111101101111110110101101101000011110110110100000110011111110110110011110011001100110111111010101000111
100110010101101011000110000000000011111100110110001110000111111111100011010110110011111110011011111111011111
111111000101101001110100111110101001110110110100100010111100000000111110000000000110011011110010111010000001
101001110101000011010110111011111111010110000001110110000110111101110010111111111111000011111000010000101101
101011000101011111000000000001010101010110110111111111101110000111011010011111011101111000000011000101101001
101001110101010101011111111100000000000000110000101101100000111111010010110000000100101101111001101111111101
100011010101010000000000000101010101011111111010000000111110001100010110111011111101100100011111111010110111
111010010000000101010111111111110101000111001010101111111011100110110100001000001100101101110000110000010111
110011000111101111010000000000011111111100011111111000000000111100000101111011111110000000000111100111110001
100110011111111011111111101011111011101101110101111011010110010110110000000000010100111111111101110011000101
110111011000000000101000111011110001000000000000101011110011010000010111111101110101110101100000110111011111
100001000011111110001101111110000101011111111110000000110111110110110000000100010101000000101111100100001001
111101011110100111111001001110111111000000000111110101111100100010010101011101110100010111100101101101111011
100000000110101101011011011010111011010101110001111111011110110111111111011100010101111110101101100000111001
101011010000000101001000001010101001011111111100011111010100110100000001110101110000001000000000110111101011
101110010110111100011011111010101100001011011101110101010110110101111111100111110111111011111010000010101001
101110110010000001000001101010101101100011000100000001010000110000001010110011010111000000001111111110101011
111000111010111111010100000000000000111110011111111111011011110111111000011011010000010110101100000000000001
111110011010111111111101110110110101111011001010000001010010100000000011000000010111111111111101010110110101
100000110010000001100100010100010100000001011010101101011010101111111111101101000000001011010101111111100111
111110111010110100001111110110111101010100011000101111011010000010101110111111010111111000000000011100111111
110000001010010111100000011110011001010101000011111011010000101000000010000011011111000011111111110001101001
100110111110110001110110111011110011110101011111010010000101111111111110111111111000011110000001010111101011
101100000011110100011100000000011000011101000110010110111111000001110100001110110011111010111111000111000001
101101111110000101111101011011110010111001010010110000010000010100000001111010011000000000000001011101110111
101000000110101100000101111110011110101101111000000111000111111111101100111010110011010110101100001101100001
111101010010101101101100110000110000001100001101101111110000001000111001101010000110010010100111100101101111
100001111010101101101110000101111101011101011101000000011111100010111011000000110011010110101111110000000011
110100001110100111001011101100011111000111110111010111000000110110001111101111111011110011100000011111111001
100110100010110001100000100101000011011110110111110011111010011111100101000001101000110111111111111100111111
110011110110110101101110111101111110000100010000011000011110111100110000010100101010110100001110110101101111
111000010110011100100110001101111111010001110110110011000010110001111010111110001011111101111010000000000001
100011111100110001101100101100000011010100000011111001101110000100110010000110101001101000101011011111111011
101000101110011011111001100110101011011101010111011011001011110101100111010110111100000010000000000000001111
111010000110111000001101110111111011010001110000001111100001111111110011011110001101111111110110111010100001
100011010100110011100111000000001111111100010111111110001100000000110110000010111100000001111110001111111011
111001010110111000110001101010111110100001110000000011111101110101100011011110110101010100000010111101011111
111011011100100010010100101011100010110100110101111000000100011111101001001110000101011101011110010000001101
100001000110111011010110111000001110010110010100001011101101000000101011011010101101000101011111110111111001
101011101110100001010010110011111010111110111101011001100101010111101110000010111001011101110001100011111011
101110111000101011111011111000000000001100011001011100101111110000100010110110001101000100110111110110000001
100000001101111000001001100011010101011111011011001101100000110111111010100010111001010110000000000000111011
101010101111000011011011001011110101011011010001101101110110010000001111110110001101010111010110101010001011
101010111000011011111111011001111111000011110111111111000011111010111001010110101101111100010111101011111001
101010110011010001101101111011001011101001100010000001010111101111101101011111111000000111110000101000011011
101011111111110100000001100000011000101011001000111011010010000001100000001011111101010111000111111101110001
101111100000000101101111001011000011111111111010001111011000111100001101100000101111111100010000110111111011
101110001011110101111111101001010110110100011010101101111110000101011111111111101010100111011010000000001111
111000111010000100000000101011010000000001001110100000110000101111111111011010100000001100011010110111111101
100010110011101110110111101011011011111101100010101010011101100110101101011000101111111101011110010010101001
101010100110001000110000101011001000000100110111111110110000110000000000001010000000000111010100110110001011
101111110110101010010111111011011110101110011111111111111011100110101010111011010111110110000110111110111001
111101010100101111010000001011011000100011111010101001011011001110101010000001110000010110101100000000011011
111000000110101100010101111110001010111001100010101011011110011100111010111011000111111111101101011101000001
100010110100111110110100000011101110111100111010000000010111000110001110001111110000000001101001000101011101
111110110110001100100110101000101000000110101000111101000001101100100110100010110101011111001101011111000101
100000010011011110110011101111111110110110000010000111111100100110110011101110000101111111111111000110011101
101010110110010000111000100000111000010110101010110010111101111111100111111111110100110000001010011111011001
101010110011111010011011111010001110111100101010011000000100000000110000000000010110000111011011011011111101
101010110111100010111000011011111100011101101110111111111111111011111101010101110100110001011000000000001101
101010110100001110100011111000111001000101100110000000000010111110001101110111111110010111010011101111111101
111111100110101100111000101111101111101100110010101010111000000000111111000000011000111101111010000000000101
110101001100100101100010000001100110000110110111101010011010101010001011111011001010000000110011010101110101
100001011111110111111011011111001100101100110000111011001110101111100010001001101011011010011011011111011111
101100011000010111000011000000011110100110110111111111100011100001111110111101101001011011001110000000000001
111101001101000001010110010101001010110100110000001101101111111111011010000100111101111001100011010101011111
100001011101010101110100110111100010100101100110100101111110111101011010111110001100101011110110010101010001
111101011001110101000101100000110110110101110110110000001010100000000000001011011110001011000110110101000111
111001001101000111010100110101110111111100110011110110111010101111010101100011000011011111111100100111010001
100011111111101111010101110100010011100001111000010100000000001101111100111111010110000101111111110001010101
101001100000001100010100010101011000110100110010110110101010100000000110000001010011010000000110000101010101
111111111111111111111111111111111111111111111111111111111111111111111111111111111111111111111111111111111111
