1111111111111111111111111111111111111111111111111111111111111111111111111111111111111111111111111111111111111
1010101000101101010001010010101001010010101010111101011000001010101011001100100000011010001101000001011001011
1000000011101001011101011010001101010110101000011001001111101000001001100110101111110000111001011111001100001
1110101000101101000001010011011000000110001110111101011011101011111011001110100001011101101100000101100101111
1000111110000001111101010110011011010011011010100001011010101011001001100100001011001101100101111101101100001
1110100000101100000000000011011010011000001010110100011000001001100011110101111110011000110000011100100001011
1000110110111110110111111010001111001111011010111101111111100011110110000000000111010011100101110101101011111
1010110100100011111100000011101101111110000010101000101011001111110011110111111101010110101111000000101110101
1110100111110111011111011011000101101000111000101101100001011101100110010001100101000110000001011110000110101
1111111101100110010111111001110101000011111110101101111100001001101111010111001100010000111111010010101100101
1000011001110011010000101101010001101110000000101100011110111011001101010111011110110110000010000111111110001
1111011101011010011110001100010111111100101010000111010000011001100101010000000100010010101110111111100100111
1000010101010011011011100001000010110001111111110101011110110011001101010111111101111011100000011010110101101
1111000001011001010010111101111000111111011101110101001110100111101001010000000000001000101011001000000000101
1101111101001100011010101111001110010110001001000101011000001101001101010110101111111111111111111011111111101
1001010000011111011000000111101011010111101101110101011110111101100101010111111000100011111101001000000100001
1100000101001101011101101101001001010011000001010000001010000100110101010101010010001000101001101011111101111
1111111111101101010111001101101100010110010100000110100000111101100100000001010111111111100011000000011000111
1001010000001000000011101100000111000011111111011111111101100100110111101111010000010101111011011111111101101
1101011101100010101000001111110111110111001011111101111000101101100110101000010111110000101010010101010000001
1000000001111010111111011010000001110101101001100000101101101101110110000011000000110111101011000000000101011
1010101111010010100100011011111100000001101100111110001001001100010111011111111111110000001010010101111111111
1110101110000110110001000000010111111011000110000011101101101001110101010110010000010111111010111111101100101
1111111010101111111111111011000101010001110111111010001000101011110001000010110111110001100010101011000110101
1001010000101001101000000010010001011011000101101011101101101010011101011110000110110111110110100001101110001
1101000101111100001111101011010100010001110000000011000001100000110000001100101110110001100000001011000010111
1101111111011111100000001001111111011011011111111000010100101111111011111001111010110111101101011110011000001
1000011010001011111010111111101010010000011011100011010110000001010000000011011000110101000101000110111111111
1011011011101000111111100000100011000111011000001001010011101100000101110110001010000000011111111100000000001
1011010001101110101000001110001000011110000011011111111110000101101100110000100011010101111010110001101111101
1010011100000000000010111000101101011000111011010110101011110111000110010101101001111100000000000111100000101
1111000001110101101010100010101101110010100001010000000000000001011100110101111100101110111101010000101011101
1001111011111111111111111111111111111011101011011011010101010101111110010100001110000010000101010110101000111
1100000011011111010101000000010000000010001010010001111111010100010100111110111011111010111111111111111110001
1001101011010101000001111111000110101110101010111011000000011101110001101011110011111110000001101101010111111
3011111010000000010101011000010100111110101010100001110101010000011100000001011000000110110111100000000000001
1011000011101011110100001111111111100000101111110111000111011010111001111100000011010011100001001011101101111
1001101111101010000111101110101101001010101100000001111111010010001100000111011001010111101100011000111100001
1011001100001011111110100000000000011010100101110101000000010110100110110110001011010000100110110010000101111
1011111111111111110000001011010101010010101111110101111110110100101100110111011111010101110010011010111100001
1010100000000000011101101110010111111010100110000111100000110110111101111100000001010101011111001010000110111
1110111111111111000001111110111100100010101111110011001010010100110000011001010101111101011101101011010110111
1000000000101000011111010000101110110110111101000110011110111110100101011111010111111111000001111110010110001
1111011110000011010000011110100100000011100000010011010100011111110101000001010011010110011111000011011100101
1101111100101011111111010000110001101001101111010110000111000110000101101011011000000110111100011111111111101
1000100111111110100010011111111011101011111111110111101100010110101101001111111010111110100001000001110100101
1110110101010110111011000011000000101110111000000001100111010110100101101101000011110100001101011100000001111
1010100100000000110000011000011101111000000010101011110011010011110101100001011001000001100111111001010111011
1000110111111010000110111101001100011101010110101001010111010111000101001011001100011100110010101111110010001
1010000001011111010100011001100101010111110110101011000001010110010101101111111001000110010110000010111110111
1110110100000100011110110011001111110010110011111011010111011111010101000110000011111100110000111110011100001
1000110110110001001100100111101000111000000111000001010011110000010101101100101000011111111110011010110001111
1010010110100101011110110110001010000011010001101011011000011011011101000101101101000110000111000000000101111
1011010110110101010100100011011011110111011011001011011011111011000111010101001001010111010001101110110100001
1111010111100101000110110111110010000110011010011110001011000010011111110111101011010011011111111111111101011
1001111101111101011100110010111010110011011011000011011111101011000000111110101111111000000000000000000111001
1101101100000001000110100110001110100111010011010110000001101001101101101100001100000010111111111011111111011
1000000111010101011100111111100000110001111011010011010100111111111000101111100111110110111111011000000001011
1011010001111101001110110010001110110111100001111011010101100000000010000111110011000100000000001101111111001
1010011100000001011000011000100010100110001101101011011100110111101010110000110110010101010110111000011101101
1111010001010101001010111110110111110110111100001001001111111100001110010101110111010101010110001101000001111
1000011011011101011111101100010110000011110001011101100011000001011000111100010001010101010100100111010100001
1010111110011001001100001001010100101110000101000101111001101101110010011001110101011101010101111111010101111
1111101111011011101101100011111111101000110111010111011011001001100110111100011101000101011100010101110100001
1101000000001110111111111000011101001010100001110110001001101101101100110001000101011111011001000000110101101
1001111010100000111000000010110000011011110111000000111011001101101110110101110111001100011101101111100100101
1100000010110111101110111010110101011110000001110110011001100111101000011100010001101111000101100001101101111
1001111010110110000000100010110111110111010111010011111101101110111101001101010111100111101111101111111111011
1101100010011111111101110111100100000010010000011000001101001100010101101101110000110100000110000000000010001
1000101011010010000000010001110111111000110111111101111111101001000001101101110111100110110011110111111000101
1010101001011000111011010100111100011101100000110000000001101011111101101000010011110110100111100000001101101
1011101101110011100001010111101111000001101010011101101111111010000000101010111000010011110000111010111111111
1001101101100111001011110011000000011011001111111111100000110011010101101010001101111111000101100010000010001
1101101101110100011001100110011101011111100011110000110101111010010101001011100100011010010100101010101000111
1101101100111111011101001111110001010000001110010110010100101010110111101001101110111011010101101110101010001
1001101101101001010101101000000101011101100000110111010101101111100100001011000011100000010101100111101111111
1101100111001100000101001011111101011111101110000001011100101101001101011001011111001010110100110000100000001
1001001111100001110101011010000001110000000110101011111001100000011001001101000001101110010101100110101011011
1101101101111100110101010011010100011111101100101000001111001101001101101101101011101100111100101100101001111
1000111000111001100101110111110110110000000110101101100001100111011000111101001110000110001101111110101100001
1010100010001011101101100110000011110110101100111100110111111100001101111001100011101111011100001111100101011
1010110111100000101101111111110110000111100110000110110111000001011000001101001010000001010001100101111101001
1110111101001010100101011011000011110100001111011110010001101101110010111111101011011011111100110000000101011
1111101000011010110101010000010111111101100110000010111011000111000110000010111011001011000001100110101111111
1011000010110010110111011110111100001001001111011111110011010100010011011110111111011011111101111100111010001
1011111010011011100111000000011110100011011001011101011111010110111111000000101110001110000000101110000000101
1001000010110001111101111111000011110110001100000000010101011100100000010110101011011000101010000110111110101
1100011011111111011001000110010111000110111111010111110101000111101010110110000001111101111010110110000011111
1101011000110000001101110000111100010110110000010111000001111111001110110110101100100101000010110110111111011
1001010010110101100000000110001111010110100101010000010100001100011000011100100110001111111010110110000000001
1111011010011111110110110011011000010110101111011011010101011001001101010001101100100010111010110110111111011
1111011110110000000011110111011011011111111000010011111101001111111001010100100110110110000011100110111101111
1000000010111111011110000110001010000011011010111000000111111100000011010101101100010110111000110100000000001
1011011011101111111000101100101011010111000010110010110110000111010110010111100110110110110011100110110101111
1011001001100000000010111110101010010110010110111011110010111100011111011100001100111111111001111110011100111
1111011011001111110110000110101111010011010110100001011000000111000011010001101110011011001011011100110001101
1000001001111011000011010110101110010110010110110100011111010011101111111011000011000001100000000110111100101
1111011111010000010110010010101000110011010110111101000011110110000000011010010111101111111011101100011101101
1000000110000101010011010110101010010110011100100001101000010110101111010011010110100001100000101101110000001
1101011111010101011011010111101011010011000110110101001010110110100001010110010100001101001011101101100101101
1001000011110111110011010000101010011011010011100101101010110011101111111111010110101101101000101101101111101
1011111110000010111011011011111010110001111000110101001010010110000110110000010100101000111101111001100110001
1000000011010110001110011000111110011011100010011101101011010011010000011101111110111010111001100011110011011
1010111010010111101111001101100000110010001110110000111011011011011010111100001010110010001011111000110110001
1011110011010101000000011001101010011011101100011101110011111011110010110001111000011110111000001101100010101
1000011011011100011101011100111011010011001101110000011000110000010111100100111010110000001011111000111010101
1011001011010001110001001110001110011001101101100101011010011011010110001110001110011101011000001101110010101
1001101010010101100101100010100011011011000100110101001010110010010100100011011000110001001101011001100110101
1111111111111111111111111111111111111111111111111111111111111111111111111111111111111111111111211111111111111
