111111111111111111111111111111111111111111111111111111111111111111111111111111111111111111111111111111111111111
101010001010101000000000011011001101100110101100010100000010011010110110001010100001010110001010110000011000001
101010111000101101011110111010011000110100101001010001101000111010010011011010001111000000111010110111110011011
101010101110100111111110101010110011100101100011110111111111100010110110010000111011010110101010100000011001111
100010000000101110000010001010011000110101001111000000110110111010110011010111111000011110100010101111111011101
111000101010001011011010111010110011100000011001110111100010011000000110000000101011110011111000000000000000001
101101101011100001111010001000010110110101110011000100001110111011110011010111101000011001100011110111111111111
100111111010001111100011100011110110111100111001110001111110000001110110011111001011111011001000010010011010001
110110111111100000111010001000110100101001101100010111111010110111011111000001101001010000011011111110111000111
100010001100110111100011101101110101100011000101110100001010011100011001101111000011000110111000011000001011101
111010111001100110111010100111010101110111110101010001111000111101111011000001101111011111101011001101101000101
100000001101110010101010110011000001010001100100000111011011110100101000011111001110000001101111111000111011101
111110111100111000001010010111110111000101110101111101011000010101101111011101101000111111000100110010011000001
101000010101101101100011000010100101011111010101011000011011110100001101000000101011111101011101100111000010101
101110110101101111111011011110110101011011010000001110111010110101111101011111100000000100010001110111101111111
101100110100001010010001001010100100001011010111100000000000010100011000010110001010101101110111000010101100001
101110110101111011000100011000110101111011010111110110101110110001000010110010111111111000000011011000100101111
101010010001010001111111001101100101110000000000111111100110000111111111110110101100011101111110001010110001001
100011011011011011011011100101110101011110111111101111111110110110101101000000000101110000100000101111110111011
111010011000011011001010110001010000010100011010100110011100110000000000010111011101010110001101111101011110001
111011011010110001100010100111011011110110110000001110110111100101111010111110000000000010101100000000001100111
100001011011100111111000101101010001010000010111111010100000110100111110000010101011111111111101110101111101101
111100000001101101101110101100000101000101000110001010101111110101101111101011111000000000000100011101110100001
101111101111001000001100100111011111101111110000100000000000010100001000101111011101101101111111001100000001101
101000000001100011100001101101010110000001110101101101011011111111111011111100000100101100111001101101010100111
101111101111111111111101101100000010111111011111111111001000101011001010110101011111111110000011111101010110001
101110000001101100000101001101111110000000001010110111111101101001011000000001000011000110101000010111111100111
101011110111001111110000011100000010111111111000010101100111001011011011111101010110011111101111000001101110011
101011000001101001111111001001111110110111100011110000110111101000010000000111110000111000100001011111000011003
101011111011101011011001101011101100000000111011000111110101000011000101110000011011100010111011111101011111111
100001011011000001001101100000101101111111100001011111010100011011010100110101110000001010011110110000000000001
101101010001110100011101101101100100000000001100000000000001111111111111111111011111111111110000010111101111111
111001010111011111011001101111110001010101011111011111101101110110101110101111000000000011010111110000100101101
111100010110011000001101101011000111111111111011110111111000000000000100000101011111011110000111100111111100001
100111010011011111101101100011101110101010101000100000001010101101010001110000000011111111101100110010010101111
101101011010001101100101101110101000000010101011101111011010100111010100011010101000000010001101100110110000001
101001011011011000110000000000000010111000000000000001111110110011111111111111111111101010111100110000000101111
101101011011001101100111111111111110001011010111110111110010011010001010110101010111111110010101100101011111001
100101010001011000110110000011111111011001011100010011010111111000111000000000000000010111010000001111011011011
110101011101001101110000101000000011111111111001111110000101010011110011010101111111110101000101100001111001001
100101001101101001100111111010111110110110101011101011011101011001100111010111011010100101011100101111101011011
110101011000001100110101011110111100010100000010000000010001011011001101110110001010101100011110111110100000001
110101011111100001100000000111100001000001101000111101110111001001101000111111011000000001110111110000001101011
100100001011111100110111111101101011011111111010001111100000011111100011101100000011101011100001000101100101001
110110111010101110000111000000001001000010001010111011001111110101001110000001101001101000101111011111101101011
100000101010101010111101011111111111111000111110010000011101010101011011011111101011001010000000001110111101001
101010000010100000000000010001010110111101110111110111000001000000000000000000111111101010101111100100000111011
101011011000101101101010110111010000001111010011100011011100011111111010101010011110101011100000110001111111001
101011111110101111111010000010000101100011010110001001111111010000001011111111001010111001101010011100000001011
101110101110000000001110101000101111101111000000101100100111110101111111100101111000001100101011110001011111111
111100000000101010111100101101101010111100010111111110001100110111110010110000000010101101101111011111111000101
100101101010111110000110101111100000110001110000000010100110000011010110010111111010100111100000000000101011101
110000111110000110111100100000101010010101111011101011110100101000000010110000111111110111001010101111100000101
100110100000101110011110110111101011000100011000111001100001101101011000000110000011011101101010111100101111101
111110111010101011110110010000101001101110111110001101101100111111011101011111101000001001101010010110001000001
100000100010100001110010110111111011100110001111111111111110000001000111001011111101100011111011000000100010101
101110101010101100000110110000001000110011100000000000010110101111101111100000010111110110111001110110110111111
111000111010111001010010011011111101111001101011111010110100100001100001110111000000111110101111111111110001001
110010011010011111011111110000000111111100111000011010000101110101001100010001101111101010101101011011011111011
100110111011000110000000011011110010110110111111111110111100011111100111010100101100001000100100000000001010001
111110001111010011011011011000111000010110000000001111111111111011001100010111100001101011101101010111111010111
100000100110010110001111111011101101110111011111111011000000000011111110110011110111000000101001111110101000001
101010111111010011011001110000000100000011000000011001011111111110001100111000110001111011100011101000100011111
111110001100010110001100011011011111010111110101000011010100010000111110011011110100011000001000000010001011101
110110100110110011100001111001000011010000010101101000000001000111110100110000010101001101101110101011011000001
100000111100011011101100001011010111011011010101111011011011101111000110011011110101011000111111111001001111111
101010000111011000101101011110011110011001111100011111110000111100010110111000111101010010000000011011100000001
111110110110001010101101000011000011011100001101000000011010010001111100001110000111111010101111111001101010111
100000111111011010111101011111011110000101101101011110111011000100001110101111101110011110100001110011001110001
111110011010011010000101011101000011011100100101000011101011011111111010100000101000110000101100011111100110101
100000110000110011010101000001101001111111101111010111001001011000001011110111111011111110101111000011001100111
111010011010111010011101101100111111110000100111110000011011000010100001010000111010101110100011011001100110001
100011011011100011000111001110110100000111111100010101111111101111101100010111101010000011110111110011001111111
101011010000111111010001100010000001111110000001010100000000100101100111111111000000110111100100011111100000001
111110011101111000010100110110101100001100111111111111011011110000110000000000011101111110110001111101110110111
110100110000001110110101111100100101011001111110101011111111011111111101010101001100011000010100000000110110111
100001100101101100010100000111101101000011100010101010101110000000000111011111101111110011111110111111111100001
101101101100100110110110101111111001011000101110101010001011011110111111011001100000010111101100000000000101011
101100101001101100010110100000001101011011101100101000111000000111110001010011111011000000000101011011111101001
100111111111000111010100101101101111010000000101100011101011111101000111110111011111101101011101011001111111111
101110000100011110010101100101100001111010110000001000101000000000011101100000000001111001000111111100000000001
100011010001011100111101001101101100011010110101111110000011111111000000001111111011001101010000010101111101011
101001111011000110100101101101100101001110110101110111111000000001010101111101011110011111111111110111000111111
101100110011011100001101101100101111011110100100000000001011010111111111100000000000110010101101010000010010111
100101111011000111111111101001100011000011110101110101101001010010101010111011111011100110001000010111111110011
101111101011010000011110001011110111101001010100011101101011011000100000000000011010101110111011000000011011001
100110000011011101001100101000011100001011000110111100111001001010001010110111001110100010001001010101111000011
101100101010001101111110101010111101101001010010110111100011011111011110011111100110001000100011111111101101111
101110111011101100001011101010000101001101010110000001101011000111110111000000111100101110111110101000101101011
100010110011000101011011111010111111101101010011010101001111010010000011111111111001111111111110100010001000001
101010100111101101000000001110111001100101010110010111011110011000111110101010101011111011100000001010100010111
101111110011000101101110111000000011001111011111010110000011001011100000000000000000101000101101111111101010111
101101011111010101100010111101010110011000001111110110101011011000001010101101111110000011100100000001101110001
101000000000010111111010000111011100111110100110010011101110001011011010100100000010101000001111011011000011011
101011011010110111000011010011000110000110110000110111100010101001001110101101110110101010101011111111101110001
101110010010010001111011110110010010101110111010010110001111101101101111111000010011111111100000000000100111011
101100110110110111000000010011111011101000011011110111100001101101111001011010111001010101101101111011111101111
101110110010110011110101011000001000101110110001111100001011100100011011011011101100000100111000001010110001101
100110011010110110100101011011011010100010111011000111011011001101000000001011101101010001111110111000011011001
101100110010110100110101011001001010101010100000011100001111011001101111111000101101011011101111111011011000011
100110111011100110000111111111011010101110111011000110111000001011000000011111100111110010100000001011000011001
101111100000101111110010000001011011100110100001110110111111011001101101110110101110111110101111111111110111111
100011110101111100000110111101001011110010110111111100101011011111101100000000001010000010100010101101110000001
101110000101010111110000000111101000010110110000000110000001010000101101101101100000111110001110100000010110111
100011010101000111010101101110111010110111100101010011010101000110101001100111001010101011011000001011010110001
101111010111010000000100100000011111100011001101010110010111010111111100110011011110000011000011011111110011011
100101011110011010110111101011000001110110011111011100110011010000001101100110001111011000010110010110111111111
101101010000111111110011111001111111011111110110001110010110010101111101110010111001111010110011000110101010101
100101111101100000011000001100000011011101110110100011010011010100011000110110000011101111111110010000000010101
110000110000110101000011011001011000000000000110101001010110010101011010110110101000000000000011011010101000001
111111111111111111111111111111111112111111111111111111111111111111111111111111111111111111111111111111111111111
