1111111111111111111111111111111111111111111111111113111111111111111111111111111111111111111111111111111111111111
1010011000001010110001100000000000010101000000001010000001100000010110101100011001011010101010011011000100110101
1000110011100000111100101110110101000001101011100011111011111111010100100111010011010010101010110011110101100001
1110111111110110001101111010010111101101111111001001101001010001000110101101000110010110101010011010110001110111
1010011100011111100001100000111110111000010100011100000011011100011100101001010010110110100011011000000111010001
1010110111011001111100111111101100011111000111001111111011001001010110101101111000010100001110001010110010000111
1000010101011100111001110111100001000101110001011011111001101111010000101100101011110101111011011111111000110101
1111000001010101101101010100001101110101011101111000000011000010011110100110101011010100000011010101000011111101
1111101100000000000001010111111001000000000001101011111011111011011000110110000001000001011110010101101011011001
1000111101010110101100000101011111111010111101001111100001100001001110100011111011011111111011010101001111001101
1010000001111111111110110101010111000011110000011100111101001101011000110110000000000000101011010101011100011001
1010110101000011100111100000010101110111011101001001100001111000011110110011111101111101101010010100010111000011
1111110101011010110101001101000001111100001111101100111011011111010000110110001100001111101010110111010010011111
1000000111110000010101101111111101011111011010101110100001010000011110110110100101111010101010100110010110111011
1111101110100101000101111011000001010010011000101010111100011111000000010110110000011010100000001111010010110001
1010111010110111010001010001111101011011000010000010011111010011110101000011111101011010111110111011011000010111
1000110000000111111101011011011000011001110111101000110011000110111111101001100001111010100000100001001111000001
1110011101110100000001011000001101011101011101101110111001011100011111001101110100110010111110101100011000011111
1010110111011111010101001111100111010101011000001100001100000110110101111100111110000110110010000101111101110111
1010110110001101111101011010110110000000000011111110100111011100000100111001101100110110111000111111110101100001
1000110000100101101000001010110100111101101111010100110000000001110101101100101001111100001110101111010100110111
1110011111110101000010100010000001111000111100000001100110110111000000001101101011001110100100000101010101110011
1000110001100001111010111011011011001111100001011011001110100100010101100000101000011011110110111101010000011001
1010000100101101000010100001110011100110111011111111111011110111010111001110000011111001100000110001010111110011
1111011110111001111111111100111110110110000011000101011001011111111111011100101001010011111110000111000101011011
1101111010011101010101000001101100110011010111110101011101011101111101011001111100011001011010111101110000000001
1001101011000000010101111100000110100110010101110000010000010101010000010011010101111011010000011100000111011111
1100000001110101000000000001010000110000111101010111011011000000000101111111000100110000010111110111011111111101
1110110100111101101101111011111110011111110000000110000001110111011111100100010101111111010000100011011100000001
1000100110000001000111000001101111011001011111111110111011000100011000110111110101011001010110101110000101101101
1101110011011111101100010101000000011100011101111000111111111111111110000110100000001100000011101011011101111001
1111100110001110101101010111111111000111000101001111100000001101110111110100110111011111011001000000000000111111
1010111111011000001111011110110111101100010001011000110111100001000100000110111110000011111011011011011101101111
1000011101111011011011110000000000000001111100000011111110111101110111110000011011011010100000001001010000000001
1111010000100011111001100111111101110100101110101001101000011000110011011111010000011110111011111111111101110111
1000011110111110101101111111100001000111100000111100001111010010000110010111000101001100110000110101101100010101
1111011010111110000000000000001011111111111101100001100000000111110111000000011111101101100110000000100111010001
1000000000000010101010111010101110110000010111111011111110101100000001111011010000001000001110110110001111110111
1101101011111010111111101111111000011111010011010011000000101001111100001011011110100010100010010011100001110001
1001001111111011111001000101011111010101011000000111111111111111100001100011011000111011110111111000110100010101
1101111000000001101101110101001100000000000011101110100000010100111011001011001111100000110001101111111101011111
1111111110110100000000000000011111111110101110101000001111010110101001101010011111001010011100000000001101000001
1011000000011101011110111011010101110110111100001111111000000000000011101011011000011110110001011110101111011111
1000011011111111111100100010000000000000110001101111110010101011011000101111011101110111110101000111111011110011
1101111111100000110001110111111101101101100101001000000111101111010010111000010000110001000111111101011010011001
1101100000101010011101000100000001001101111101101011110110001100011011110011011010110100010000000000000000111011
1001111110111111000001101101110101101100110001111110000100100111110000011111001110100101010111101011111010000001
1101000010110101110100111001100100111101111111010100111111111111111011110000011000110101010000111000001110110101
1111111000000000000101111101110101110000110110000111110000011100000000111011011010100101010101111110100110111111
1010111111111110101111000101000111000110100000110000000101000111101011100010011010110101111100000011101100000111
1000000000000000101011110001010001101111110101111010110111101101101000111011011010100101101101011111000110111101
1101011101110110101000111111111011001000000101101111111110000000001010100010011010101101000001000101110110001101
1001110111000010101110000000000010011101010101000101010000101101011010111011010011111001110111010000110010111001
1111100011111011111111111011110110111111110111110001010110101111001110011011011011000011000110010111110110000011
1000111000001111111010111111000110101010100110111100000100100001101100110001111110010111110011010001011110110111
1110101111100110100000000100010011100000001100000001010111101100111001100101110110111101111001110100000010010101
1110101111110110111010110001011001101111100111011111111110001101100011001101000000011101011100011101011110110001
1000000000000000000010111011001100111101111101111110000000100111101111101111101101110000000001111101000111111011
1110101101101010110110100001111111100001011000000000101110101100000110001000001000011011010101110001011101010011
1000111111101010110100110100110010111101011111111101111000100110110110111011101101011001111100011101000100011001
1010011000001010011110011101111000000100010101011111111101101100010110110011001101011111101001001101110001111101
1111111101011010111100110000011111110111000101010110101000101111011100110111111101110000000011011000011100010111
1101101001001111110001100101110110000111110000000000000010111000011110100110000001111111111001011011000101000001
1000001101100101011100111111010011110000111111010101101011111111000110101111101101000000000011001001010101101111
1110100001111100000001101000011010111110011100010100101000101100010011101011001001011110101010011011111101101101
1000101100110001010101101111000000001111000110111101101011100001011011001000011101111110101010110000110000100101
1110100111111111111111101010010111100010010011101000111000111111011110011101000111000000101010011010011101110001
1000110100001010101011000000111100001000111000000010111011110000010100111001101111110101101011110010110000011011
1010011111101010100011011011111110101101111111011011101011000101110001100011001001110111111001100110110101001001
1010110011000000111000001111010111111101010000011001100011111101000100111011011011000011010011001100110101101011
1010011000011110111010111000000101100001000101110011001000000101010110110011110001101110000111100110010101101001
1111011111011000000011101110110000001101010111111011011101010101110110011110100100001000101101101100110111111011
1101110000001110101011000000011010101101011100000001111001011101000111010110110110101010100001101101100011011001
1001111111011000111011101101111111111101111110101100101101000111110011010010100100101010101111001001110110000011
1011010101111110111110001101100000000001110100100110001101101110100111011000001110111010100001101100110111111011
1000000000000110100000101100110111010111010101101111011000111000001100011111011010110010101100101001100011110001
1011011101110000101010111110111111111100000001100110001110001110100110110111110000110110101101101101001110000111
1001111101000110101011111011100000101111111101101100100010101111101100100000111101100110101101100111011000110001
1011100001101110101001100001111110000000000000111001101010101000001110111010000000110111101100110110001101100101
1110111111111011111100111100110111110101101010100011001010111110100110001110110101110011001110010010101100110101
1000010111010001010111100001100001000101101010101001101111110100110111111100011100011111100110111010101101100111
1011000000000100000000001101110101010100111110101011000110000001100100011001111101000010101110011010101100110011
1001101011110111010111101100000100010111110000101001010011011011110111001101100001011010000011001011101001111001
1111111110000110011110001001101101010100000110101011111011010011000111100000101101001111010110011011001011011102
1001000000110110110000111101100111011111010110101001100001111011110100001010101111011100010110111001101000001101
1101111010100011111010100000110110010000010110111011111011000010011111011011111000000101010010001100101011111001
1000000010110110000011110101100011011011110110100011000011010111001011011011000010110101010110101101111110000011
1101010111111111111011010101110111111011000110111011111001110101100000011001011010011111110110100111010100101011
1111010011000000000010000101000010100001101111111010000011000000110110111011111010110010110010110000000110101001
1000011111111111011011010101110110001101111010000011011001101010011111101010110010011000011010011011101100101011
1101001110100001011001110111111111101111011011101010011011001010111101000000011011000011110010110001111110111011
1001011000001100011011000011000000001010000000001010110001111111110000010111011001101000011110011011011111110001
1111011010100110111110010111111110100010111101101110100111010101011111110111001111101010111100110000001100011011
1000011010110111100111110110000000101011111001100010101100000000000000000001101001001011100110011101011111000001
1111011111111100001101100011010110101010001011101011101111111110111111010101111100011111001110110001001100010101
1000001101100001100000001001111100111011100011001110000110100011111000010100010111000000011010011011101001010101
1111111100111101111101011111101110011011110111100110110110101000000010110101000110011011000010110011001011110101
1000110110100111000001110111000000111110000100001100111110001010110110100101110100111001101010011010011110110111
1010010010110111110101100000011010011000110101100111101011011111100110110101100110001011111110110011001100000011
1011011000000000000100111101111110110011111111101110000000010101110110110111110110111001010110011011100110101001
1110000011110110101101100001000111111111011010000011101011010000000110110110000110001100000111010001101100101101
1111110111111111111100110101110001001000000000101110001111111110101100010111101100111110101101110101101101101101
1001100110001011000001111101000101101111111101111000111000000000101001010101000110001011100000011100101101000101
1101001111101010011101100111110100101010110001011101100010101101111011111100010100100000101101001101111111110101
1001111100000000110000001100000110000000000100000101111111111111011011001101010101101110100101101100000111000101
1101110001101010011011011111110111010101010101101111000001010100000011101001010101000011101111101101011101101101
1000010101001111011001001011000100010101010101001100011100000001010110100011010101101001101011000101011000000111
1101000111100011010011101000011111010111010111111111011001101011011100101110011100101011000001101111010010110011
1111101110001001011000111101011010011110010001110110010011001010011110000010110001101001101011100001111110011001
1000001100101011111110001101010000110000111011000000111011101111010011101110011101101011001000110111000000110011
1101100110101000110000101101011010110101100001010110110010001100011000000011010000101001101010010001101101100111
1111111111111111111111111111111111111111111111111111111111111111111111111111111111111111111111111111111111111111
