11111111111111111111111111111111111111111111111111111111111111111111111111111111111111111111111111111111111111111111
10010101101011100000010110110101011011000100011000000010011001011010110101011011000001011000011010100000001101100001
11000000000001001011010110100001010001110111001111111010111100000000000001011001101111001101111010001110111101001111
11101101111101111110000010111101011011010100011000010000010111101110110111011011100101100100000000100011100000011101
10111111101001010111111010100000001011010110111111011011110101001011111111011010101100001101111111101000001101110101
10011010101100010100000010111111011010000100001010010010010101100001011101011010100101111000000000111101100100000001
11000000000001000111111000011000000011010111101011011010110101101111010101011010101100001101111111111111111111111111
11111111101101010110101110110010111000010000001011011010110101101011010100000010000001111100010000101010110111110101
10000000001001110000000000000110100011111110100001011010110101001010000001011000110111100001000111101010000000010101
10111111101101111011010111010011111011101111111101011010110101011010111101001110110000001011101101101000101111110001
11101000001001000010010110011111011110000000000000011000110000000000011111011110100101011001100000000011111100000101
11000011101101110111011111001100000111111101111111010011110111010110110011011011101111110011101010101000011001111111
10011011001111000101000011101101010000010111010101011000000001111100000110000011100000011000111010101011000011111011
10110011111011110100011110001001110111010110000000000011111111000111011111011000110111111101110010101001011000000001
11110110000000000111001100101111100100000000101111101000000001101101111100011010010000000101100110101011011010101011
11010110111110101110011101111000111111010111111111111101011111100000000111111111111111111111111111101001010011111111
10000010100000111011000111111110101101110110000000000001000000001011011101110101101101110111011101111011011001000001
11011011111111110000011110101010001000000110101101011101110111111111110101000000000000000001010100011111111100010101
11110010000000000101011000000000100011111111101001110100110000000110100000011010101111110111000001000010011001011101
10100110101111111111010011110110110110000000001101000001111011010000001101111110100000010110010111011000111101001101
10110011111111101010011010000110111111111101101111111011100001111110111111101111101011010000111101111110000111111111
10100111010000000000111111101111100000000001001000000000101011101110000010000000101011111011101000000110110000000001
10111101011101111010110001111101111101010111101111111011111000000010101000111111101000101110000010111100111110111011
10101101011001000011111100000000111111110100001110000000011101111111101110000000101110001111101111100110000110001111
10000000010011101000110110101110000010111110111011111011110000000000111111111011111100111011000101101100111100101111
11110101000110111111100000111100101000100000100000000000011010101111110000001001010110001011011100000110000101100011
10111111101110010000101101110110101010001111111111011101111010100001010111111100000111011001011101111111111100111001
10101010100011011110001001000110111111011110000000010000001011101011000000000101010011111100000000011011000111111111
10001010111011000000101011110100110000010000101011011011011001101010010101111111011000000001101010110001010111000001
11101000111111101110111010000001111110111101101010011001011011111000110100000011011010111111111111111011011101011111
10101110001100001000001111011101100000100001101111111011010000001101110101101001011010000000000100011011001101000001
10000111101111111101011101011000111101110101001100000001110101100100011111111111110011011111111101110001100000011101
11010000101010111111111000010010100000110101011111110100110100111101000000010100110111000100101000111011001011110111
10011110101010101001101111010111111110010101110111111101100110001101110101000001111110010001100011101010011000000001
11010000001010101011000111011101101110111111000000000001110011011000011111101101011011011011101111001010111110101111
11111111100000000001110101111100000000011011110111010100110110001011000000101100000001011000000001100000000010100001
10101011101010101100100101110111011011110000011110011101111111011001101010111101011011110010101100001110111010101111
10000000001010111110110001010111111111011111000000111000101011011011001111110111111000011010100110100010001010100001
11111101101111100010000101010101101101010110011010110010000011011001101101100000101111111110101100111111011111110111
10100000111101111000111100000001000000000000111010100110101001011011000000001101101111000110100110000001010101011111
10111110100000101101111001010100011101101110100011110010101011011001101101111100000000011100111100111101000000000001
10111111101010000001100011011110111001001100111010000110101001011011001000000101111011011110001110000101011111110101
10000001111111111101101001111011101101100111100011010111101101110010011010111100001001000010100011010111000000011101
10110100110000000000111011000000000001001111110111010101100100011110111010011101011011010110101001110011111101000101
10111110000110101111110001111110101011011000000100010000110101001100001011000101001001010110111100011001101111101101
11101011111111111110000111000000101001110010101111010111111111011110111110011101011101010100001110111100100010111111
10000000000011000000101101111010111101000110111011010000100111000110000011000101000101011110100011101110001110111011
10110101111001110110101100000010001111010100100000010110101101111100111111101111011111001100101000000011100000001001
11111101100011000110101111110110100110011110110110110100000000000110000110001011111001011111111101101010001101111011
10000001001001101100101000000011111110111011110110110110101111111111010010100000000011110111000100101111101100000001
11111101101101000111111101101001011100110000000100110110100000001101010110110110101000000000011101100011000101011011
11000000111000010011010000111100000101100111101110010110101110111100010011100010101110101101000100110111101111001001
10010101100010110110000101110001101111111111101100110110111000000110111111001010100110111101101101110110100011011101
10110101001110110011010100011100100110100000001001100110001111011100011100011010111100000100101000011110110110000101
10111101011100110110010101110001101110111111011100110100111000001111110110110010000110101101101101001100010011101101
10101111111001100011011101100100101000101010001110010110001101100000000110011011010011100111100101100001011000111111
11100010100011110111011000111110111110000000100111011111011101101011101100110011010111110000110101001011111101110111
11001000001000011100010010110000011011111110110001000110000101101000101101110111110000111011110101101000111100000001
10011101101011000111010110011111111011101110110101010010101101101101100100010100000110001011100101101010011001011101
10110001001110011111010010110000000000000000010101011010101111000100101101010101010011011010110100111010110011000101
11111111100011011100011010111111110110101110111101011010100111110101111101010111010111110000010101100010011001101101
10010110101111110001010010101000000100111110000101011011110000011100000101010100010000011011011101101011001101000101
11010100000111111011111010100011010110111000111101001011000101011001110101010111011010111110001101101011101101011111
10000001010011000001100011111011110100100010001101101001010111010011111111010111011010000011011101101001101101000001
11010101011001101011111111010010000101111010100101001101010011111000001011010100001010101011010111111011101001101111
10010101011011001011000101000111101111011010101111111001011000011010100001111111011111111110000000001000101100100001
11010101001111011001010000011110000110000010100011011011110010110011111111101000000001010111010111011101111110110111
10010101011000011101111011111000111111110110101000011001111110011000010111001101010100000001010111111001011000110011
10111111110011000111110010000010100000000010111011001100000110111011000000011001011101011011110000101101000010111001
10000110111011011110000111111010110101010111111111011001101100001011010111111101000101111000011010000101010110011011
10101100000001010000111101110010011111110000001100001101101101011011010000011001011100101011111110111111110011011001
10100110101011111110100000000111110000000111101101011100101101111011010101111101000111101000000110000010100110001111
10111100101001101110101011010001110101110000100111000110101000110001010100110001110010001101101110110110111111100001
11100001111011000000111111110111011111000101101110010010111101100101010101100100011000100111111011100000001100001011
10001011110001010110100000000011011010011101101100111111111000110111010100110101001101110000000001101110101001011001
11011001100101010100110111101010001000111111000110000100001101100001010101111101011000111011111111100010111111011011
10011101001101010101110100001011100010100111010011010001111000110101011111011001011011100000000000101110011000001001
11000101100111111111011111101111111010001101111001110100001011100101000000011101011000110110101111100011001111011011
11010111110000101000000000001000000010100000011011111101011111110111011011001101011010100010100110001111011000001001
10010100000110100011011011101111111011101011011000000111110100110110001001101001110011111011111100100001010010101011
10110101010011101111111110001100000001101011001010110000000001111111011011001100111001100000111101101111110110101001
10010101111001111101001110111111010100101001111010011010101011011011011011011110001011111010000111000000010110111101
10111111111111010001101011111011110110111101101110110011111000000011011011110110101000011011010011110111111111111001
10011011010101011101000011001010000111110000000110111001100011101001001001100100111010111001011001010101101101101101
10111000000000000100011001101011110001100101011111100011001001101101111011110110111110001101111101011101000000001111
10100011111110110111111101000000000111110111000000110111101100111100011010110000000010101000001100001101011111111011
10101110000000100010100100010101110111110001010110010001100110000110111010100110111110111110100110100000000000000001
10101000110111111000110001010111110001100101011100110111001100111111101110001110000010010111101100111011101011011111
10101111100111100010000101011111010101101101001110110011111110011100000111101000101011000000100101100011111001000001
10111000001100111011110101011000000101100101100110011000000111000001010100001101101110011010101111001000001101110101
10111110100110000011000101010010101101110100110110110010110001011011011110101000100111011111101011101101111111000101
10100100101111101011010101111110111000111101100110011010100101011001001100101101110011000001100001101100000001110101
11110110101001101111110101101000111110000101001111011010101101001011100110111001010111010101001101101101111111111111
10000000111100001000000101100010000010101101011011010010101101011011001111111100010101110101101101101100000000000002
11110101111001101111110111001110111010101101000001011010111001110001101101000001010001111111001100111001011011011111
11000111000011111100000011111110001010111101101111001010001100011011001100011011110111011001100110001101001001111101
10010111110111000001101010111000111010010101000001011010100110110001011110110011000110000011101111100101011101100001
11010100000101111100111110100010001011000101101111011010110010010101000110110111110000111000111011001101010000001101
11110101010001100001100000001010111110011111100001111010011010110101101100110101000101111010000001100111010101111111
10100101010100110101101110101010110011000000110111000011011011111101101101100100010100001011010100110001011100000001
10001111110101110100111000101010000110011011110001101001011000001101000100111111010110111111011110110111010001111111
11100011000111000110110010101010101111011000010101101011010010101101101111100000011100000001001011100001110100000111
10001110010001110011111010101010101101001110111101101110010110111001100000111111011110110111111000110101100101110001
10101000111011000111100010101010100101100110101111100011010110001101101011100000000010110001100010010111111100011011
10111110011111110100001010101010110001110110000110101001010011101101101000111111101111111011001011010011000001011001
10110000110011000101011011111010100100011111010110001011011111111001101011110111000011100000011001110111101011001011
10111111110110010101010000110010110110111100010111011011000000011100101111100000011000111011111100010110001001101001
10100000000000110101111011100111110010110111010011001001011010110101101100001111011011110000011001111110101011001011
11111101110101100111100000111101000110010011011011011011001010000111001101101100011000011011111100000011101011011001
11100001000111111110001010110000010011000111001011001110011010110001101001000110111101011011101110111000111011110011
10001101110011000000101110100101010111110001011111011000110010111011111101110110110001011000000011111111100000011001
11111111010110011010111000110101110001100111000101001101111010011000110000010110011101010010101111000000111101111111
11111110000111010010110010100100110111110001011101111000011011011011100101010110110001011010100000010111100000000001
10001100110001011010011110101110010000110101000000001110110011011000110101010110110111010010111011111110111011011011
10100001100101010010110000100011010101100101101010100110011011011010110101010110010100011010001000000000001011001001
13111111111111111111111111111111111111111111111111111111111111111111111111111111111111111111111111111111111111111111
