111111111111111111111111111111111111111111111111111111111111111111111111111111111111111111111111111111111111111111111
100001100110101010101101011001000110100110100000110100001101110001100110110000000000001000110101010001000101100011011
111101101100001010101001001100011100001110101111100111100000100111110000111111110111111011110001000100011100111000001
101000001111101010101101011001110110111010000001001101101110001110110111101011010000101001011101011110110001100010101
101111101011001010101100011101010100110011011111011000101000111010000011001010000111101011001000001011100111111011111
101100000001100010100111001101000110010110010100001101111110011000101011101011010110000000011011111001110011000001011
100111111011111000101110011001011111010011000111011100110111001101111110001011110000110111111000011101011001111011001
101101011011000010100011001101000110011011011101011001100011101000010111101010100110110110110011010100011011010011011
101101010001011010001110011101101100111011001100011100110110000011110011000000001111111100010111110001110001010110001
201100011011111110111011011000001110110001101101110101100011111000110110010101011111010001000001100111010111010100101
100111000011110100110010001101111010000111001101100101101001011011100100111101000110011011101111110101010000010101111
110001111001010001111000111000110010111110011000110101101111000010110001101111011110110000111101010101010110110000001
100100111101011100101110101110011010101100111110110000000101111010011011000111111100010111110101010101010010111011111
101101100000010110101000000011010000001001101100110111111100100011000000011100110111000101010101010101000110101001001
101000111111000000001111101111000101111011001101110010110110111001011111110110010101110000000000000001011111101011011
111010000000011011101010100001110111101011011000011000110100011101000000110100110001100110110101111011011011000000001
111111111011001010000000110101000010000011001101111011100111001001011111110101100111001111111101111111010001011111111
101111100001101111111101100111111010110110011000101010110110011011011011100100101100011111111111001101011100000000001
101010111011000110000000110011011010111111001101101010010011010000000000110101101111000110110011011001001110111111111
101000101110011111111101111011010000100101011000001011010110000101111111100000000110011100010110011011011010011101111
101110000011110110110001100010000111101101001101111011010011101100000010110111111111000101110011011010001010110101001
101100101110110100011100111010111100101100011000110001011010100101101110110111010011010001100110011011100010000000011
100110111100110111010110110000000110000110110011111011000000001111111110000000010111011100001100110010110110110101111
110000011001110101000000011101111111011100110110110001111111100110111011101010110101001111111110011000000000011101101
100110110011000001111110110101101101010101100100110111100010101100000011101111100000011000111100111111101110111111101
111110011001111101001010100100100101010100110001100000111010101101110110100101001010111011101001110011000011100010101
100010110011011001101010110001101100000001111101001011100000001101011110001101011011101001101011011000011000110110101
111000111000001100000000111100000001110101101101011110111111101000001011100000001111000011000011001111011111110100001
111110101011111111111110011111110111011111001101000110111000001011011010001011111101101111101110011010000110010101111
100000000011011111100100110110110111000111100001011100101110100011111010111111101000000110001011011000110010110001011
101101111000001100110110110000110101101101111101000110000011111000110010010110000011110011101011011011111110000100001
111111001111100110000000111010000001001000101000010100111011100010011011000011011110010110100011011011101100101111011
110110011010001111110110011011011101100011101110111110001110110110111011011110010110111110111000001010001101111011111
100111011011100101111110111111110000101110101100001100111100100011110001001100110110001100010011100000101000011000101
110101010001110001010010110101100110000110101110111110100110111001100111011001100000100111011000110101100011110011101
100100011011011011011010110101111111101100000110110010101100010011110111001101101111111101011011110111111000000111001
110110110011010011011010110001001101101101111100011000000111011001100001100000000011011000010000011111111011010101011
100110110110010110010000111100011001101001010101111011101100011011101111101111111110001101110111111101101111111101011
110000000011010111011110101001111100101011010100110000111111001010000000101000000011100000000001100100100110101100001
111111110111010101011000101101011110101011000001100110110001101010110110000011111111001011111100001101101100100101101
110111100110010101001110100101001100000010010111110111111101101010111100101110010101011110001111111100000110001100101
100000110000110101011100110000011111111000110001100011010000001010011111101100110101011000111011010101111110111001111
111110000110010101011001111011010011001101111011111001011111100000110111111001100100001101110000000000110000000011011
100000101111010101011101111111010111101100011110000011010110110110000000110011110001011100000101101110000111101000001
101110111000010001010100110110000011001101110111111010010100000111110110110110100111110101110101111110110000111011011
111010111101000100000110100011111001011100100011010011000001110000011111100000110001100101011111010010111011110001011
110011101111110101010110110110010011010101101110011011111101111101111101001111100111101101011100000110001000010101001
100111000000111111010000010011010111000001100100110001100001000101010101101100101101000001010110111111111101111111101
110101111110101011111111010111000100010100110110011011111101011111010000100110101000010100000000000000001111001010111
100000000000001001101000000101110001011110100100111010110100001010010111101100000011111101110101111111011011011000011
110101011111101011001110110001010111111011110001101010110110111000110010100110111000000111111100011011111010000011001
111111010000000011100011111101010100110001100111001000010110001011100110110110111101101110000101000000000000101011101
111111111111111010110111010001010101110111110101101101000110111010110110000000000111000000111111111010111111111110001
110101111000000000000101011101010100100010100000001111110100110000010010110101010011101110101010101110000000000011011
100000010011011111110000011001010001101110111011111010100101110111000110111101011000111111100000000110110111111111111
110111011111111111011111000011010111000010101011010010110000010101011100000111111010000000001110101100010000000001101
111110010101110000011011111011010001110110101001011010111011110001110110111110001110101111100011111110111111010111101
101011000001010111000010111000010111100000101011010000011000000100100000000100111110100001101111111111101101111111001
100001111100011101111000000011010010111110101011011101110011010110001011111101111011111111000110101101000000011101011
111101000001001000100011101110000110010110100010011101000111111110101011000000001011010001011100000100011111110100001
101101101111100010001011001111010010110100101110110000010100011100101010011010111010000111111001010001111010110101111
100000001110111010101010011000011000010110000110111101110001110111111110111111111010111110100011110111100000000000001
111010111000000011101011011111111011110000111110011101111101100001010110110101000000010000001000110110001110101011111
111011110011101010001011110000000001011110100010110101011111101111000110000000010101000111101010011110100010101000001
100001100111001110101110110101111101011000101110110100000010100001011100111111111101110000111111001010110110111011011
101011001100011000101000011111000000001110000010000001101110001100000110000000001100011010000001100000111110011001001
101001101001001101101111011011110111101011010110101111111100111001010000111111100101011010111011001010001011011111111
101101001101100111101000010000000100000000011110111110110001111111011010000000110111011010001001011110111011110110111
100111011111111110111111000101010101111111001100011000000111000001010010111011111111111110101011011000000001110000001
111111110011010100010101111111111111110000011101110011010000011011010110001000000001101000111111111101111111010111111
111001100110000001000000001110101100011111010101011011111110111111110110101101011100001111110110101100000000010111111
101101001111111101110110100100000001000000010101010001100010000001100111111111111101111000000010101101101110110100001
100001101001111111110011110001110111010101000101000100001011011111110000000000000111001011111000101111100010000001101
101100000011000010011011111011000100011111010000011110101111000010100111111111111111101010111010000010111111011011101
111111111011111000111110111111101111011010010101000110100001010110111111101101000101100000001110101000000101110011001
110100000001011110010100011000001000011000110101111110111011111110111000000101011101101101011111101010110000011111011
100110111101010111000001001111111101111101110100000010001001101000000011010000000000000111110001111110011101110001111
110111100000000011101101101110100111100000011101011111111111100011011111011010111101011111110111010111111100110111111
100101111111110110101101101010110111001010111001000000101110101110000001011110000111000101010110000001010111100001011
110101010000000110001111000000000000011110001111010111100000000110111111110110110011101100010011011111000000001101001
100000000110110111111010010111111111110110111001010010101101011111111001100011111000100001110110001101101111111100011
101010110111100010111011110110000000000000000011011000000101001101101011101111101010110100000000100000000110000110111
111110011101111000000000000111111111110101011111010010110111111101101010100010101011111101101111111011010000110011101
110110110000011101101111110011000000000101000101111010100000111001000000001000001000110000100011001010011101110111001
100000111111010101111100000111101010101111010000101111110111101100010110111101111011110101111110011111000111010000011
111110100100000000011001010001101110100110010110000011000000100001010010010111111000011100000000110101110000010101001
111011110111110101111101011011111111101111010011010111110110001111111010110000001010110001011011110000010111111111111
100001100101010111110101111111011011001100011110011110110011100000001110000110101010011101111000000111110000001010101
111101110000000100000000110000000000011111000011001100011000110101011111111111101011110000001010110000111011100010001
101101011101101101010101100110101011001100011111101101111010010101000000000000111111011101101110111010001000101000111
100000000000101001010100110111101111100111000110000000101110110111011010110111110100000100100110001011011010111011101
111010101010111101110101111100001000001100010111101110000110111111001110110111000001011110101100101011001011111111001
100011101010110000011100110001111101011110110011001100111110000001100011110001011011000110100111111111011111001101101
111010001011111101110001111011000001000110111110011110000010111111001011000100001111111111111100110101000110011100101
100011111111010001011100110010010101101100011111001010101110000111111110011111100110101011100001100001111111011001101
111111100000000101000101100111010101101101000001011000100111010000001111111011111100000010111101001111000110000011001
111110001010110101010000110100010111001001010101011010110011010111011011100000010110111110011101011111110010111011011
100000111110100101111010111101010110011101110101001010011001111111111000111101110000000011010100001001010110011110001
111111110110111101100011101001010011111000111111011011010011101000001011101100000101110110010101100011010000110100111
111100000000111101001010000011010110000010000011011110011010000011111001101101110101111100110101111111000111100001111
100001011101100001101111111011010111101010101010000011010000101110100011100000011111001110010100011100010000001011001
111011011001111011001111110001011101101010101111010110010101100000001110101111111011011010110001110110111111111110011
111111110011000001111010011011010000001011100110010110111101101111100000000000110010010010110111110010011100000011011
101100000111110111000000110001011101011111110011010010011001000000110101010110011000110110000000000110110101111111001
100001011110111111011010000111111101110000000111010110111101101110010101011111000010010000101101010010000000101010011
110111001100000000001111010001100000111011010001111100000111100010110101000001101011110111101111011000111010101010111
110100011001011101011000010101111010011111010100101111111110001111110101011111001001100011000001011011111111101000001
100110111111111111011101010100110011001100010110000000011010100000011101000001101011001011101011011011101100000011111
111111110110110110010101010101111011111110110011010101011000101011000111101100111000011110101001001000000001101000001
111011000000000000110001010101000000011000110111010111001110111011011110001101111010110110111111011011011111111101111
101010010110111010110101011101110101011010100101010111111000111001000011011111000010000000110011011110000001000101111
101000110111100010110101011111000101001110110001110000110010001011101110000001110111011110110111000110101101011100001
100010011101001010111101010011101101101100110100111011111011011001100010101100110011000110000001010110101100011111101
110110110000011011100001111000001100101001100101101000011011011011110110101101111001101100101101010010100101010000111
100011111010111111101101100010100101111011110100001101111110001000110110100111011011001101100101011111101111000101111
101011000010100000001000110110110100011001100110101000000010101101100010110000011001100101001101011000000001010100001
111111111111111111111111111111111111111111111111111111111111131111111111111111111111111111111111111111111111111111111
