1111111111111111111111111111111111111111111111111111111111111111111111111111111111111111111111111111111111111111111111
1010110010100101011010101001101010100101011001010101111011010100100100101010101001010000010010110100001010101000000101
1000010110101101011000000011000000110101011011000000110001010110001101100010000011010111110110110111100000000011101101
1111000010101101000011111111111110000000000001111101111011010100111000111000101000000111010010010101001011011001100001
1001111010101000010110101010110000110110101011010000101010010001101011101110111111011101010110110101011111111100111111
1011010010101011111100101000011011110111111111011110100011000100000000101100010101111101010110000101000000000110000001
1011011010101010101110101110111111000101010100010100101110011101101111100101110100110101010110110000011111010011011111
1010000000001000101010101100101110010000000101110110101011000101100000110001010101100000000010110101000011110111111101
1011110110100010101010100110101010111101111101100100101010010100101111111100010100101111101000011111111000111100110101
1001010111110111101010001100101011110000000100110110100000111111100101111101000001100000101010111000001010000110010001
1100000011111101000010111110101011011110111101100100111101100110111100110001111111001111111110000011111110101110110101
1110111110110000011110010100001011000010001100110110110000001100010001111101100001100101000111111111101111111000110111
1010000000011111010110110111101001111010111101100110011011111110110111010101101111101100010011100110101011011110110001
1000110111110101010110010111001100110010011001110010110000101010010110010000000111001001111110110110000000001010010111
1110111110010101010100110101101110011000111100110110110110100011000111010111111101101011101100010111011101111011010101
1100001011000101010110110101000000110011110001110010010011101110011100000000000101000000000110110101000100110011010101
1001111011110001010110100101011010011000011100011010110111001011000110101011111101010101111100010001011111111011010101
1101101010010100010110101101111111011101111001110000110101101001101110111000011100011100000111010111011010110000010101
1000101011010110110000001101110100001100001101011011110001101011000100111111110101000111101100000000000010111111010001
1110001010010111111111100001010111101101111000010011010111100001101101101100000001111111111110111111111110011101010111
1111011011000011010110001111010110001100011011010110010111001111101100000001011111110000010100110100000110110101000001
1011001010011111000011101011000111101001111111010011010101011000000001111111110111011011110110110101111110010101011111
3011011010110101101110101001101100101011011001000111010000010010110101010110110100001000110110110000001010110101000111
1011010000000101100110101101100110000001001101110110010111110111111111000000010001111010110010110111111010000000011101
1011010111111101001100101101101111111101011100100011010000000011101011011111110111011011111000000000011000111111110101
1001010010110101100110001101001101010101010110001111000111011110100011000110100000001001010011111111110011100101010001
1101010110110101101111011101100101010001010111011101110001001100111000010000001010101011010110000111011000001101000101
1001010110010101000110001001110000010100010011000001010111111110111011111110111111111000000010111101011011111100010111
1101010011010101011110100011011111011111010111011111000010101100101010101110110111010010101000000101000000010101111111
2000010110010100001011111011000110001010010101010110011110001110000010101011110010000111111111011101011101010101101101
1111000000110001011001101011011111011010110101000011010110111000111000000001011011011111010111111000001111110101001101
1011110111110111110011001011000110011000000101011110010010101110001010111011011011000110000000101101111000110101011001
1010000101010101111001101010010111001111110101000110110110100100101011111111001011011100101010101001101011100101000011
1011110000010100011011100010111101011010100001011100010010101101111111100001101000000001111111101100000001110101011111
1011011011110101110000111000101000011000110111000111000110000001010100110111100011010100001101001001010111010101000001
1011001001100100111011111110001011111101100101011101011100111111010001110100110111111111111001100011110101010101011111
1001101100110001101010101011100001101001001100011000010110100001010111100101100000110011011011001001111100010100000001
1011000110110111101010101001111011001101011101001101110000001100000000110101101110011000001010011111011001110001010111
1001101100010011001000001011000011101101000111101000000111011001110111100001100010111101111010111110001101100111110001
1011001001110111100011111001111001101000011111001011111111111011111100111100001010010101101010001000111001001100111111
1001100011100100111000001101101100101111001101100000000001101111000110011001111111110100101000111010011100011110101011
1011111010001101110011111001001001101010011001001011111101000101011111001100000001010101100011100011110001110010001001
1011000010111001011011001101101011101010111100011000000111011101001101101001111111000000001000001111010101100110111011
1011111010001101011000011001101011000000111110111111111110000101011101101011000001101101011011111101011100001110111001
1010011010111101010011111101100001101110011010101100110000110101010001100001101111000101110000100101001101111010101011
1010110000011001011010110100101111111100111000100101110111111100010111110111100110010100011011101101101101010000000001
1010111110111100011000110001101010110110110011101101010101011001010101100010101111011110111111100101101101000111111111
1010011010110101111011111101000010010100011001101100000000001101110100101110000110001111111110101101101100010010000101
1010110010100101010001011001011110110110110011001101111111111100110101101000111100100101011000000000000001011110111101
1010011000001100011011001100000010110000011001100101111101101001110101100010110101110000001010111101101011000100010101
1011001111011001110001011111011110111101110011101101000000001011000000110110010101111111111110001111111111111101110101
1010011010001101100100001101001010011000110110001100011011111001101110000011010000101101101100101001010101110100000001
1011001010111101001111011100011011011110010111100001011111001011000011011111110111100100100001111011010100000110111101
1010011010011000011011110111001010000110110011001111110101100011011110000001100001101101101111000011000101111110011111
1010110011010011110010100101100000111110010111011111000000001000011011111111101100101000000101101011010000011010110111
1000011011010111010110001101001111101011000110000001101111111011000000010100000110100011111100111000010111111010000001
1111011011010000000011101100011011001011011100111100000000001111010111110101111110101011010110010011111100101000111111
1001011011010111011010000110110001101000010101111110110111011000011111000100001011111001010011010110011110101011111001
1100000011000101111111101100011101001011110100000110011111111111001101110101111001010011010111000000110100000000001101
1111111011101100100101100110110000011010100001111111111101101011011001010001101011000111010101011110110101111101111001
1100000000101101101100110110011111000000001100001000100000101001111100010111101001110101010000000111100100101111001101
1001101110101101100101110011001010011111100111111011101111101011100111000011000011100101010111111101001101100011101101
1111001000000101001101100110011000110110101110110000000101000010101100011110011110110101000100001100011100001001000101
1011111011101101101101001111001011110110111100010111111101011110100110110110110110110001010001111001110001011111011101
1010011111101100000101011011100001010110010111010000011000001110001100010000110010110111011111101011111011110110001101
1010110100001111011101011001110111000011010101000111001101111000101101110111111010100011001011000000011010110000100001
1010110111101011001101001011000001101010010001101101111001001101111100110101011010001111100000011011000000010111111011
1010110010101011011000011011011111101111010111000000101101011101100101110001010000100110110111011001011111000000111111
1010011000001000001110111010000110100100000000011010001100001000110100010111000111111110010111111011000011011111101101
1010111111100011111000001000111110110001011111111111101101111011100101110001110000010011000100101001010110000000000001
1000010111101001100011111011101100010111111101010101111000000010110001011011010111110110011101101111111111010101011111
1101010000111100111001000010101001110000110000000000011011101110011100000001010001110011000000000001100011010111000001
1101110111110101100011010110100011000111110111111111110000111100110001111111010111010111011101011100001011010111110111
1000100111100000110111011100101111110011000000000000011011100101100111100100000100000000001111111101101001110000110111
1110101100111101100000001101100101011000010111011110110000110101110110110101111101101010111000100100101011110111100001
1000100110100001001111011000001101011011111101111011111011110100100000100000010101111010000010001111111110010001101101
1110001100111100011111111011111000001011101100110001010001010101101011101111110100001011011111111011010100111011111001
1011100110000111011001100001011111100000001101100111010111000000001111101101010001111111000011110000000001101110111101
1001101111110101001101110111001101001111111100001111000011011010100110000000000100000101111000000101110100000000000101
1011001100100101011001010001101101011110010101100000011000001111110000101101110111111100001110111101110110101101101111
1001100110110101001011000111101000000000110100110101001011111101111011111001100011111101100010111111011111111111111011
1100101100010101100010011110001110111111110101111111011000010000110011001100111000000100111010000011001101011010000001
1110101001010001101110111011100110001101010100001100001101110111111000011110001101111101111111101111101101010000101011
1000101111011011100110010010101100101000000001100111111001100011101010110000101000001100000000100110000000010111111111
1110001010011001001110110110101001111011110111111100111011110110101111100101101010100001011010111110111011000000110101
1000100011011011011010000010100011011000010001010101101110100010001101110100111111101011111111111000011111010110000001
1101101000000011011010111110001000000011111100000000000110101000100000010110000101001010010101001101001101111100110111
1001001101010111001010001110111101111000000110111111111100001111111111011111111101101110110100011001111000101111111111
1101011111110101101010111010000111110011111110000001010111101111111101111000100101100100110101111101100011101011000001
1111111010100101000000001010110001010110111100111101010000000000100000110011101100111101110101100100001000000000010101
1010101010110101011111111000111111011100100101111111000101110110001110010110101101110100010000110001011011010111011111
1000000000000000000001100010000101011001101111100011011111011111111111110100000000100001110111100111111111110001000001
1111111111111111101111001011010000001100101010110110001010001011000000000001010110101111000001110000000000110101101101
1111110000000000001101101111111101111110000000000011011000100000011111101011010010000000011100000111111101100111000101
1000011101111110100001000010101111001010111111111111000010110110111110111111110110110111000101010000000111110001101101
1111010001100000110100011110000001101010110000000000010111111110000000110101110111100001101111110101111110011111000111
1100000111001010110111011010111111101010000101110110111101101100111111100000010000110111100000011100000010111110010111
1001010011111011100110000010001110101010111111111100101101100111111101101101110111100011001111111111011110000011010001
1101110110000011001111011000111010100000000000000110000100110101100000100111011101111111111111000011111010111110010111
1101000111111011100011011010000000001010111111011111110001100000001010001111001000001110110000011000101000010111110001
1001010001110000110111001111011011011110000001111011000111101111111110100101011011111000000111111111101011110010111111
1011111101000101100001011000001110000011010100000001110000000001100111111100001010000011101111000100100000000110000001
1010000001010111111011001010100011111111111101011011010101011100001101010001100000111111111101011101101111111110111111
1010111011010001100001101011101000001110000101111110010111011110100000010111111111100010010100000000000000000000000001
1111100001011011101011001110001010100000111111100100111100000011101011000010111110101110110001111111101110101101010101
1000001011001010101110011110101110101010010010101101101111101001111111111000000000000100000100000001100011111111010101
1101101001101000111000110010100110111011000110000000101000111100110000001110111101010001111111110111110111010111111101
1001001011001010110010100110101100001110010011011110000010111111100101011100000101011100000000110000110000000000000101
1101101011011011100110001110100110100111011000000111111110101011001111000110101101011111011111111101100101101111011111
1001111011001000111100100010101100101100001110110001110111101000011011111111111101000011000110101101101101101111111011
1101000001011011111001101011100110111111011100110111010101000010111010000101010111010110010000000100111111111000010001
1001101011110011000011001000101100011000010110110000000000010110001000111100000011111111110111111110010111111011110111
1111101000111001101011011101111001110010110011100111010110110110100011100001011110100001100000000011000101100010100001
1110001011100011111011110000001100011010000111111111011110111110110110101111111010101111001011011110010000001000001011
1000101000101010010000011101111001011011010000000001011100001011100110000000100000000001101001000111111111111010111001
1010101101101111000101111001111111111011110111011111000111111011110000110110001101101011001011010000011011111110001101
1010101101001100010100001100000000110001100011000001010000000000011010010110100100101001101011010101000000000110101001
1111111111111111111111111111111111111111111111111111111111111111111111111111111111111111111111111111111111111111111111
