1111111111111111111111111111111111111111111111111111111111111111111111111111111111111111111111111111111111111111111111111
1011011010100101010110110011011011000000001001011010101100011000011000001101010001110110100000000110010101001101100101001
1000000000110001010100010111010011111101111011011010001001001011001111011101011100100010111101111111010001011000101101101
1101101111111100000001000010000110000001010011010011100011111111011001000101010110110110110101110011000100001110100101101
1111100010011111011011111011110011111100000110010110111011001100001100010100010100000010010100010110010101011010101100101
1010110110110010010001100000011010111111010011010110101001100111100110111110110101111011010001110000111111110000000110101
1010000100011011111011111110111000000011110111010110000011110011110000001100000111000000011100010111110000100111011110001
1011110001010010101110100000101111111010100001000111111000011010011110111111011111111111001101110011011110110011110011011
1001010111111010100100111010101110000010111100011101100011110011010010110110011101010111100001010110001100100110111011001
1011010010101010101101101110101011111010100111000101111001011001011000010011000101010001101100010010111110110010101011011
1011000110000000001100100100001010101010101100011100110011001101011101010111101101010100001111000110101100110110001011011
1011110111111110111110110111011000000000000111011001100110011000001111010011000101011110101000011100001110110110111010001
1010100101011000010100000110001110111111110011001011110110111111100110011001101101001100111111000001111000110110011010111
3010110100001110110111110000100111100101000111101010000110011001001111011011001000011111110101010100001110100010110000001
1000110110111000010110111101110101110101110011001011110000111101101100011001101010110101100000011111111000111010110110101
1110110100101110110100000001100101000000111001101010110111100000000111011011001011110101111111001011101010000010000011111
1000110101100100110111111111110001111110101101101010010010111111101100011011011001100100110001100000001111111010111111111
1010000000110110110001100110100100000000000001000010110110110011101111011010011011110110011011101111111001000000000000101
1011111011100110011100110110111111111010111101111000010010011010000110011011010010100000110010101000101101111011111111101
1111101010110010110101110000101000000010100001101111000110110011110111010000000110001111111010000010101001010011101110001
1000000000011000010001011110101101010111110100000011011100100111000011011111110010100000110011010111100011000110101010111
1111111111011110110111001010101101010100111111111010010110101101101110011010000111101111111011110101001111110000000000001
1011000000010110010011100000101111111101101000011011010100100101001011010011110101000110101000100001100110100110110111101
1010010111000111010110111010000111101101000011000001000110101101101010010110100100011100001010001111001110101111111111111
1000111111110011010010101111011101001001111110010101110110101101101010110100110111000001111111101001101100001011001000001
1101101101111000000110000110011001101011010100111101110110101100101000010110010101011111001100000011000101100001011011111
1111000000001101010111110011001101000000010110100001010000000101101011010111000101000110011111101110011111111011000000101
1010011111100111110011100111011101111110110111111101000111101100100011110001110101011111001010000011001010100010011101101
1011110000001100110110101110001000000000110011001001111100000110001110110111000000000011011011111001100000111000110111001
1000100111100110110010101011100011111110011001101100101111101100111010000110011011111110001011010011001111101011100011011
1110111110001100011000101001110110000111000011000110100010101101111000111111111010101011101010011001100100101000001110011
1110101011100101111110101011011111110101110111101100101000001001100010011010101010101011000011011100101101100011100011001
1010001010110000101100101001011001100100000011000110111111101011101111011000101010100001011000001101100101001000111111011
1011101000011011101001101011001100110111111001010000010000000000000101111110000010110111110010111000110101011010000110011
1000001101110000101101100011011110110111011101111111011111011011111100110111111000100000110110110011100001011110111111001
1011101101011110001000111011001100100000010100011101010101010001011001100000001110101111111100110110110111001111101100011
1011000000000011100011100011100110001011000001110100000001110100001011110111101100000001011001100110000001011001100111001
1111110111101000111000111001001111111111101011100111111101111101111000111110100111101111001101110000111111000011110101011
1101011111111101101101101100011011011111111010110000110001011000000011101010110101000011011000100110000001011111010101001
1000011000000000001001100101011011001011010000011110111101001011111110000000100101101111001010101100101100001101010101011
1111011111111111101101101111000001101011011111011010011001100000011011111110110000101101011110101110111101111000010100001
1111001101000000001001100111111101100011010000000010111100111011110001100000111110001100000110100111110111001011110101111
1000011101101101101101001101110000110110011111101000011001101001011011111110000000111110111100101101100111101010110000001
1111011000111111000000011101011101100011011011001101000011001100001000110011111110001100110110000000101100101000000110101
1000001110110001101011011000000001111011000000011001111001101111011011111011010110100001100010111111100110101101110010111
1010100000010101001011001111111100100001111101111111111100000110000010101011000111101101110110101001101100001000110111111
1111111111010111111111011000110110111101110111110000000001111110111110101001101101001111010110100011100111100011111101001
1100111000000010111001001110010100011000000011011111111101110000111000101011001101101010010010101110110011001110001001011
1001101111010110001101101011000001111110111000000001111000011101101110100011100101001011000110100010000110011110111011001
1011000111110111101001101001111100010111110010111101001110110101101100110110110001101011011100101000111111000010001001101
1001101100100010100011001100000001110011011110110000011010110101101001100000011101101011010001101110111011011110111011001
1011000110111010111001100111111101011011001110100111000000110101100011111110111001101010000101000011101011011010110011011
1011101100000010101100001100000001010010011011101111101010110100111011001010101100101000111101110111001011010000011000001
1010001111101000000111100110110100000110110001111101111110110101100001100010101001101110111111010101101011000101111101111
1011011010111010110000001111110101101100100111010100010100010100110111111000101100000010100110000101101010011111101101111
1010000000011011111101100110011111100110110110000111010111010101100001011110101111111010101100110101000010110110001100001
1000110101111111101111110011011010110000010111110000000100000100110111000000000110110000100101111101011110110000101101111
1010111101101100001010110111010000011011110100111111110111101101110001111111101100111110001101011000001100000111111000001
1111101000101111100000110101011111011011000101100100000000101101011011011011000110011000111100011011111110111111011011111
1001001110001010111110010100010000011011101100110111111110101101011001010000011111001101110110110010010100011101011011011
1101101111101010011111010101000101010010100110000011011110101100011011011111000011011101100110110110110101110101011010001
1000000010000010110000010111111111011010001111110110000000000101110011011000010110011001001100110110110101100001001011011
1110111011111010011101000011001010011011101001110011111111110000011010001110111111011101011001110110010100001011011001001
1100110000000000110101011001101011011010000011000111100000111011110011011010101100001101011100010110110101111110001101101
1001111111101010010101111100001010011011111011110010111110101011011010011000101101101101001110110110100000010011011100101
1111101111111111000111101111100000110001100000011010100000000001010010111110100111001001011000010100001111110110000110101
1110100000001101101111001000110110011101111011110010111101110101010110101110110011101011011111000001011010110011011100002
1000111111011101001101101110111111011001010010111010110111111100010110101010111001101010001101101111110010010111010101111
1110101100000001101101100100001011001101010110010010010111001101000000101010101011001010111000000000011000110101010100001
1010001111111101100101110111101011101100000011011000110001100101101110101010001001101000101011101111111011100101010101111
1011101010101000110000110111000010001111111011011110111100110111111110100011101011000011101110001001010000001101010101101
1001000000001110111101100101111011100110100000001100001101100011011010101110000001101001100111101011010101011000010100001
1101101111101100011001110100100000101110111110111111011000001000000010000011110111111100101101000001010111111011110101111
1000111110101111000011000110111010001010000110110110001101101010111011011111010110110101101001011111000010110000000000001
1110110000000011111001110100111111100011110000110111011111111111110010011000010010110101001100011000011110011011111010111
1000111111111010000011010110001100111011011110110101001010111101011011011111010110110100011001110011000011010000011111101
1010000000000000101000000011101001100010000000110101100010101001001011010011000010010101111100011001111110011011110101101
1011011010101011101011011000101100111000110110010100110110001101100010000111111010110100011001110011101011010000100101101
1110011010101110001111111110101110101110011111010001100111011000111011101101011000010101111101011010101011010110001101101
1111111110111100111101100000100000101011110000011101110011001110110001100001010011110101011001011010000011000111111001101
1011001111100001100001001110111110000001111110110000111011011000011100111101011000110001011100011010111110011101001100101
1001101011101011111101111000110000110101010100011110101010011111010001100001011011100111000110111000001011000000011001101
1011000000101010000000111110011011111100010110110100001011001100010100111100000011110000011110101110100000011111111101101
1010010110111111111010000011000011101111010000010111011011011111011110010111111000110111011010001100111101000000101001001
1011111110110100000011101000010110000100000101000101001011011000001011010100101101100011111011101001111111111111101011011
1011101010110110111110001101111111110111101111110100011011001111011000010110101000111000101011001101100010111111000000001
1000000000110111100000101001000000000011111111000111011001011000010011010100001010111010100001101100110110000001101101101
1011010110110000111111111111101010101000010101110110001101001111011010000111101011101011110111101101110100111111000101111
1001111110110111101011110110111111111111000000000011011101100101011111110110000001100001100101001100010001101101101111001
1011000000100011001010100000010100010000010110111000011000101100010101110111111101110100110101011101110111100100000011011
1001101010001111101000001101000111011111111111111111011110001101000000000010110000111101100101011000000000001101111110001
1011111011100101101111111001110000000001101011000001010111101111111111101000011110011001101101001011111111100000001110111
1000111011110001101100001111000111111100000000010100000011000111110001111111001100110011101101011000000000111010111010001
1111101110111101100111011011111101111001101101010111111011110101011101010101011001100110101000011011111111111110000000101
1001000100000000110110011001101000000011001101111100000000000101011101000000001100110110101010111011101101101111111010101
1101110111110110010111001011000011011011100111110001010101010000000000010110111101110110101011101000000000000011111110101
1000000000000011000011100011110111111110111111000101010101111101101010111110111001100110101011101011101111111000000111111
1101010111110111101000001001000011000000010101010101111111000000111010100000001101110010101000000000111110111011010011111
1001011111110101111101101100010111111101000000010101100010011010011010111110100100011000000010101011111000001111011010101
1101010000000101011001101110110100000001110101011100111000111111111011110000110001001011111111101011000010100001111110101
1111111111111100000011111010011111101111100101010001101101110110001111000101111011100000000101111000011111101111100110101
1000011111000001110111011000111010111000001111111111101111000011100101110101100010001101011100001101011101111110101100001
1110110001111011111101000010100000011111011100000000001000011001110101110101101111011001000001111101000000010000001110111
1100011100111110000000010110101011000011000111111111101010111101010101000101100011001101011111110101111111110111111000001
1001000110000000111111010110111010011000010100000000000011101000000000010101101110011111000000000100001110110000101101111
1101010000111010100000010100011110111011011111111101010110000011111110111101001000110011011111111111100000000111101101011
1001011011100010101010111111110000100011111100000001011111111111000000001111101010011000000101100001110101010011001100001
1101111111001011111111101000000110111010000001101011111010100000010101111000101011011110110000001111011111010111011001011
1001000000011011010101000010110100111010110111001010000000111011110101100010001011110000110110100000001011110001000011001
1101111010110010000001111010100110100010111111111011111110101110100100111111011010000101110111110111111000110100011001101
1101100010100110101100000011110110110111101101011110100010101000001110011101111010110101000000110001101011111111111111001
1000111111111111111001011011000110100110000000001100001000001110100110110000000010110101010110011100000000011010110101111
1101110000000001011111110010010011101100101111101111011110100000101100111111010110110101110011001110111011111000000000111
1111011101101100010111000111010111000111111111101011111111111010111001100000010011111111000111100010011000000011101010001
1000000000111001000000010101110110011111000000000010101000000010001101111101010111011000010101110110110010111111111011111
1111111111111111101011010100111111111101111111111010101110111111011001011111010000011011010101010110110110000110111111111
1000000110101010101111111110000001000101100100000000000000011110011011000000010101110010010101000011100011010000001100001
1111010000000000001100001011111101110000110101010101101101010000111010011101111101111011010001101000101001111011100001011
1000011010111111011001101010000001011101100001111111001001011010001111011001000000001110010101101011101100011001101101011
1101011010100000001101000000101100000000001011000000011101011010101000001101101010100011010101101001101101010011001001001
1111111111111111111111111111111111111111111111111111111111111111111111111111111111111111111111111111111111111111111111111
