11111111111111111111111111111111111111111111111111111111111111111111111111111111111111111111111111111111111111111111111111
20010101010101000110110010101010110010100000000001101101000000110110101101000100011001000001011010110110100000001000001101
11010100000001101100011010101000000110001110101111100000011011110110100000010001111101011111011000010010101111111011111001
10000001101100001111000000001111110011100110100000101111111110000000001111110100011001011101011101110110101000000000101101
11111111111111100011011111011001110110101111111111100010010111101010101110111111001101010001000000000000000011011010000001
10000110000011101111110110011011010110100000010010101110110011001111111010101011111000000100011101011111111001111111111111
11101100101000000001100000110011000110001111110110001110010111100101011010001000110010110111000101000000011011110101111011
10000110111101011011001110110111110110100110110111101010110110101101000000100011100111100001010101011111001111010000000001
11101111100111010000011000010001110011110110000001101000010110000101011111111110101111101111011101000011111101010111110111
10000101110100011111111110110111010111000010111011000011000010111101000011011110000010111111111111011010100000000001111111
11110100110111110101110100010110000101101000011111110111101010110100011111000000111110111001100011001000001010101100000001
10110101110010000000000111010011011101111011110110100010111110110001111101011111111000000011101110011011111111101111010111
10000000011011111111110111000110001001010001110110101110010100111100010101000001000011011000101100110001110000100011010001
11111011011000010000000101110011101011000100010110000010110101100101110101011111011111110011100111100101000111101111111111
11110001111111000111010000000111001000011111110110111110100101110100000100000000000010100110101111111111010001100000000001
10011100110101111100011010110101101011110010000110001010101100110001111101111101111000110000000000101011011011111111011111
11011001100000111001110011100000101010110110111111100000000101110111000000000100001010010101010111101010001000000001000001
10011101101110101011111011111110000000000000010101001101110000100000010101101110111111110101010011001010111111101011011101
11000000111010101110011110111111110110101111110101011100010110001110110101100010000000011101011001100000110101111011001111
11101110110000000111010100000000100011111101000100000110111100100010010101101111111011111111001100001010000000001111111011
10001000000110101100000111111110110111010000010001101100000110101110111111000000111000010111101001101010110110111101110001
11011101101111101111110101000000100101010111010111101111111111100010000001101110001011110001111100101010010010101000010111
11111111111000001010000001111110110000000001110000100101111101001111011100101111111111000111010101101010111110000011110111
10101010001101101011111101100000010111111111110111110000000001100001000101100000001101101101000101101110001011111110110001
10101011011111101011000001111011010000000010011111010101111111001011010101110111100001100000011111100011100001100010010111
10000001010010000001111100011111010111111110111000010100000111111001110100110000111111001101000000111111101011101110110111
11111100011000111101100111010100000000010100000011111101011101011111110101100101111101101111110101110010101111000110000001
10001111001111100000101110010111101111110101111110000101000000000111010100111101000000101010111111011000111110011100111111
11100111100001111010000011010000000111010000000010111111010101111100011111101101011110000000011110000011111011000001110101
11110101111100011111111000011111101101010111111000000011011100110001001110101111011111010101110100110110101010011011100001
10000001010001110110111101000000000000000000001111010110001110000111100100000110000001110100010001100000000000111000001011
11111100011100000100000001011111110111010101100001111100100010110000111101110110110111111101000111110101010101110010111001
10001110111111110001011011111001000001111111110100001111110110010111110101011110111111011111010000110111010111011111100011
11101010110110000101110010101101110111111011011110100101011111111101100000001010101000010111010111100111010111000000111011
10000000000000101101000110000000000000010001011011111100001101011101101111111010000011110001010001110001010000011111110001
10101110101010111111111111111011010111000100000001010101111100010100000000010000101001110111111100011011010111010001011101
10111000101011110010100000111011010001011101101011010101010111000001111111000111101100000001101101011001010111000100001101
11111111111110011000001110101010010111011101111111010100000110011111111001110000111110110100000111010011110001101110100101
11101111010111011111111100000010110011000111010100000001110111010111000011111111110110010101010001011001100100100110101111
10000000000101010110000001101010011001010000000001111100110011000000011000000000100010111111010111111100110110110011100111
11011010110000000011111011111010111101010111111111111110010111011011110011111011101111111111111110110111111100110111101101
10010010110111101000000010000010110001010000000011000111111110001001111111111111000011010101101100010011100110010000111001
11011010100100001110110110110110010101110101111000010001101100111100010100001110011000000000000110110110101100111010000011
11110010111111100011111100110110111101000100001010111111000001111001000001100000111101111111010000000000000110001010111111
10000111100000001110001001100110101111101101011010001110011100001111011100111011101000011111111101011011011100111110000001
11011111111010100111100011001100000011000101001111100000111110100011000110001011101101000000101111111111000110000011011101
10011010101111111100001001111101011110010101100000110111100110110111110010101000000111011010000000010101010111010110001101
10110000000000010111011011000001000011011100111011110000001100010000010111111111110011011011101111000001010001111110100101
11111011111111000000011011101101011111000110001011011101111111011101011101010111111111010000100001010101010101101100101101
11000011100000010101011010001001000001101100111000000100111001111111011101000000011101111011111111111111010100000111100101
10010110001111011101010011101111011011000101110011101110101011100001000000011101000000110000000000000111111101110000111101
11010100111110011001011011001000011110011100011000100010000000001011110101000111110110011011110111111101100111110110011101
10011111110000111101001111111111000110111101110011101011101111111111110101010110111111110000010000000100001110011111000111
11011000000101110001101101100000010110000101111001101000100000010101011111110000000000011101011110111101111100111001111111
11111111110100011101101000111011010110111100011011101101111101110100001010111111101011111111000111111000000001101100000001
11111110000101110001111010000001110010001101001111000100011111100101111010101111111011010001010011101011111111101101111101
11011011101101100101011011101011000110111001011110010101110110101100001000000000001000000111111110000000000000000000001111
10000000001000101111001111101010010010111111000011011100100000000001111011111011111101010001101010101111010111101101101011
10101101011010101011101110001111010110001111110110000110001111010100000000001111111001110100000000100001010000111111100001
10100111001110101000000000101111110110100000110011011100100011011110111101111100001111111101101010110111111110110110110111
10101100011000111101011110100010100110101111110110001110101010001100000111100001100000001101111010111110000111100000010001
11111001011010110001010000101000110110100000010011100110111111100110110011001011111101101100011111101100110000001011110101
10000011001110110101111110101010110011101111111000110010000101101100011000011110011111111110110101000001111101111000011111
11010110011000111111110000101010110111000000001011111011010001100110110010110111000010000011110100011100000100001011000111
10011111111010101010000110111111111110011011101011100001110100101100011010000000011010111111000001111111110111011001011101
11111010110011100000111100000011000000110001111110101011000101101101011111010101001000000000010100000010110001011011000001
10000000111110001101100001101110010110111011010100111011110100101101000011011111011010101110110101010110011011111111011011
10101010011111111101101101100011111100011001000001100000111101111001011001000001001010101110110111010000110000000001011011
10101111000010111001001001001000101001001100011111111110001100011111011101011111111110100011100001110110111011111111111001
11101100011000000011011101011010001011011101000010000011111001000001110111000000000010111111101100110010011000101110101111
10000111011011010110010111011110101011011001011000111000001101010111100110011101101010000010111001111111001010000000000111
11010100010011110111010000000110111110011011011010111111111111110000001111001111101111111110111111000001011111010111110001
11010101011000110100011111010110000111011010011110000000000000011010100001111010111101000000001000011111110101110011011111
10010101011011100101111100011100101100001111000110110101111101011011101100000000000000011110101010110111000000111111001111
11010111111000110111110001001101111110111000010110011100000111001000111110101010111111000010100011110001101110011101011001
10011110110010010100000111011101011010011110111100111101101110011010010100101010000001110111101001100100101011110101000011
10111000000110110111101110000100001011001100000110000111100011001111000110111011010111000000101100001110000001000000011111
10100011010011111100111011011101111000011110110100110000101111011111111111100001010001111011111111011011111111011111000101
11101011011011001101110000001100111111011110011110110110100001111010111011110111110100001111010011110000110000000001010001
11001010011011100101011110111001101100001100111100010011110111101010000000110000010110111100000110000111110111110101011101
10011111010000110000000000001100001110101101100101011001011100000000101010100101011111111001011100111101010100111111001101
11110100011011100101010110101101011000101000001101001100000001010101101011110111111000000011110110001101000001101011100111
10000001010000110111110010101001111110101010100111011001011111010100101110000000110011110110110010111100010101101001110011
11011011011011110110100110101100011000101010110011111011000001111101101111101111110111011100011010000001011100000011011001
10010011010001100110001110111110110010111010111000101111010100101100100011000001010101011101111000110101000101101110011011
10110110011011110011011000011000111010011010100010001100011110001101111111110100000000000000010010110101011111000000111111
10100111001010000111110010111110011010111010101010101101011010100100000001110101011011010101000111111111000001101011110101
11110011011111110000111010011000111010001010111011111001000011111101111101000101001001010101010000011011110111001011010001
10000111001101000110011010110010110010101110100001011111011111011100011111110111101011010101010101000000110001101000000111
11110110011000010110110010011010100110100010101100000110000000000101000111100000101110010111011101101101100101101010110001
11000011010011010010011010110011110110110111100110101110111101011111011101001101100111110011000111000100101111111010110101
10011011011011011011011010011011000011100011001110111100000101011011111100011101110001111111111110011101111010111111100101
11011011111010011011010010110011101011110111101000000110111101000000010110111000110111011000000011000100010000000011001111
11010010000011010001011010111000111110000110001111011110000111101111110110001011100000001011111001011111000101011111100001
10011011010110011011110010011010100000110011011000000011010011000000000010101001101011100000001011000111110101111101110101
11011010010110111000010110110010101010100111111111011111011001111101010111101101101010001110101001010000011100000000111111
10001111011111100011110100011011111110101100000111010001111100000101110101100111111010100111101101011011111001111111101001
11011001001101111001110111001000110111101101010000000100001101111111100000101110100010110000111101110000001100000000101011
10011100011000111011011100011011100000000111111110101101111100001100001011100000111010110110000100010101111111010110000001
11001101010010000000001101001011001011010011001110100100000110111110101011001110001011110111111101011100010111010011011101
11101001111110110101011101101011101010011001100000101101101100000010101011100110101001100000000111001110110101110110000101
10001101111100100101000101101000101111001011001010100111111111010110101001101110111111001010111111111010000000010110101111
11011111010001110101011111101101111101101110011010101110000011010011101101101011110001101110010000000011011011011110100011
10001100000101000101000000101100011000000011111010100000111111010111111111000000000111100011000111101001111001011010111001
10111111010101101101011101111101001101111110100010110110000001010000001001101101010000110110010001111111100011000010110011
10100000010101111111000100000101011111000010111011110110110111110111111011000101110101110111010100000000110111101010111001
10111011010100110000010110101101110111111000000011000010010010111110111011010100110111000011010111111110111101001010011011
11100001010101111111011110101101110100011111110111110110111000011100000001010110110001101010010000000010011101101110110001
11111011110111000000000011111111010001001100000110000010011111000001101011010100110100111111110110111111110000111111111101
10000010100001110101011111010011000101100001110010110111000001101011111111111110100110010101111110110101111011111000110001
11111010001011111101000000000111101111101011111010110001101111111000000000000010110111000000000010000000010000000010111101
10000010101111010001111011010011001000001111011011100111000111011010111101101010110001101110110110101011000101101110100001
10101110111000000101100001110110011101011000000000110011010001001010000101101111100101100010010011101011101100100010101011
10101100001111010100110100110111010001110011010111111001010100011011010111000101110111101111110110001000100110111111111001
10111001011000010110110111100011011100011010010001100011011110111111110011010000110011000101111111011101101100000011100011
10001101011111011100110001111011011001001111110111111011000010000000011001010101100111110000001010010111111111101000111001
10111001010000000110110100110011011101011000000001100011101111111011111111011111110110000101111011000010110000111010001101
10001101111111101110010110100110010001111011010111110110000000001001010101111111010110101111001011111000000101110011011001
11011111110000001000110100101110110101001111110000110110101010101100000000110101010100101100011010111111111111011110011011
10001010000101011010010110101100110111100101100101111100101010100110110101100000010101100110111010000111011000001111011001
10101000101101010010110100100110110000110000001100000110101010101100010100001010110100110000000000110000000010100001001101
11111111111111311111111111111111111111111111111111111111111111111111111111111111111111111111111111111111111111111111111111
