111111111111111111111111111111111111111111111111111111111111111111111111111111111121111111111111111111111111111111111111111
110100000011001010001101010101000110110110001100101010100110110110000000101000001100011000001000011001000101011000110101001
100111011111100011011000000001011100000011101110001010110110110110111111101111100110111110100011111100011101001101100100011
110110001010111011011110111101000111111010101011011010110110110010000001100110001100110111101001011111001100011000101101111
100111011010101010001111110001011101000000101011011000110100111010111111001111011110110011001111001101100101111101100100101
110000000010101010111011010100000101110110001011011011100101101010100101101100010100110111100101100100110000110000001101101
111010101000101010110010011110111100111111100011011000110101101010101100100111000101100010110101110101110111100111111100101
101111111110001010011010110000000110001011111011001101100101100000001110110101010100001110100001000101000011110111010101101
100101001111101000110000011010111111101010000001100100110101101111101010110101110111101100001111011101011110100001000001101
110001011010001110111111000011110101000011111011110101100101101000111000010000110110000110100011010101000100111011011111001
100100000011101110101010011001010001111001110011000100110101001010001111010111100011101100111110010101011101100000000001011
111111111010000000101010111100000111001101011001110101110101101011011000000110110110000110110011010001000100110111011111001
111011010011111110100010100111110011011001011100100101010000000001001111101100110111101110010110000111011101100001010011101
101010011011000000101111110000000110001101000110110000011101111111111000000110110011000010110111101101010100001011110110101
101010110011111110001101011111110100111001101100111011111100110010101101110110110111111010110010101101010101111110110110101
101010010110101111011100010110110101101101101110011001010110010110101111000110110111110010011010000000000000010110000010101
101010110110000010000111010100110101001101101010110011010011000000000110010010110011010110111000101111111010110111110110001
101010110011011011011100000001100101011001000000011011000110011101111111111000111011000110001101111111111111100011010000111
100000011011110001010111111100110001001101101111111010010111001111010101101110010011110010111100011000000001101110010111101
111101001010100100000110110110011101011001101100110010111100011010010101100011010110011000011001000011110111100011010010101
111101100000111111011110100111000001010011001110011010100110111000110100110110010110110011011011111110111110101110010110101
100000111010011000001100110100010100011001101011011010101100000011110101100011010110011001011000110100101010100011000110101
111111111010111111011110000111111111011101101010011000101111111001100001110110000111011011111011100110000010101110011110101
100110101110011000001010110000101011010101000011011011100101110011101111010011011100000000110000110100111110000011001100101
101110100111001110100011111110000000000000011110011011001100011000000011011011000111111011100110110110100011011110011110101
101010101100011000111011011011111101111110110011011011101101111011111111001001110000110000001111110100001111001010110100001
100000001111011101100000000000000001000000010111011010101100110000100101101011110111100110111001100001011110011010100110111
110101011011001111111011010110101011111110110110011000000110011011101101001001010011001111101101110111111011011000001100001
111101011001101011001110010111111111000000110011011101010011010001100101101100000110011101101000000000101011011101111001101
101111011101100001101111111101111110010110000111000101110110000111001101100110111100110101101011111011101011001100001101101
100110010101101101000000001000101011111111110100011111100010110101101100110110101110010001100000101110101011011110111000101
110100110001101101111011100010001010101011110101111100111011100001101110110110100111010111101111100110101011001010101101111
100110111101100111000010001111100010101010010101100110011000110111100110110110001100000011000111001100000001101010100000111
110110101001110110010111111100001000101011010101101111010011100111001100010111011111101110011101101110101111000010001111101
100100001100100011111101010111111110100000000001101101000110110001101111000011011101101110111100000111100011101110111100101
110110111110001000110000000000110110110111010101101001101110000111000110011110001000000000010111110011001110100010010110001
100000011011011111100111111110000000000011111101000011000011110000010100110111101111011110110011000111101010001110110010111
110111001010010101111111100110101111101110111101011111101110011111011110110101101010011011110111011111101010111110011000001
111111101010110100101100110011111111111010010000000010101010110001001010110001101011010001010010001011001010001011011011111
111100000000000101100110111001010000010011011111111010101000010100011000011101101011010111010110101001101010111010011010101
110111011011011100101100101011011111011011000000001010101011111111010010110100101001010101010110111101001000111000110000001
100001111110001110100110001010001110001001101111100000000000101101010111100001100011000101000010010101100011101110110111111
111101100111011000110111101011101000100011111010111011011111101000000011111101101111101101011110110000111000000110110111011
100000110000001110110001001010101111111001010000001111001101001111101110111000100101101101000110011110011011111100000000001
111101111111100100011101101000000110011100011111100110011101011001101100100010001101101100011100110011010000000001010111111
100001010001110001111100101111010011000001011000001111011001001100000110111111011001101101110110011011000111110111110101001
111100011100000101010110100110011111111101111110100110001100011111101100110110001101101000010100110001101101011110010001011
101111001111110111010110101111001110000000101011110011011001010000000001100110111001101110110110110111000000001000110100001
100101011011000011010000100101011011111110101011010110001011111011111101110110001101100010110010110011011101011011111110101
110100011000011010011110001100010001010000000000010011011010011110101001010011011100111000011010110111001111110000001011111
100001111010110000110000100111011101011111111011000110011000110100000011011001010101101111011010100000011010100110111001001
111100001111111110010111101100001101000011100011110100111011100001111011001100000101100110001010101111110010101111111100011
100001111101010010111101101111101101111010111010000110101000111101000001101001110101101111011000000000110110000101001101001
111101011001011010101000001010001001100010001111110100100010110111111101101100010100001011001101110111110110111101011101011
110101011100010000001111101011101011111010111100000110101111100011010001100001111111011001100000110000000010000101001001111
100000010101000111011010000000101010101000110111110100101101001110000100111100101101011100110111111111110110111101011011101
111011010111111110011011111110000000001110110010110110100001100011111110100110101101000101100000011011111100001100001000001
101110000010111011011010001111111101100010011000100000001111001110110010101100000101101101001111111010011001111101111011111
100111011110000011011011101010111111101000111110110111011101100100011000001111011100100101011111001010111101000000000000001
110000011000111011011001000000000010111110010100011101000100110110111111100101000001101101000001011000010101011111111111111
100101001111110000001101111111111010110111010111011001011101100110101001101101110111000101011111011011110100000001000000011
111111100101011110100000111010110010010101000110001100001101110100101101001101110001101100001001011000000001011111011111001
111000110101001111111110101000111011010100010011100111100101010110101101100000010111100110111011011010101101001101000011101
101110010000011000010000101110000000000001111111110111101101010000100101111111010110101100101000001011111111100000011110111
101011000111001111011110000111111101111101000110100000101101011110001101001101000010101101101011111001000110001011000000011
100011111110011010000111110000000001000000010100001010000000001011100101011000011110101100101000011100011111011110011111001
111000101011001011110101100101010111111110111111101111011101111010001101001110110100100110101011110001111001110111000011111
111110100001100010000000110111010100000000100110001101111101011010100101101000010110101100000001010111100011000001101010111
100000001101111011101010111100010111111110001100101000100000001011110100101110110010101001110100000100001001101111111110001
101011111100000001111110011111111110101010111110111010001111101001100101101010110110101100010101011101111101100010010100111
101110000001010100010111010101101100000000000011111111111100101011110101100000100000000001111111111100111111101110110101101
100111101011011111010100010000001001111111011111100101110110101000110100111010101111110101011001110101101011000000000000101
101101111110011100010111011111101101000000001010110100000000001101100110011110100000011101011011010100001011011110101011101
101001010111010001000000000111101111111011100010110111111111101100110110110100101111111100001000000001100000000011111000101
111100000001111101101111110000000010111111110110110001110001000101100110110110100000010110100010110100101010101111011010001
100001101100110111111100000101101010100100010110110111000100010000001100000100001111110111110111110110111110101101011110101
111111111110000011000001010111111000110001010110110011111110111111011111110001100001010000011101011111110010100000000011111
100010110011101001111011110100000010000111010100110110101011100000001011011011111111010111111100000101010111110101010111011
111010010111101111011111111111111010101100010101110110100011111111011000000010110101000000000110111100000000011111110100001
100000110110100110010101001010101111111111000000010110111000000111011101110110110000011111111100001101111111111010111101011
111110110110110111010101100000000101011000010101010110011111110100001101110010010101111011010101111000000000110010101101111
100000000000100011000000101111110101001111111111000100110001100110111111011000110111110000010101100010101011100110000100011
111111111110101001111101111011010101011010110000010001111101001100010110010010010011000111110100001111111110110100110001001
100000000010111101101101100000000000001010011101011100011001101111000011010111110111101110110001100011010110000001111111111
111111111000110100000000111111010101100000110111001110111100000011110110010101000011000000010111111000000000111111011010101
101000000010000101111101110010011101110110010111111000001111111010110100110101011110011111110010111011011010010111011000001
101111110111110111101101011011011001000011000100110010111011100000110110000001011010111010110110101111111110110001001010101
101011011111110110000000000000001011101111110110100110001010111010000000111100000000000000000000001100000011110111011011101
100001011010000010101111111111111110111110110100001111100000000011011010000101101011111111110110100001111001000001010000101
101100000000101000111000000010110100110000000001111111101101111010001111011111001000000001111111110111111111011100000111111
111110111010101101111111101000100110011111111101000110111001000011101000000011101101010100001000011111000111000110110000001
100000111110111001000111111110001111001110000001110000000011101001101111101000100101010101011011111001101101011111111111111
111010100110011101110100000000100110011011110101100111111001101011111000001101101111111101000010101100000101011101101101011
100010110011110111000001011110110011010000000101111111000011001010100010100101100000001111101000000001110000000100000000001
111111111001110000010111111111111010000110110111000000010111111010001010110111101010100000101101111100110101110001101101101
100000001100011101111111000000010000110100100001110101010001110010111010110010111111101010101100000110010100010111111111111
111111101001000001110000011101000111100111110111111111011100011010001110011000000000101111100101010011010110110000000000001
100000000011010101011101111111110011001100000111000010010001001111011100111011110110100000101101010110011111111010101010111
101011011011010111000000110110111010011001110001101000111011111000010110100000111110110111101101010011001100011111111111101
111111011110010100010101110100000010111101000101001101100000011111010000110110101011110001100111111011100001000000000001101
110101110100110111111111000001010111100001010101101100110101010000011011100110000000011011110010101110111011111111111111101
100000000001111101101111111101111100001101010111111001111101111111010011110110101011111000011000000110111111101000000010101
111111111111011000000101100001100001011111010011011101100000110000011110000011101001110011111111010000101101000011101110001
101011011000011101110000001011111101011000010110000000110101111011111111101001111100011001110001111010001000011111111100111
100001001111001111111010101011111101001111010011101101111111000011000000001101011001111100010111101110100010111110010110111
110100011011101010000010101001100001011000010111001111000110011001110101101000001011010101000000000110110110000000110110101
100111010000000011101011101011110101011011011101111011101100110011000111001101111110000111110111111111110010101111100100001
111100011111111000001011001110000101001110011000110000101001100111110011011000110110110011000000000101011111111101110101111
100001000011011111101111100110101111011111110010011110000011110010100111111010000000011111110111111100000011010101000001111
111011111011010000000110001110101000011000000111000000101011011000110110000011010101000000110101101101101000000101011100001
101010110000000110101111101000111101001101011101101010101001010011100011101001110101011111100000000101111101010000000101101
100010000110110100100101101010111001101001111101101110101100010111111111101011111111000000111101010000010101011010101100111
101111101100011110101100001011101101101011000001001100111001010100101110101000000011011111110001110101000101001010111001111
101000001110110000111110101010001100111001101100011001111101111110000000001010101011000111000100110101011101101010001101101
111110100010011010001100111111100001100011000110110011100001101000101011011110111011110001110101111101111111101011101100001
100000110111111111011110001100111011001001101100100110001101000010101011000110001000111100010100101000000000111111001001011
111101100000101110011000111110101011101011000110110011101101111011101001101111011010000101010101101101101010000101111011111
100001101010101011010010110000000000111111011111100110000111110011001111000110011110111111110101001100111110110000011001101
111101101110100000010111111101110111110101111011110111010110000111100001101111001100000000110100011110000010111011001101001
100000100111111010110100000001000001100000000000000100011111010001110101101100011111010111110101000010101110011110011001011
101010110101100010100111101101101011111011011110101110111000011011000100111111011011010000011101011110100011000111111100001
101010110100001010110100001001101011000010011000100110100011010011010101100000000011010101001101000110101011010000011001011
111111111111111111111111111111111111111111111111111111111111111111111111111111131111111111111111111111111111111111111111111
