1111111111111111111111111111111111311111111111111111111111111111111111111111111111111111111111111111111111111111111111111111
1000100110101000101010100110101011000010110110101111010010101001010110001010100001100100100000000000000101000110011011010001
1110101100001110100000001100001001011010100000000110010110101011000011101010111011110110101111111110111101101111001010000101
1000101111011100001101100111100011111010110111101111010110101011111011101000110010100000111111000000010101000110011000111111
1110101011010111111111110011001110100000011110001100010110000000111000000010011010111110011000011011000101011100110010001011
1010000000000011100010100111011000111111011010100110110011110111101011101111110010011000111110110011110100000001100111111001
1011011111111000111010001100001110011111011011101100000110000010001010001110011010111101111011111110000001011111110101001101
1000011000101110011011100111011010110000001011000001111111111010111111101011000000101001010000010111110111110110100000011001
1111001110000011000000110011010010111110100011011100011011011010001100001011111110101101011111000100010010100110111101111101
1101111111110111111011111000011010011111111011110001111010011010111111100001010000000001011001110111010110101110010101011001
1000101011100110101011001111001000110011111010111100101010110010011010110111011111110100011100000101010110100011000000011101
1011100010110100000011011011100011100110101010000110000000011000111010100011010011110111000111110101010010001001101111010101
1000111010100111111011011000111010110100000000111111101110110010110010111001010110011111010110000000000110111101111011010101
1101101000110010101011011010000010110111011110110101001000010110011000101101010011001100011111111110110000000111010000000101
1000101110011000000011011111111010110001111000110101101111010111111110101101000111101111001101011000100111110011011111110101
1110001111011111111011010100111000010111101110010001101000000011010100001101110010101010011101001111110100010110010000000001
1011100000000010101010000110101111010011000000110111111111011110000111011001110110000000111001011011000001011111011111110111
1001111011101000000011101100101011011011111110110000001101010111101101010011010111101110001101010011110111111111010110100001
1011011110001111111001000110101001010001100000000111111000000011000101000110000010111010111001011010110000110110010110001111
1011010111011111011100010100001101011101111101101101101111110111110101110111110110110000001100000010100111100011010011100101
1010010011111000001110110001100000010101010111100001101000000001100001010101010100111101111111111010101100101111011010001101
1011010110100011101011111111001010110100010111001111001111110111110111000101000001100000101011011000100001100101010011100001
1000010110111111000001100001111110010111000101101010011010100011000001110101111101111110101010010010001111110001011001101111
1101000110101101111101111011010111000111110000101011011010101111111100010101100000001100101011011010100000111011001011001111
1111110110101000010001000000000001101100011110101011000000000010111001110100111111100110101010011111101101100001101011011001
1010110000101111011101111110111011001001111000000001111101110110001100110101100110101100101011010101001111111101101010001011
1000000110000111011001110011111011101011001111111011110111110011101001100000110100100110101011010101100011010100000011011001
1111110011010000000011011011000000000001100111011011010110010110001011111101100110101100101011010100110110000111110111011011
1000000111111101011010000001110110111011001100010001010111010011100001101000110000100110101011010001100111110111010010000001
1110110010100001111011111101100111110000011111011011010010010110101011101010011110101100101011011101001101100001011010111011
1000100110001111000001000000110100011111000000000000011011010110111011001111011010100110100011011001011000110111000000011111
1011110011111111111101111101111111011011101010111101110000000110011001011110000010101100001001001100001101100101011111110101
1111000110111000000000010000101010001010111010110000010111110111011011010011111000001111011100011111011100110101000100100101
1101111110101101111111011110101011100000111111111110111110000011001001010110000010100001111001110010011001100001110101101101
1000001010101111100000000000100010111110100011100000101011111011101011010011101010111011101101011000111101110111000100001001
1111100000101010111110110110001000011100101110111110001010100000001011010111111111111010101001011010011001000101101101111011
1000001110101000101111111111011101000110001100011111101010001111101011000010110101000010101101001111001101110101001101011001
1010111000000010000000011101010111110000111110110000001011111100000000011110100001111010101100011111100001000001011100000011
1010100011011111011111010101110011000110001010111101101001110111111111011100110111011000101110111011001101101100000101111111
1111111111111100010000000000011000010111101010101111100011010100010101010110110110010010000100101001111101101001111101110001
1101100000000001111111011110111101111100000000100110111000010111010101000110000011010111110110101011100001111100001101010111
1000111111111101000011111100011111001111111110101100001011000100000000011111110110011101100110100010110100110001100101000001
1010001101011111101010000111001011100111101000100111101011110111111111011001110011001000110110111000111101111100111101011111
1111100000000011111011010101011001110000101110110110101110000110001100001101010111101101100100100010011000110001100101001001
1101111101101001010001110000000011011010101010010010000111101111101111011001010011001100110110111011011110011100110101011011
1000011111111100000100111111011010011110001011011011011101101011001010001101010110011001100110101111010110110101110000000001
1111000111010001110110000001110000110100100010000011010101001010011011011101010111011011101100000110000000000000011101111111
1101101100000111111111111100111110110001111011111010000001100010110011000101010000001001001111011111101101111101111000000101
1001101110111110011101101110000000100101000001010000101100101000011011110101011111101011011011010101000111100000101011111101
1101101011111011010000101011111110111111101100000101111001111110110010110101000101001001001010000101111100111010101000010001
1001101011000000011110000011110000011010111111010101010011010000111010100101110001100011011000111100110110011110000010110111
1100001010010111000000111000000111010000111000011111011001011110000010110100110111111011010011100001100000110111110111110101
1111101011111101111111111111010100000110100011111010011101010100111010100101100011010011011001101111111010010011110101100101
1010101010101001110000000000010110111110001011100011000001010111110010110000111011011010011101100011011111000110010000110001
1010000000000011011111111111011111111000111010001001101100010001011000011101101011011000110100110110001101110011000110111101
1011110111111000010001110101111000001101111111111100001111011100001111010101001011010010100110110011101100000111110111100001
1010111111011111000100000000101111101101100110000001111000001111011010000101100011010111110100110110101101010001100101111101
1010101101010001011101111101101010001111110000101011111111011010001011010000110111000001100101100110100101111011001100110101
1000000001011100000111100001100000100000111101111111000000000000100010011101100001110111110000110110101111001001100001100001
1101110100000001011110111100111111111011101001000000010101010110111011111000101100110010011110110010100011101100001011101101
1000011101111011001100101110010101010001001111111101010101111111100000001110111101100110110000110110001110000111011110111101
1101111111111111101101100111010001011101011011000001110111101011111011101010110000110110010110000000111011101100010110010101
1111000000001111111000001101000100000000000011101011111110000010100011100000000110010110111111110111110010100101010111000001
1011111011101011010011100001110111111111111010111111011000101000001110001010111111000010011000000001011010110111000001011011
1000111111101001011111110100100100000001000000011000011111101111111111011111100000011010111111110111000010110010011101010001
1101100000101101010110011110111111010100010101111111010111101111111010010100110101111010011011000101101000111000110101111101
1000001110101000010110110000001101111101111100101100000000111000000011110101111111100000110011110000111110101110110111101001
1101011000000011000010111010100001110001111110101111110110011111011000100000011100111010011001000101110110001100010011001101
1001001111110110011000001111111101011011010100101001111100110111111110001010110110101111011101011111000000111110110110011101
1111111010110011111111101101000001001111010001101101001110110000100000101110000000000110010001001011111110011010000110110101
1110111000000110001000001101111101101101000100000000011010000110111110101100101011110011000100011001101000111000101110000001
1010101101111111101101101001100000000000011110101101000000101100000000111110101110000110010101001100101110110011111011011111
1000000001111000000001001100101111101011010000101111111011101111011111110111111111110011011111101110101100011000110011001011
1110101101001101101101100101111010001111111101101010000001111011111000000100111000000111111011000110000111011011110111100001
1111111111011111111111110001011011111110100001101000101101010000000011110001101101010010110001110011101100000000100110001011
1011111010001011011011000100000001011010111111101010111111000101111111000100101111111000111011110110000111011011101111011111
1010100000101010000000010110110100000000001110111111110110010101110110011110000100101110000000010011101101110011001100000001
1000111111100011111101010100100110111010100000001101100111111111000000111010110110100000111111010110000101100110011001111111
1101100011110111011111010101111111111111111111011000110101100010010101100010100000111111101100010111101101001111001101111101
1001111010100010010110011111000000000101110100010010010001111000111111111011111110110110001111000010101101011011011000000001
1101011010111011000100111011111111110100100111011111000111011111101011010011011100000111100101101000000001001011000010110101
1001010010100011110111110010000101010110110101010101110011001110001001000110010111110001110001111111111100011011011111110111
1101011010111010010011011011110000000000000000000001111011011011101100010011010101011011011100011010110111001011010101011111
1000001010110011011011010011011011010101111010111011010001011010101101111000000000000000000001000000000111101011010000001101
1111101000011000011011010110011011111111001010100000000100000000001101100010111111110101011101101011010000000001010111111001
1110001110110011000000000011010001101011101111111011101110101011101111111111111100000111111111111111111011110100000000101011
1011101100011111111010111000011011000000000101000011001100101011000010000000000001010100000111010101101010000101101010000001
1000001101001101111111100011001111111111110101110110011111101011111011111010110101011111010000010101000011011100101011010111
1111011111100101001111101111101100000000000000000011010111001010000000000010010101111000011111010000011001111101111111010001
1000000111110101011010111100001111111101011101010110010000011111010110110111011111101111111110000101010011110000000110010101
1111110101010001010000010111100110111111111111011100111101110000011100100011011000001010100000110101111010000110110011010101
1000000000011101011101000010110110100100100000001101100000110101111001111011111111100000001010100100001111011110111111010111
1111110101000001001111111010010010110110001011011111110101111111000011000010110000111111011110110110111101000010000001110011
1000000111110100011001110011011010010111101010001011000101011011110111101110111101100000010000011100110000010110101100011001
1110110110111111011011011001011011010100001010100001111101000000111110111100101000001101010101110001111101011110101101111101
1000100100011000000000001100010000000001011011110101011001111110101000010110100011011001111111111101100001000011111111101001
1111111111001111010111100001000110110101010000110101000011100000001111000010001110001101001000000001111011101000011011001101
1111011011101011110111111111101100110101011011110111010110111111100011011000100011011001100010101100001001111011001000011111
1000011000000000000100000010000110100101010011000011111110111010001000011010101111111111110110100110101111011011100010111001
1111011110101111110111111011010011101101010111111110011000100000101111001110100010110111000110101100100110000000111111100011
1011001011111010011100000000010110000101011101101010111110111110111000011111101010010000010110111001110110111010000110001111
1011101011011011011001111010110110101111111101000000110100011000011011010000001111000111010100110011100100110010110011011011
1000000010000000001011000010011110100010110101111110110001000010111111111110100011110111110110011000111110110110111001010001
1010111011101110100001111011110000110110000001100010111111110110110100000000110110000001110100110010000011100110001100000101
1011100000001110111011000000110101110011111101111000101010100111100001111101110011101011011110111010111111110110101001111111
1010001101101000110011111010110101000110000000000010000000001101001011000001000111101010000000011110001100000010111100001011
1011011101001101111010000010010101101111110111110111111010101000011011101101110100001011010101000111111111110111110101100001
1111011001101001101110110110111100111101110110000101100010101101110000111111111111101001111101110011100011000001100001001011
1000010011001111100000100100101101100000000110101100001010111111111011111000000000001101101000011110111011101111001101101011
1111011011101110111101110110000101110110110111111111111010111011000001100010110101101101000010111110101000000001101000101001
1000010001111010000001000111010111011111110001100010000010100000011011110111111111101111101010100000000011101101101110111101
1110111111000000111011101100010100010000000101101000101010111110111111011101010000000110001011111011010110001111101000011001
1000100000011101100010000110111111011111101100111101111111111000101000011000000101010011111111011010010100100010111101001101
1110110110110001101011101110011010001111000111110111010011100010100011000010101111011110000000000010111110101000010101011001
1000100100011101101111000011111011100000010011000000000110001010110110010111101000000011010101101110011000101010110001001101
1101110110111100111100010111101010001101010111111111110000101010110111010100001110101110010111101000110010101011111011101101
1111111111100001100001010100000000100111010110111101110101101110100100011111111111100011010100001010111010101001011000101001
1010101101110100110101010101110101101100011100000000000111111000101111111100000000001110010110101010011010111100001101101011
1000001100011110111111111111010111101001110001111010101111011110101100000001010101011000110100101110110010110110111000111001
1111100111011011101010101010000000111111000111011110111000000000111111111101010101011010110101111110111010000110001101111011
1110110101000000000000000000101010001100010100000000110011111101100000000001110101011010011111000000011011101100101100001001
1000000101111011011010101010101110111110111111111101100110000000111111110111000101111110111011101010110001101101100101011101
1010110000000011011010101010100110110000100000000000110011011010100000000001101100110000100000001010010101000101001101001101
1111111111111111111111111111111111111111111111111111111111111111111111111111111111111111111111111111111111111121111111111111
