11111111111111111111111111111111111111111111111111111111111111111111111111111111111111111111111111111111111111111111111111111
10000101101010110110110010100011011001100011001101010110001101010101100110010101011010001101101000000110110010101000010100001
11101101001000110010011010101110010011110111100000010011011001010000110011000100001000100101001011111100011010101011110001111
11101101101011111010111000000011011010110100111111010111001101000111100110010001011011111101100000000111011000000000110111111
10000101000001011000001101111110000000110001100000010001100100010111001100111011111011011001101111110101011011110111100101001
11110001111011011110111000010011111110110111111111011011110101111101011001111110110000001011000001111100001110110110110101011
10000111101011010000110011110110000100110010111000011001100101011001001101010100011101111001101111011001111100000010110101001
11110011001011010111100110000011110001111010101111011100110101011100011001010001110000000011000011011101011001011110110101011
10100111101001010100110111110110011100000010101100010110010100001101111101000111100101111111101110001101001101110110110100001
10001110101101010101100010100010110111101000101111000111000111101000110000011100001111010110100011011001011000110110100001111
11101000101101010000110110111010000100111110001000011101110110001011110111110101111011010000001110001011011110010110001111011
10101110001100000111110010010011110101100111101111000101100011101001010011100101011000000110100011100000001011010011101110001
10000010101111110011011011010110100000110010000000010000101110101011010110110101011010101111111110101111111011010110000000101
11101110111000110111010000000010111101111011010111111110100110101001010100110000000011111101111010101110011011010010110101111
20100110001110000101011110111110111000101001111101101100101110100011010101100101111111111000101000000011011011011000011111111
10110010111111010000001100001010001110101100101101001110101010111010000000001100000000101110101110111111011001011011110010101
10111000101001111110100110111010111100000110100000011000001010100000111111111111011011101100101010001100011011010000011010101
10000010100011101111110100011010111001110110111011001111101010110111110000000111111011100110001010111111010011010111011010101
10110111111011000001010101111010001101110110111111100110000010110011010111111100101110110011101010001010010110000001010010101
11110101010001111100010100101010100111010010101100110011110110110110010000000001101100111010101000111011000011011101011000001
11010000011101010111000001100000101110010110001110111011000110110011000101110111100110101010100011101011110110001111110011011
10000111110000010011010100001111111011010000111000101011110010110111110111011100101100100010101111100010110110111010111011001
11110110010111010110010110100000110000000111101010000001110110110010110010001101100110101110100000111000110100000000011011111
11010011011101010011111111101011111111110101101111101100000110100110010110111101101100101010001111101110100110111101010000001
10011001011001010110101101001110101101110101100110111111010010101110110000011001101110100000100011001100101110101111111011101
11011101011100010110101001100110101001010101001100011011110110001010100101001101100110101111101111100110101100000010110010111
10000100001111000010101100110110101100000100011110110000100111100010001111100000110010100000100110110010101001011110100110011
11110001111011011110100101100110101001110101111110111110110101101110111010110110100110101111111100011010101011110110101111001
11011100001010001010110100110110001111010100101100010100100101100000000000011110110000000101010101000010000001100010101100011
10001001100011011010010101100010111110000101100111010110110101101111011111111011100101011101010111111010111111001110100111001
11101100101110000011000001111010010011101100101100000110000001001001001010110001001111111001010110000010110111101100001101011
10001101111011110111111011001010110111000001101111110011111011011011111000011011011110101011000111101000010101100110111101001
11011000110010110010101011100010100110011111001011000110000001000001110011110000001100000001101101111110110100110110011000011
10000011100110000110101010111010101100110001100001110011010100011011011001011011100001101111000100110000100001100010111101111
11011001110011110100001010010010101001111011111011010111110110111111001011011000110100111101110110011010001111111000011000001
11001011000110110111100011011010101100010000111001010010111100001101101000000011111111100000110011001111100010110011110011111
10011111110010010110111001011010001001110111101011010110011001111000100011011111101010110111110110011001001110110110011000101
10110101011000110100101101010011101101010010101001010011000011011110001111111110000000110110100011011101101100110000110011101
10010101001110110101101101011010001101010110000011011011101000010100101110000000111111110110110110001101101110010111110110001
10110101011000110000000001001011011000000011111011011001111011110101111010101111100101010010100011011101101000110101010111101
10010101001110111111111011011010001111101110010011001011011010010100110010111011110100011010101110011001100010110101010010101
10110101011010011010011010011011011010100011011011011001010010110001100110011010100001111010101010111101001011100001011000001
10110101011011011011010011011011011000110110010011001101011000010111001100111000101101101010101010110000011111101111011011111
10000101010011000000011001010011011110010011011001100000011011000000011110001110101111000000101010011111010110000111011010001
11110001010111111111011100011001010111000110010011110111011111011111110100111010101011111110001000110010010000101100011000111
10011100000001100000000101111100010011110011011001100101110110011110000001111010000001010100111011111011010111101111001101111
11001110111111111011010000011001110110110110000011110101110011010000111111101010111111010001110011110011000000111010011000101
11100000010111000011111101111101100110110111111001100000011011010111111010101010101010000111011010100111101111110011011011101
10111110110001110110110100011001110010110101000011101110111000000000101000101000001011101101000000110101100011010110010000001
10110100110101111100000001111100000110110101111000000111101111011111100011100011111010100000011111110101101000000111000110101
10100001110111011111101100110110110110100100011110101101000101000001101110001001011010001111001101000000001101111101101111101
10001101000011000010111101100111100110101101110000111001011100010111100011011111010011100001011101111011111111010001100001111
10111101011111111000010100101100110100100000011010011101001101111101001010001110010111101111110101000001110110010101001101001
11111000000101101111000110101101100110101111011111001101011100101000011111101011010010100000110101110111000011010111100111011
11101111011101001110011110000000110100000101110111100101010101101011110110001010000110001111110101010101101110000010110010001
10100010001001101011011011101110100001111100110010110001010100000000010010100000111111100011010101010000100011011110100110111
10111011101011000011010010000111111100011101111010111101000001111110110111101111101000101110010100000110101110000110001110101
10101001100001111011011011101101011001110000110010000000011111000111100011001111001110100011000101110111101011011110111010001
10101100111101110010010001001101010011111110011011101101000011010001101110011001100110001111101111100011001010001100100000111
10000110101101011011011101101001011011001111001010101101111110011111001010110011101100100110100110001001011011011110101110001
11110110101101011011011000001101011001011000011000100101000011001110011010110110001110101100101111111100011011010100001011101
11100000001100001010001101101000010011001101111110101111111011011010110000000011011010111101100110010001110011010111100000111
10111111101111011011011001001111011011011000101100000010100000000010011011011110010000010101101111011101011001000101001110001
10011011000010011001011111100001010000001010001001111110111101111110111001110011000111110001101110011000001100011101100011111
10110011111010111101010110001100000110111110100011110000110101011100101011100110011111010111100100111010101101111100001111111
10111010111000011001000011111110110111100111111001010111110100000110001010101111000101000100110101101110101100100001111100001
10000000001111001100011111100111100000110011010011000001100001111100111010100101011101110101100100001100111001101111110001011
10101111100111011101000110110101110111111011011011101111111011100110110010001101011001010000110001111110011100000000000111111
10101000001100010111101110000000010000101011001010100000110000101100100110111101000011011101110111011000110001111111011101101
10101110100111010110000011111111010110100011101010101101111011100110001100011000011110000101010101001110011011100111011100001
10111111110011010111011111011010000111111010101010000101010001001100111111001011111011110001000001011000110000001101110101111
10100001010111010011010110000000101101100010100010111111011011011110110011011011101000111101101111001110100111100100000000001
11111101010100011010000011111101111100111000111000001011011011010100000111011000101011101000000011011010101101111101111111111
11011000000111010011111010101000111001101110110010111011011001010101111100000011100001001111101111000010000000111000000000001
10001111010000011011011010100010101011001100000111100001010011010000001110101000101111011110101001111010111111101101101101111
11011000011011011011000000110110001001101111011111111101011010011011011011111011100011001010001011000010110000000000111100001
11011111111110001001111011111111101011000011010010110101010000110001111001010000001001101011100001101000000101101010010111111
10010111101111100011011000101001001011111000010110010100011010000100001100000111101100101011001111111101111111111111010011001
11000000000010111001010010101101101001101111000000110101110011111111111001101111111111101001101000110001011010000011110111101
11111010111000001100010110100000101011001101101111110100100110000110101111001100010011001011001011111101000000111110110001101
10000011111110100111000011110110001001101100001001010001101111011100000110011101110111100011011011001000010111111000011011001
10111111000000110011101111011110101011001111101011000111100110011110111100110000110010101011011001101101111111101111000001101
11111101111010011000000110011011101001101011000010010011001110110000101001111110011010111010001100101100000000000110011111101
11100001111111110011110011010011000011001010010110111110011100010111101100101010110000110000111001101001110110101111000011001
10111101001101000111000110011000011001101010111110011011011001000001101101101010110111111010001100101011011111111100011111101
10110101101001111101110011011111111011000000011010110010001101110101100001100000010101011011111110100000000110000111000101001
10100000001011000000011001001101100001111110111000011000111000111100111100110111110101010001101100001011011111011101011101101
10111011101001111111011100011000111011011100101011111110001011101111111001100011010000011011000101011111110110011000000101001
10101110100011100000000111001101100000000110101011100111011010101011001100101110011011110011110101111110110011001101111101011
10000110101011001111110111011001110110110000000000110100010000001001011001101111010010011010000000001010110110011001100000001
11011100111011111000000000001100011111111110111111100111010111111011001101100011011010110000101111100000010100111100101111111
11001110010010110011111111101101011101010010000110001101010101110000011001001110011010000101111111110101110001101001101011111
10011011011010011110000000000101110100011000110011101001000000000111111100011011010000101100000000111111000100001100000000001
11010010011000110111111111110101100101000010011110101100011111111101101101111001011011111110101111101010011111111101110101011
10011011001101100100111100110100110111111111001100001111010010110101101101100011000010000110100000000000111010011000010101001
11010001101100110110000110000001100010100110011111011000000110000101101000111011111010111111110111110111110010110010111111101
10011100001110010111101111011011111010110011010101001111011110111101101011101001110000000011011101011110011010000110000010111
11010111011011010011000011111001011010111001010100011001000010110000001001000011011011111110011101001010111000101111111000011
10000111011010011001101110101011011010001100000111001101011110011011111011011110010000001010110100011000101011111100001011001
11110000000011001101101000000000011000111111011101101100001010111011010010000011010111100000010101111011100000000101111110011
11010111110110011001101101111011111110001100011000100110111000100011010110111110000000101101000000000000001111011101110111011
10000011000110111100000111110000110010101111001110101100011011101111000000111100111101111111110101010110100001111000000001001
11101011110110001110110110011010111010111010011100100110111010000110011010000110010100001010111101011110101111101011111011101
11111110000000111011100011011011101000010011010110101100010000101110111110111100110101111000000101001100101111000000001110001
10110011101010010011111010001001101111011011010110000110110111111010001111100110110111010011010111101101100000011110111111111
10000110111111000110100011101101101000011011010000111100000000110010111011001110110011000111011111111111110111000010001010111
11110100011001110000111011000000101111011010000101100001111111111010101001101100011001011101111101010011011111011111111010101
10010110111101011101101011111011101000011010111111111100001010011000100011101101110011010100110101010110011001111101011010101
11000000010100010101100010101001101111010000000010011001011010111101101110101000011010000001100000000011000011110101011010101
10010101000001000000111000000011000101011110111110111101111010011000000010101011110000110111001111111110011000000000000000001
11010101010101101010000011011000010000010110100000110101110011001101111110100001011011111101011010111011011111101111110101101
10010101010101001011010111010011111111010100001111110100011010011100000110101111000000000000000000000000001111100100011101111
10110101010111101110010110010111101110000111100101100101110011000001111100101000010110101111101101010110100000110001111111011
10110101011100000011011111111110100011110110001101001101011011011111110001100010110011100001111111010010101011110100000111001
10011101010001010110010011101010101110100111100101101101011010000000000100001111111111110100000001110110101011010101101101101
10111111111101111111111000000000001010110100110101100101010000111111010101101101101100010110101100011100101000011101001101101
10010110011111111100011111111111101000000101100001101101011011100011111111100000100001010010100101000111111101111111100000001
10110100110111010101110100000000100011110101001111001100011011001110100000111010001111111110111111101100001100000010110101101
10110110000101000101100111111110110110000101100111011111011001100000001110001010100001100010000000100001011001011110000100101
10100000110000010000110111000000000011010000101101001011001011001110100011011011111111001010101010111111111101000011010101111
10110101111111010110010101111111101111111110101100011010011010011111111111111001011100011111111111110110101101011011010111011
10110101100000011111000000100000001000000000000111001011011010111000000000001100000001110101010101010100000111111111010000001
10011111111011111101111110111011011111111111010101011011000000000010110101101111111100000101010101010001011110101101111010111
10110000000011000000000000000010010000000000010000000000010101010110010100100000000101010000000000000101000000000000110010001
11111111113111111111111111111111111111111111111111111111111111111111111111111111111111111111111111111111111111111111111111111
