1111111111111111111111111111111111111111111111111111111111111111111111111111111111111111111111111111111111111111111111111111111
1000011100110011000100110101100100101100101001101111011000010100101101001101100110000011011000110100101111001010100110101001101
1101001001111011010001100000101101100110101101100110001111000101100001011001101111111011000011110101100110011010101100101011001
1111101011000011111011111010000100001100101000110011011010011100111101011101000110101011111001100000110100110010101110000011011
1010100011111001101001011111110101111110100011110111011011000110011001010001011110101010110011110111100110011000101010101111001
1000111010101011001011000110110001010000111010100101010001011111001100011101001010001010011000110010110010110010101010101010011
1110101010101001100001101100100111011110110010110001011101011011011110110100011011101010110011110110110110011010000010111000111
1110000000101011111011001110101101010100011010011100001101010011001010110111011010100000111001100010110011001111111000001110001
1000101110000001100001101000101101010101111010110001111000000111101010110010011010001111100011111010100111011001000011111010111
1110111111011100111011001110001100010000110000111100111101111101100000111000110010111000111010101010101100001101110110101000001
1111100001110101100001101011101111000111111110001101101001101101001110010011111010011011100010101010000110111101010100101011111
1011111011000001110111101000001011110100110000111101001100000101101111000111001010110000111010101011011110010101000110000010001
1000010001101100000110101111101010110101111110110000011111011101111011110101100000011011110010101010001100110101110010111110111
1011000100000110110000000111101010100001010000011111000110001100110010110000111111000001011010101000111110010100011010000000001
1010010111101100100111011100001010111011000101000110011100100110111000000111101101101111011010101101101010110101110000111111101
1111011111000111110110000111101010010001111111110011010111110010011111110110101000101000001010000000001010100001100101110111111
1000010000011111010011010101001011000100011010110110000101011010110100000010101010001011111010110101111000001011111101010100001
1101011101010000000110010001100001110111110010000100111101011010110111111010101111100000110011110111101101111001101100010001111
1111111111111111011111111011111101000011011011110110001101010000000110000000100110101110111001000110000001001011000001110111001
1010000010100000011000100011111101110110001011100111011001011101111111111110001100000011101101101110110100011111111100100101101
1011111000111010111110111001100000000011101000110101010011011000101011011111100110111111001100000000011111110001010110001100101
1001110010001111100110111100001011111010101011100100010110011110101010010000001110011001011111011111000001111101000100111101101
1100011111101101110000000110111111100000000010110111010011000110001011011111101010111100001101001111110101011001110110000101001
1110111101100100111111011111110100101011111010110110010111011100111001011011100010101101111000011000011111001100000110111100011
1010010100110110010101001101100110111111100010100111010101000110011100000000001000101101101110111011111011100111110100001101111
1010110110100011000101100100110110110100001000001100010101011100110111111101011110001100000110100000101010101101100101111000001
1000000010110111110101110110000000110110101011011111000001001101110100011111110110111001011110001111101000000000110101001011111
1011111010010011010100000011111010110111111111010110010111011001100101110001100000010011110100100000101110110101100000011001011
1110000000110110010111111010011110110101010100010100111110011100101100010111111111010110110001111111100110011111111010110011001
1111111010000011010101011011001100100000010111010110111011010101101001110011010000000010011011000011001100111100110011111001011
1011111010101000000001010011100110111011000101000000010011010001101101011011011010111000110000011011011001110110011011000011011
1000001010111010111101000110101100011110010001111111011001011011101000011001011011100011111011110011010011010011000001110110001
1111101111110010100101110100001111001111111011011011011011010010101011111101001111001010011001010110011011000111110100110011011
1010101111100111110001110110100010011011000010001010011001000110101011010101100110011010110011011111010000011100110110110110001
1000101010111101011100000111111010111001111011101011011011011110100001010001110111111000111011001100011011110110110100010011011
1110001010101001001111110101000000101011000000000001011011000100111011011011010011100010101011100111011001010010111111000111001
1011101010101101101000100001111010000001101110110100000001011101100000011011010110111110001010101110011011000110000111110001101
1000000010101101001110110111111111110111111100100110111011011000110111110010010010110111100000000011010001011100111100011100001
1111111000101101100010100101001101010010110110101100110011001010110110011011000110100101111011111110000111011001100111010101111
1010011110100001111000110001101101010110100011111101111001101110010010110001110110110101011000110111110001001100101111000001001
1010110100001111001110000101101000010100101111000111110011100110110110011011000110000101000011100011010111011001100101101011011
1000100001100011011000101100000011010110000101110100100110001110010110110001110011011101011010110110010101001101101100111011001
1110101011110111011111111111101010000000111101100110110011101100110100111011000110001101111010110011000101011000000101100001101
1010001110000101000111010100001010111110011000110100000110001101100110101011110011100101100010110111101100001101111100111100001
1011111111110001110101010111101111111011000011100001010011101100001100000001100110110101111000110011001101111100101101110110111
1010111011111011100101010110111101100011110110111101011000000101111111011111110010110101011101111001100101010001101100010110001
1010001010000010110000000010110000001001010000011001001111101101011001011101011010110000010101111101110100000111100110110100111
1011101011101000011111110110011011011100000110111011011000001100001101000101000010110101010000110101010001111101001100010110001
1011000011111111011010110111011111110001101110101111111111011101111001011101110110011101111101100000011101010101100101110100111
1011110110110101011000100101010100100100111010101100110111011000001100010101100000111000110000111011110100000101001101010110101
1000000110110000001110110101010110110101111000001101100101001101111001110100110111101110111101101010110101111101100101010110001
1111110010011111011000100101010110000101101111011100110001101001001101010101100000101100011000101010010101110101110000000100111
1010011011000000011110110101010111110111000000011001111101001100011001010100110111100110111110101011010000000100110111111101111
1000110001111111001100100000010101011111111111001101010001100001111101010101100001101100011000100011000111111101100000000000001
1011111011011011100110110111110100001100011010011101011101111100101000000100110111101110111110111001101110101101101111111010111
1001100001010000110000010011100110111111011011010101010101001101101111110101100011000010011000010011101010101101101000001010001
1101110101011101100110110110110100110110011010010101000000011000000110010001101111101110111111011011001000000000100011011111111
1001011101011000001100010110110110010111001011000101111011001111011111011101100011000010101100000011101011101110001111110100001
1101011000001101011001010000000110110101100001110000001111011011010101011001001001110110101111011000101000100011011110110101111
1101011111011111111111011111010000110001111100111111101100001010010101011100011111000110000111111110101011111111110010010100101
1000001011011111110000010001111110011100110001101101100111101011010001010110110111101110110101101010100000000111111010110101101
1111011010001101011011011101101011001101111011101000001100000010011101010110010101001010111101100000111011010011010000000000001
1110010011011000011110001001100011100101010001001111100001111000111100000110110101101000101100101101100011110110000111111011111
1011010110011111010100101100111001110101011100011011111101000011100111011100110100101011100101111000111000111111101101011110101
1011010011001010010001100110011100000000000111010010101111111001110000011001110110001001101101010011100010011011000000001110001
1011000110011011011011110000110001111111101101000110000010011101011111011101010011101011000001011000101111111001101101111010111
1011110011011010011111011110011011000000101101110111111010110000010100010100010111000000011111011101101111101101001111101000001
1001100110000011001100000111001111011110000101000001111010011101000111000110110001110111111011010001000010101001101010000010111
1011110111101001101111110010011101111011110101110111001010110111110101110110111011010101001011011101011110101011000000101010001
1001010010111101100011011011000001100000000001000011100000000110000000010000011001000101011011011000001000101011011111111111011
1011011010110101101000010001111100111011111100010110111110111111111101000111111101011101011011011011111011100011000101110101111
1001011010110001101111011100011001101111111101110010101010110010101111110011011001001100011011011000001000101000010000100001101
1101010010011101111010010110111100001100000111100110001010110110000001111000001101011001111000011011111011111011111011101111001
1101011010110001010011000010111111011111110110101110100000110011110111011111011100001101010011111010111000110000011000101010011
1000000000011011011001111010011000001011100000000011111110011011000010000010010101111001011000101010000011100111111010001000111
1011010101000001011011010010111111100000111111111001101011011001111011111000110001011101010010100000111110110000001111111011101
1111111101111100000001011010111100111011101000000011000000001101010010101011111101001100010111110111111010010111111110001011101
1000101111010111110111000010011001100010100011111001101111100000011000000011011000011101110101100011000011000001011011101010101
1101100110000101110101111000111011111000111110101011001110111101111111011011001110110100100000111001101111011111001010101010101
1000110111010000000000011101100001101101101100000001111010000001001101010010011010110101101111100011000000000000011000000000001
1110000011111011011011010101111011000101100111111101110011111100011001111011011010110101101010110111011111111011000011111101011
1100111010101110010010000000110001110001101101010000011001100111010011100001001010000001101010100100000000001111111110001111111
3001100000000111111111111011111101000111000101011101111100001101011000111101011010111111101010110101110110100010110000101010101
1111111010110001100101110000110001110111010001011000101001100000000011110101001010001100000000000000011111111110110111111010001
1000001111100100101100011110011100000101011101001101101111111011111001100000011000111001010101010101111111011000110111011000111
1111101101111110000111010111010111110001110000011101100010111110000011111111011011111111110111110100010110000010110000000010001
1011000000111100110000000100010110010111111111010000111000000100111010101001011010001010100010110111110000111111110111110111111
1000010110000111111111110101000011000011010111000111101111010001100000101101011010111010001110011110000111110101100000111100111
1010110100110101001001010111101111111001010001101111001011111011111110101000000000011011100011001011011100000001101111101101101
1010011111100001101100000010101101011100000111101101101001101110110000101110111011111011001011011011000101111111000011100100001
1011111101111100000001011000001101010111110101000001101011101100111110100011100010101010011110000000011100101001101110110001011
1011000000011001111111111110100000000110010101011111001011000110001110101111101000001010111000111101000101100011100110011011111
1011111111011011000000101000111010110011010101001101100001110010100000000110111011111000001110101111111100001110101110111010111
1110101100000011010110000011100011111001000001011100111011010111110111110110110001001101101000000010010001100000000000000000011
1000000111011011110011010111101000001100011101010110100000000011011110000000111011011001111011111110110111111111011010111111001
1111110001010001111111110110001011111111110001010010111111110110001010111110100001001100111000100110000000000001001110000001111
1011011100011011011011000111011111011011111101010110110110000011101011110000111011011101101011101100101101111111100010110101101
1010000001011110000001110100010000001010000000000010110011110110000001011110000000000000101000000001111100000100110111100101001
1011101011010111011101111110111111100000111111111000000110000010110100000111011010110101101011110100000111110101111101111111101
1000001001110011111000001000100000001010110000000010110011101011111111110011111011111111101010111111110110111100011000101011001
1101011111111010100010100010101101101110111111111111111000111001011000000110000001101011000000001000111110001101111110101001011
1001011000000000001011111011111101111111101011111110000011110011001111110011101011101011101011111011101010111000011010101011011
1111111110110101011111000001100111000011000000000000111011011001011010011010111010100010101110001001001010101011110010000000001
1110101111111111110000011111110011011000011101101101100000011100001011010000110000001110000011100011011010001011011010110110111
1000001011101010111111110111011011111111111001001001001011010111100001011011111110111010111010101000000000101000001000011111111
1111101010101000010100000000001001101111101101101011111011000011111100000001010100000000011110001011101011111011100011111000101
1011000000101111000111111111101100000000000001101110110001111010000001011011000101111011110100111111101111100000101111101011101
1001111010100011110000000000000111111111111101111100000111111011111111110001110000011000000001110000111100110110100000000001001
1100111110001001111010111101010011000110001111010111110110000001101100111101011101011111111100000110010110100011101010101011011
1110101100101100000011100001011000010011100010000000000011111101101110100000000001110000001101111111010100001000111011111000001
1000000001111111010110001101001111111010111011010110110111000000000010111101110100000111111000000001000001011110001000011110101
1101101100110000010011011111111101100000010000011110011100010110101000000001000101010110111101011011011011000011101101001111111
1001000110011010111111110110101000001101000101111100111110111111111010110101010101110000000101110001011001011000111111100000001
1111010011010010100010100000000010100111011111000001110111101011010011100101010100110110101100011111110011011010000000101011111
1000010110010111111000001010111011110111111011111101000001000000011111110111010101100111111111110111111111111111011111111000101
1101010110111100111011111111100011011101110000111111101101111011000000000011011100110101010111010101000000101101110000001010001
1001010110011101101111111101111110001000000110000011001000000011011010101001011001110000000000000000011111101000110111111111111
1011110011110001000100001000010111101110111111111011111111111001110010101011001100010101010110111011111011000010100011001101101
1001100111000100010111101111000000001111111100001010111010000011000110111011111110111101011100001000010001011110001111011000001
1101001101111110110100000101111110100000000110100010101010101011110011110000000110001111001111011011000100001111100000001011111
1111111101011011110001010000000000101010110011111000000000101110000110000101111100100011100001110011011110100011101111100000111
1010000000000001011101111010111111111111111011011010110101101000101111010100000110111110111111111110000110110110111100101011101
1000101101011101011001101111111111010100000000000011100101101110101000011101010110001110000000000011010111110100010101101111001
1010111001111000001111100000000000000001010101101011001101111111101101011001010110100000110111111111110001100001000001111110011
1011111101001101100000001111110101110101111111101001101101011000001101011011111110110110010001111010110101101011010100011010111
1011000001100000110110101100000101000101100000001011001101000010101101010000110000100010110100000000010100101011010101000000001
1111111111111111111111111111111111111111111111111111111111111111111111111111111111111111111111111111111111111111111111121111111
