11111111111111111111111111111111111111111111111111111111111111111111111111111111111111111111111111111111111111131111111111111111
10010101010010110000100010011000100011011010011001101010001101000101001011001100101000010110010110101000000010001101011001001101
11000101011000010110111010110010111011001000111011001011100101110101100011011101101101110100110110101111011110111000001101011101
11110101001111011100000000000110100001101110110000011001110001000000111011011001100000010110110010101011000000010010100000010101
10000101100000001001101011010100111101101010111111001101011101011101101010010011111011110110011010101011011111000111101101110001
11110001111111101111111111111110000001001010001101011100011001110000000011000110110000010000110010101000001111101101111111011101
11000100000000001110110100101011111101100011101000000110110011000101111001110010011011110111111000000011011000111100111010001001
10010101101011100000000001101011100001110110101111110100011011111111101100100110110000110010001111110111111011110101101011101011
10111111111111111110101100101010111100010000000101100001001010111100001110001100111010010110111011000101100001000100001011100001
11101011010100001111111110001010110001010110110000111011101010000111101011011001101011010010011011110000110111011101111010101111
10000010000111011000010010100000000101011111111110101110000010101111001000001100000001011000110010110111100011000000000010101101
11111011110100011111011011111011010101001011001000000111101000111101101111011111110111111011111010000000001111011111101110100001
10001000010111010011001011000011011111100001101111101101111110011001100110001111000000110010110000111111111001010101111010001011
11100011010101011001100001111110000110110100001110101001001111011011001100100101111011111010011110001101101011010101011000111001
11111010000000011101111101101100111100111111100000000011011011010010011111110001110001010010110100111001101010010000001110111111
10110011010111010101000000100101101101101001101110111001010011011011001101010111011101011010000001100011101010110110100110000101
10000111111101010101011110101101101001001101111111101011011010001011100101010011010101011010111111110110001010000011110000111101
11010100000000000001110000000111101101101001011001000010010011011000110000010111010101011000101100110111100010111000111110000001
11110101111101111100111101110011000000001100001101011011010111001101111111010110000001011101100001110101001110001111100110101111
11111111101111011110101111100111101111100111101000010011010110011000101100010111111100001100001100010101100000111111101100111111
11001100000111010100001010110100111101101101001111111000000011011110101101000001101101111101111111000000001110000000000110000001
10011111010000010111100010000101110000001001101011101111010110001100000111101111001000011000110001111011011000111101111100111101
10111001011011000101111011110101011111100011000000000101010011101111110011000001101110110011110111101111111110000100000110011101
10101101111111110000000000000001010110111000011111110001111010000110011011010111101110011001010011000000001010101111111111110101
20101101110101111111101010101101000000011011111110100100101011011110110000010010101000111011011001101110101011111010111001000111
10101001010001010100111111111000010110110010000000001110001010001100011111111010101101101010010011000111111011010000001101011111
10001011011101000101110101011010110100011111011110101100100000111111001110110010101100101000110111101101011000011011111000010101
10111010000101110100100000000011111111000001111011111111111110101011011010011010100001101101100001000000001011110000001011110001
10000011110000000110111111101111101100011011110001011101010000101001011010110010110111001100001111011101111001010111111011010111
11110110011101110010101101111100000111011111011101001001011110001101010010011010100001011001111111011111011011000010101011000101
10000000110111111000000000110111101111010101011001101100011010111100011000111010111100001101100001000011000001011110000000010001
11110110110110001101011010010101001100000100011101001111010000010001111101100000101101111001001111011110011111010100111111111111
10000100010111100001111011000101101111110110110001101000000111011100110000111010001101101101011101000110110010000001100010001001
11111101000000001101101111110000001011000100110100000011010111010110111110101111011101000000000001011100011010111111110110111011
10111111110110100111000110111010100000010110111110101011111100000100011010100110011001101101111111010101110000000011010100000001
10000000000100101100010000000011110111110000011011111110101111110110110010101100111100000111101011000001110111011110000001111101
10101010110110111001111011111011011110111111011011000100100011110100011000001101111110110000101010011101010001110010111111100111
10111111111111111111101111011110000000000001011001110110111000000001001111011101111010111111100000111100000111111000000110101111
11110101011000000110001101010111111110110100001100110100000011111101111011001000110010101011001010010110101111011011110010100001
10000000001111110000100000010101011011111110100110000001110110000100110011101101111010000011011111110111111101000000011000101111
11010111011010111010111111000000010001101000110011111100111111110110111010001101011011011001000101100001010100011111111110000001
11111110000000000011111110010111010111001111111001101111101011000000101011101101010010001100010000001111000001110100000010111111
10101011101010111010000011011110000011100001101100000110101000010110000000000000011000100111111111111011011111010101111110000001
10100000001111101111111000011000110110111101000001010000001110110011010101011111001101111100100101010000000000000000000010101101
10111111111000000000000011010010100000000001111101111111100000110110010111110001011100010110101101000110101101101101010110100111
10110000011111010111110111011010110101101100100000110000001101100011111110111100011001110100000000010111111111001101111111110011
10011111010111011110011101111111100111111110001010111010101000111110001010101111011101100001011010110000000001100100000001011001
10111010000000011011011101111101001110110011111111101111111101100011101000000000001000001011011010011111111011101110111111011111
10110011111111010000000000011000011000011010111101100011000001111010101111110110101011111111001111111100011000101011110000010001
10011010000011111101101101000011111111000010101000110111111011000000000000110111101011010101111110010101111111100001000111110111
11000011111000101111111111111011101011111000001110110110001111101011010110111101000000000001111011010000000000110100011111100001
11110110101110100010010111100010000010101110100000000011101101111111111100101000011011101100000010000111010111100101000000001111
10110110000110001011000101001011011000000000111111101110001101010101000110101011110000111101111000101111110000110101111111101111
10000111110011111011110000011111111011110101100000000011100000000001101110001001100110000111111111100000011011111100000011000001
11110101011011000000011011010000001110000101110110101000001111101100001000100011110010110000000001110101110000101101010110010111
10000000000011111111001111111111100000111111011100101101111000000110100010110110010111110110110100010100111010001101111111010001
11110111110110101000011100001111111010100000001111101111111111011111111010010011000001100010110110110111101111100100011011110111
10110110000000101111010101100000000010101011100000001000000100011000000010110111110111110110110011110001000001111111111001100001
10000011010110000100010111111111011010101111110111111110110001110011101010100110000000111111100111011111011111010110110011101111
10101011111111110111010110110110010010101000011110110111100111000110001110110111101011101011110000011001000011000000010110111011
11111110101000000001000000000000110111111111000000000000001111010110101000100011001000000000010111110011011000011111110100110001
10000000001111011101111101110110011100000000011010111111101000011100111111110111101101011011010101011010001111110000000001111011
11111110100000011000000001000100110001011101011111110000001101111110110111000101101001001001110000001000100110111011111111100001
10110000111011010011111111110110010101010001110101011101011111110000100000010101001101101100110101011011111110101010101110001011
10111111100011011111110110110111011101110101000000000001011000000110110101010001100101100101110101000001011010001010100000111001
10001101101011010000000000000011110001111111110101010101111111101100100101010100110100101111000101010111010000100000001010001011
11100000001001111111110111011001111101000000011101010111000000001110101111010110110101111111101101010000000101110101101110101111
10110111011011000000000110011111000001111110110001010111110101100110111011110011111100000101101101010110101111000100101111111111
10000100010011011110110010110101111111111100111101011101000111001100110000000111011101101100101111010010100001110101100011011011
10101101010110010100110111110101101100000110010111111000010011100110111010110000000100100001111010010110110111010101101000000001
10101101111111110001111101000101000111110111000010101110110110001111101110110110101101101100011000110110110000011101001111010101
10100111000000000101100000010001011101000101101000000000100100100011100000100010101101100101001110110010111011110001100001010101
10101111111111110111001011110100000000010001001010101010101111110110001111101010100101101111100010110111101110111111110111111101
10101001011000110011111110000101010101111100011011111011111000000111011000001110110111000010101110100000001100011111000000000101
10111100001110000110110111101101010101000001001010000010000011010011001110100011110001101000111110101010111001000001101101110101
10110110101000101110100000001001010111111011011111111011101010010110011000101111011100101010000010101010000011011011000100011111
10100011100010101000001101101101111111111111010100000011001011010111111111100000011001111011111010111010101111110001110101001011
11111010001010111101011101001101101101000000010111111001101011111101100000001011011100011000011011100011100000111111111101100001
10000000101010100001110001100111000000010101010110111011101001110000111111101001001101110010110001101001101010001111011100101101
10111010111111111011000100110001111101011111110000000010001111000110000000001111100100111010011100111011111110100000000101100111
11111011100000000011010101100111110001010000000110101011011111101111010111100001101110011011000110110001000010101101110100110011
11100011001111011010010101001101011011010111111111101010011000000101010100001011100110111001011100110100010111100100011101111001
10110111101111110010110111111000000001111110000000001010111110101100011111011000101110001111011001110110110000110101011111011011
10000110111000000111100111000011011011000011111111011110010111100110110000001101100010101111001011011110110101100101000000011001
11010100010011010110001101010111111011111001110000001100110000001111111111011001111111100001011000001100010111101111101111111101
10010111000110010100101001111101000010011101000111011110011011011000000000011011011101001111111010101001010000111100001111110111
10110111010011010101111100000001111011000000010110001011011110011010111011001000000001100000001010111101010101110101100000000011
10110100010111110111010101111101111011111101010111100011010110111110100010011011111111001101101010001101010100000111001101101001
10110110110100000110000001101000000010000001010100001011110100101111101111010000000001011111101011111001011101101110011101111101
10010110100110110110110111000010101011111011110110101110000001101000001100010101010101000110101001111101001101001100110100001101
10110100110111111111111111011011111111100011000011100110101100001111011110110101011111010000111111001111111001011110100101011001
10100101111100000000001100001010000000001011111111110011100110111000011000110101000011011010110111100010111101010000001101011011
11110111011111101111100001011111011111111110100000100110001100001101001101100101010110001010000001001000001101110101011111111001
10010110000000001000001101111001010000000000001110001111101101011111111100110101110011011111010100011010111000011101000000001101
11000011010111101101101000001101111111010101011000100110001111000010101001111100110110000101011101111111111111010001011111111101
10010110010110000111101101011100000000010101001111101100111000011010001101100001110110110001001100010001100011110101000000000101
11111111111111010110001101011001011010111111011000000110100011001011100001111100010100100111101101000100101110110111011111111111
11101010101011111100101101001111001110100000001101101111111111011110001100110001111110110000111001011110001100010100000000001011
10001000000001101110101001011000011100110101011111111011011100001111011001111100000011100101111101000010100001111110101011100001
10100010101100000000111101001101011001111101010100000000000001011000011101111001011111111100001101101111101100101010101001101011
10101110111111011010010101011111001101000001000101010101110111011011010000110011011000000001101101000000100101100011101011101111
10101000011011011110110001011000011001011101101111110101000001010011011101111001111101010100100111101011111100001001101010100001
11111101010000001100111011111111111111111101001010111111010101011011010001001100011111011101101111001000000110111111001000101011
10010101111010100110001010000000000000000001101010000000010101001111011100011001001011011001101100011011011111110001101010101011
11000100001110101111011111101101011111110101001000101011010101011000011001111101011000011011001101011011010001100101001010101001
11110001101100101100001110001001010000000101101010101010011111011010111100101111011010111001100101110011000100001111101010101111
11011011111110100111011000111111111110101111111010111111000110010010100001101011010010001100110101000111111111100011001110100001
10000000110000101100010010100011111111100011000010010110010110111010110100000001111011011110010111110110110000101001111000110111
11101010011010100101010110111001010000001111101110110000110100100011110111010100001011011000110100000000000110111100001101100001
10001011011010101101111111101100000110101101101000011110110110110111000011010110111011001010110111010101101110001101100100110111
11111011001110101111100011000001110110100000111110110000011111100110011011110110011001011010111111010101101010101111111101100001
10000001011111111010111000010101100011110111100000010101001101101111011001100010111011001010011000010101000010100001011100110111
11011011000001100000000011110101001010000001111110111101011000001100010011110110001001011111010010110101110111110100000110010001
10010001101111111110101110000111101111101111011100100001001111100111011001100110101011010110011010110101110101011101101111010101
11011011000001010000101000110110000101100011000001110101101100001100001100101111101110000011011010011111000000000111000011110101
11010001101011000101111110110111011100001110011011011101111110111101011110111000000011010111001111011011101010101111101000111101
10010101001111101111010000011100010111100011001111011100110010100001011000001111011001110001011101011000001010100000101110000111
11010101011110000111000101111111110110001110011000000001111000110101011101100110001011000101011000011110101010101110100011011111
10010101000011011101111111100010100011100110110010101101100010110101001100101100101001101101011110110000101011100111111111110001
11110111101010011000001010111000001000001110011111101000111010100101101001100110101011111111110110011010111000101100011110000111
10000001101010111111100000011101101110100010110001101110011011110101001011110110101000001100100000110010110010100001000010111101
11110101001011101000001101000111111111101111111100101000110011000101101000010111101101100110001010111110110111110111011000010001
10000111011111101111101101010000000000000001001110001110010111110101101010110101100101111111011111100000110101010001001101000111
11101100011000000100001101011011111110101101011000100110110100000100101011100100001100001011011001110110010000011011011001010001
10000111011101010001100101001110001000101101000010101100111110101111101000110110100110100001001100000100110110110011001101010111
11101100001111111011001111011000100011100101101010100110011011100001111110010100110010101011011110110101100110011001011001010011
10000101011000000001100110001010110110001101001010110110110000001100011000110110011010101010001100110100110010110011001101011001
11111111111111111111111111111111111111111111111111111111111111111111111111111111111111111111111111111111111111111111111111111111
