111111131111111111111111111111111111111111111111111111111111111111111111111111111111111111111111111111111111111111111111111111111
110110100000110001100000010101010110011011010100000011001010001010101100110101001101101101100101101101010101011010010000010000001
100010101111110111111101000000000011010000000111011111011011011010000110010001011101100100110000101101010100001011010111000111111
111000100101100100110111111110111000011110111101001010001010001010111111010111011000110110011011101100010001101011010101101101101
100011101100101101100100000010111011110100001101011010111011101010000110000101001011110100110000100111010111111000000000111100001
110110100101101100110111111011101001100111011001011010101011001010111111110101011010100110110111101100000011011110110110010101111
100100101101100101100101100001000011110110001101010010101001100000011010110000001000110110100001101111110111010100010111110101011
110110000100110100110000111101110110010011101101000110100011001101001010010110111011100110101111000110100000010001111101100101001
100010110101100101100110000000000011000110101001010010101111101111011011000111100010110100000101110100110111000100001100110101011
111010011101001101111111111111111001110100101101111000100011000001110001101101111010100111110000010001110001101101011101110100001
110010111001101000111000100110111100000110001001101011101111011111100111100000110010101101110111110111100101111111110101100001101
100110100011000011101110001100000001110011101101000011000001011011001100001111100110001101010001010010001111011010100000001011111
101100001111101001101011101110110111100110001101111001101101000001100111101100110010111001010111010110111011000000001101111110111
101101111010111100101001000011111110110111101101010011101111011111001101000001100110011101010111010000001001101110111111101110101
100100110010010101101101110111101010100001101101011011000110010110011001110111110110110101010000000110111011100011110011000010101
110110011000110000101100110010101010111011001001011010011111000100111101100101010000010101000101101100001010001110000111101110101
100111001011111110001101100110000000100001101101011011001001101101101100110001011101110101011111111111111000100011101101101100001
110101011010110011100101110111111010111011000001011011011011000000000101110111010101010101000111111001101011111000000101000111011
100001000000011011110101010011011110101011111100010010011011101111111101010101000001000000010101101101001001011111111100011101001
111100010111110010100100010110010110000010110111000110111010100001011001010101010100010101010101101101011011010110011110111001011
110110111100100110110111000011000011111010000001110100110010001111011011010101111110110111111100000101000000000010110010001101011
100100011110101110110011101001111001001010101101100110011011011010011011000000101000011110101101110000010101111110111010111000001
110101110100101010111001001101001101100011111000110111011011001010110011011111101011001100000000011010111111110110011010011010111
100001100101101010101101101111101000111011001110110101011000011000011011011000101011111001111111011111100110010000110010111110101
111100001101100010101001000011001110000001011010110101001101111011110010001011101000101100011011110101101100110111100110101100001
101001111001111010101101110110011000110101000010100101011000001011011010111010101011101101111000110000001101100001101100000110111
101100011011010010101100110011011111110101111010110101001101111011000000000000000000100000101011110111101000110111101101111110001
100001110010010110101110000110001011011100010000010101011000111010011010111010101101101111101010000011111101100010101100101010111
111100111010110110101011110011100001011001011111000001011011101000110010001011100111100000000000111000111001101000101101101010001
111001101010010110101001011011001100001111010111011100001000000010011111011001110110001111111010111111101101001101101101101010111
100011000000110110001101001011111111011010010001111001011011111110110011111101011111100000011110000111001001011111101101101000001
111001101111110111011001100000110000010011011101100011110011000011110110101111001010001111110010110001101100001011000000000011111
101011000011100010011100110111111111011000001000111010011011011111100010001010011011100000000111111111001111011011011111011000001
100011011110111011010001100010110011000011100010000000110000000100110110111010110001001010111101101000011000010001010001111101111
101001001100110011011100110110111001111111101110111010100111110001110000111010111011011111100000101101111111010111000111110100111
111101011110111011001001100000010011001110111111101011110000011111100110101010011011000101101111101100110100010101011111010110001
100000011010101001101101111101110111011000010000000001100111011011001111101010110010011100101011100101100111010100010100010010101
111101110000100011000101011000110010001011000111110100110101111011101011001010011000111110100010101101001101010001110001110110101
101100011110101111110101010011111000111111111100111110000001100001100001101010110011100000001110000101011000000111110111000111111
100001110100000110110101011000001110010101101101101100101100001011001111101000000111101101101110111100011111010111010101110011111
111100110111101100000000000011111100110101001001100001111101011111100011001101111110001111111010010101110110010100000000011000101
101110010110001111111011111011011001100001101101111100110111110101001110011000001011011011011000110000000110111101111101001011101
101011000111100011001111101011001100111101000000011001100010110000011011011101111011000001011011110111101110011000111111111000101
101001110011101110011000000011011001101101101110111100101110011110111011001100010010011101011010100010111100110010100001100011101
101011111000100011011111111011001100101101101000111110101011001010101010011001110110110111010000001110010110100111101111111001101
100011001101101111001110110011011001101000111110011010100011011010101011001011010010100010000101100000110100001101100001101011101
111001101000100110011000011001001100101110011010110010001111000000100001100000010110001000111111111111100001011000001111101000001
100011001110101111011101001100011101101000110000111010111001011111101111001111110000111101111100010110111101111101111100101011111
101111101110101101001111011110110100101110111101101010001100010111001001100011100111110111100110110110110000101000010110101000001
101110001010001100011010001100110101101000010100001000111111000101100011101000110100000110110010000010011011101011110110000010111
100011100011011111011011011110110001101111000111101101101101011101001110001111110001111110111000111110110001100001010100111111111
101110110110001100001010001010111011001101010010001100100101011001100111100111000111111100011011101100011011001011010101111111101
101010110100101110101011100000101001101001111011101101101100001100101101001101101100000111011010101111011000011110010100000010101
101010110001111011100001110101100011101011100011100001001001111101100101101101100101111100000000000011000011111111000001101010001
100010111100011000110100110100111010101010110110101101011011011000110101001101001101010111011111111111011111101010011011001110111
111000011101111011111110110111100000101000000010111100000001011011100100011001011000010100000010101010000010000011011111111110101
111110110000001011011010100010111110001111111000011001011111011010110001001100000011110101111110101010111010111111000001011010101
100000011110111011010000101110110111100010111110110011111101011010011011111001011111100000000000001010011110000110011101001010101
101101000000011011011010000110110011101000101010011000110101010000111011000011111000001111111111111000110110111100110111101000101
111001011110110011011010110000100110111110101010111101110101000111110001111010001101111110110110101011100100000110010011000011101
100011111110011000001110110111101100110110100000101101100101011101011100101000111000111010010110001010110001111110110110011011001
110110000000110011011111100010100110000100110111101101001101001101010101101010000011101010110111011010000101101010010010111111101
111111011010011010001011001110101111110110110110001100011001011001010101100011110110101010110001000010111111001000110110100101101
101001111111001111011011101100001101100000000011101111011100001011010101001011011110000010110111011110101001101011100010101101001
100011001111100110001010000110111100111111111010100101000111011011010101011111001011101110110000001010101011000000110110101101011
111011101011001111101011110000100110011011011010101101011110000011000000000110011001101010110111100000000011011111100110000000001
100001100011100110101010011010001100110011010010101101000011011011110111111111011011100000010001110101111011010110110010101101101
110111111000001110001010111111100110100110011010101101011110001110010000010110001011001011000111011100111011010010011000101100111
110100101111100011100010010101101100001111011010001100000011100111010111110100111000011111010010001111101111010110110011111111111
100110101100001111111010110101000111100110001010100110111111101101010111110101101011010001011000100111000110000000011000000000101
110100001110100110101000110101011110101111100010111100011010100101000000000000100001010111111111111101011100110101011011101101101
110111011011110100101110110101001100100110101010011001011000001101011111011111101111110110101100111001000110111111110001111111001
100000000011010110101010100001011110001110111011010011111111101100000001001111000010100010100101101101011100011010100100010011011
111111101110000000000000110111001010111010010011000110110110001001110111101000011110111010101101100000001101110000001101110110011
111010101011111010101110000001100010011011000111011110000110101011011111111101111110011000000000001101100000000101011111110011001
100000000010111111111111101101101011000011110110001100111111100000001101010100000000110011111011011100111010101111011011010110011
111101101110001110011010100101001000011110010110111001101111001101011001010101110111111011001111110111110010100011000000000000111
101111000011011011010000001111111111001011000110101101100110011111111101010100011110110001011000110111011110110111110111111010001
101001101110000011011111100110110111101001110100101100001110111011110101010101110010100101001110000000000010011110110000011111111
101011000011111010011101101110000000001100110101101111100010110001010100010000011000001111011000110111111111011000011011000000011
100001101110110000110000000011111111100001100001000101111010111100010101110111110011111011001101110000101111111011111111011011001
111101100100111011111111101111110001111101111100011100110000011001110100000011010110101011011000010111100010101010110101001001101
100001110110100011001011000110011011011000110110110101100111111011110001101110000000100011001010111100001110100000000001111100111
110100000000111001101001101111011000010010010010110000110001101001011011111110111110001011011011110001111000001111111111110111111
111110101010010011000011000101001111000111000110011010100111100011010000010010000010101110000001011011000011111011110000000110002
101011101111010111111011101101011101011101110110111011110110101111010111110110111111111110111100001011101111000000000111111100111
100000001100000101000010101101011001111001110000101001010000000000000010000000000001011000001111111000000000011010101111010110111
110111101111110001111010001101001101101011011101101100000110101111111000111011111111001110111010001011011111110011100000000000001
111111111010111101011011011001011000101010001101101001111111100111011110001001111011011000000010111001010110111000110101011111111
101000000000101000000000000011011110100000111000101101001101111100000111101100001011001110111110101011110000011111111111111011111
101111101110101101101111101000001100111110101101100000011101000110111100100101100001011010101100000001100101110101101000000000001
101101111010101111001111111111100110101010101000001011000101011100101001101100110100000000000101111111001100000000100011111111111
101101010000101010011000010000001100101010101101111111111101010110000011100101100110101111101101011000011111111111101111011100001
100000011010000000111111000110100110000010100000001101101000000000111110110101101111100000101000000011111010000000001010000110111
111011000011111110001100010011110111111010110111111000000011101010000010111111001011001011100010101000001000111011100000111100001
111011101010000000101110111111010101110000010000101101101001111011011000011111111001101000110111101011011010001111110110000001111
100000111111110101111011111010000001011111010111101000101011001001011011110101011011001011100001101011000011100110011111110100001
110101100000000111110001010000111100011000000100001011111000011111110001110101010001011000111101111110011001110000111101110101011
111100111101110110100100011110111111011110110101111000001110111110111100000100000101001011110000111111001100011011110000011111001
101111101001000110101101000000100000001011110000011010100111101010100101010101111111011000011010001011101101001000000111111001011
100000000011111100001111111110111111101011010111010011111101000000001101110000000001001010110010100001111111101111110011110011111
111110101001100001011010100000100010000001000101110111010101011011011111110111111111101011111010111100000111111000111110011001111
110000111111110111011000001111111011110101110000110101000101011111111111011111111110111000101010000111011101011101101010111101011
100110100000000111111101011111011000000100100110110001011100000010101101011000000000011111101111010011000000001000000000011000001
111111101101110100000001011000000011111110001100000100000001011110000001011011110101110000000011011111111101100010110101111101111
101000111111111110111011010010101111011010111101101111010111111010111111000000011111110110101011000010000111001111110100000001111
100011110110000000100011010111111000000000010101101001010000000000000001011010111010000011111111011000111111100000011101111011001
111010100111111110110111110101011101111010110101100011110111101011101100001110000000110111010101111111110101111101011000001111011
100010001101011000110100000100000111000010000101101000010000111000100110100011011101111110000000110111100000000111111101011110001
101000100000011101100110101111110110010110101111001101010111111011110011101001001100101010111111100000001111110000101111110010111
111110111011001111110011111011000000110110100011011101010000001000011000111101111110000000000100001111111000011010101000111000111
111111111111011011111111010001110101110110101111000111010111111111111011111111111010101111111101111100000011111111101011101011101
101011100100001001101001010100000101000110100001110011010000001111001111001010000010100000000000000110111001110101101010101000001
100010110111101011001101011101111111101100101100010111010110100000011101100000111110101111010101010000011111010100000000000010101
111000000000000011011001001111101011000110101110111100010010111111111000001111110111100001011101010101000101000001010111010110101
111111111111011000001101101010000000010100100110001111111110010100000010100000000011001011000101011101010000010111010001010010101
100000000001111010100000000000101101011110110110100101101111000001010110101101011111111011010111000111010111110001111011111010111
101101101100101011110101110110101111001100110010110000000011101011111111100101000000001001110111111100010000110101110000001010001
101000111110000000110101000011101000011101111010011010101110101000111101111111011110111111111100000110111010011111011010101011111
111111111011110111100101010110001111010000001010111010100110101010010100000111000111110111011001111100011010111010011011111001111
110110101011110000101101010111101000011101111010001010110000111111000001111101010001100100010011110111001010000000110000001100001
100000000000000101111001111101111101010000111010111110100110010001010100000101110100110101110111000001011010101011111010111111011
110101010101010100110011111101001111111010001010011000101111000101110101010000010110000000110101011111110010101011011111101010001
110101111101010101111011010000011010000011011110111101100101011100011111011101111110111010010001011010111111101010000000000011111
100111101111110100011110000111010000101001000110011000111100000101000110000111011011111011000111011010000000101000101011011000001
101100000110111101110000101100000101101011111111001110000110111111111111011111000000001111101111011000111111111101111111111101111
101001010000000000011101111001101100111010000011011000111110000000000011000000010101100101000000000011101111010111000001101100001
101101010101010101011001000011001101100000101010001010000010110110101010011010110100110001101101101000000000000000010100000101011
111111111111111111111111111111111111111111111111111111111111111111111111111111111111111111111111111111111111111111111111111111111
