1111111111111111111111111113111111111111111111111111111111111111111111111111111111111111111111111111111111111111111111111111111111
1101100000101011010001101010110010010101101011110101100101010101010011011010011010011001101010110110000100101010100110000000000001
1000111010000010011101101010111000110000101001100000110001010001011011010010111011010011001000010111011101101010101100110110110111
1110011111111010110101000000101110011110101100111110111100000111010011011000110011010111101101110101010101001010100101111111111111
1000110101000000010000011110100011010000000101100110101110111111011001011011111010000101001100110000000001011010101101101011101001
1010110001111011011111110000001000000110110000110000000110100101010011010010011011011101100101100110111111010000000000101010101011
1110011100111111000101110110111111111111111110011111110110101101011010011000110011001100110000101100011101000110101010000000101001
1110110110100100010000011111100100001011010000111011100110100101010011010011100111100001111101111111000001011111111111101111101011
1010100110110111111101111000110111100000000110010000110000101101010110000110110011001111010000010100011111010101010000101010100001
1010001100010110110000101101100000001111011111011110111110000101010011011110100111101011010111110111011011010100000111111010101111
1011100111010100111110101001111111111111010010000110011000110101000110010100101100000011010001100101001000000001111111010010100011
1010110011000110101100101100111001110001111011110111000010100000011110110110101110111010000111110101011011010101101001010110001001
1010110111110000000110101101101101011100110011010101110111101011110100110100000110001111101110000000001011111111001011010000111101
1010100110011011101100000001100001011101111000000000000101111111100110010001111110111001001011011011100001101010011011010111100111
1000101100111110001111011101110100010001101111110101110100111110110111011101001100001101100011111000110100001000110000000000001111
1110100110110011101011111100011111011101100000000111110101101010000001001101011111011001001001101011111101111011100110111111111001
1000001100010110100010110111001100000001101010101100000001101011111100011000001100001101111101101001000101111000110011110000001011
1111101101110110111010010111101111010100111111111111111100001001111101011101100111011101010100101011011111000010011001000111111001
1000000001010100110000110101001011111110010101010100011111101011000001010000110001011001000110100000000110011110111011011110011011
1111111100010110111110110101101010101011010100010110110110001001111101111111111101011100011100001111110111010111100000001011000001
1110101110110110000000000001101010100001000001000000110011101100011000110110100000001101110110111111111100000011110111111011110111
1000001010100111111111110101101010101101101101011110100111001101110011100000111011101100000000000000001110111110110100001010110001
1111101000101100010000011101000010111100111001110110001101101101011001101010011111000001111010101101111010010100110101111010100111
1101101110100111011111011001111000010110111111100011100000000101011100111111010101011100011010101111011000110101100000110010110101
1001101010110101010100011100111011110000101010001000001111110001001110010110000000001101111111111010001101110100001010111010110001
1100000000100101010110110110000001011110000010101101011110011100011000110111010101101111000000001011011000010001111111101010010111
1110111110110000000010110000101011011011110111111111111011011110111110000101111111000111110111111000011011110111010101100011010001
1011110110011111111000111110111011011001010011010111000000000010010100111101101011101101010100101111011010000011000000111000010111
1011100100110101100011101100110001001101011000010101111111011000110110000001100001000101010101100110000000111111011111101111010101
1010110110110100111011100101111011011000011111010101000111111110010111011111111101110000010000001111101010000101010101100110000001
2000000000110101100000110111100001001101110110000101110100100000110011001001101100000110110111100011101111111100000001101111011111
1111111110100000101110110110111101011001010111010000000110111110010111101011000111010011110101111110100000011101010111101011000111
1011100000001111111100100110001001011101010101111110110000101100110111101001110101011001010000010100001111110101111111000010011101
1000111111101001010110101111101101001100000100110111111110101110110011001101010101111101000111110001111011010000101101111010110101
1110100000000011010000000110000000011001110101100101101000101010100111100000010100110101011110011100000001010111100000110000100101
1000110111011001011111101111111101001111010000110101101110000010110010111101110110100001001010110001111111010000111110111101101101
1101111111111100010110101100011111100110010111100101000111111000010110110001010100101111011000011011010101010110010100011000000101
1000101100110111010110101111010010001111000001110001110101111111000110111100000110100011010011110000010101010011110110110011110001
1110101110000110000110000110011011100001111100111011010101000000010010011001110100101111000110010111110100000111100110111001111101
1000101011110111101111101100110001111101011101101010010101111011111011001101111110101101010011010011010101111100110110101100001111
1110000000000101100110100110011101011001010100000011000000111110110000011000001100000101111011000111000000011101100100000110111011
1111111101110000001100110000110000001100010111111011111110100110000110110010101111011100110000011101011010110100110101111100000001
1011101111000111101110111110011111011001000010101010000100101111111100000111111001001001111011110000001111110101100001011001101111
1010101011111110101010101100111000001011111000101011110110101001100001110011011101100011000011000110111101100100111011001101111101
1000101001110000001000000001101111011110101110000011000000101100111111111010010101001111111001110111110100110001100010011100011001
1110100011011011100011111100101100001100000000111011110110101101101010010010110101011101100011010001100110110111111000111001111101
1010110110011110110110000110101111101111111111100001011110101001101011011010110101011000110110010111001110100000110011101100100101
1000100111001100000111110000000111001010000111111101001000101011100000001010110000000011100011010001101010101111111000101101101101
1110110100011111011101111010110101011011101100010001101110000000111010100000000101011110110111010111001010001110111110001101000001
1000100111011011111000001111110001010001100111011100001111101111101110110110111111110110010110010101101000100010010011011100011011
1110101100011001101101100101011101011101101100000111101010101010100111100111111010110110110111010100000011111110110110001001111111
1000000111001101100001110001000000000000000111110110000000001010110011110001101010000110110011010001101000010000110011101011010001
1110101101100100111111011100010110101111110001100011111111101010010110100111100011110010011011000111111110110111100111000000000111
1011100001110101101110000110110111111110100101111000111010001010110010110000110110100110110011010111010111100010110101011011010101
1001001100110000000011110110110100000000001100111110000000100010011000110111100110110000110110011101010011110110010101011111111101
1100011110011011011111100011111101010110100110001011110101101000111110110101001110110111110111001000000110110011010001000101101101
1111111000111111010110111001100001011111101111100010111111101010011000000100011100110011010011101011111100000111010111011101100001
1001101110110100000110110011111111110001111100001000001010111111011111110101111001100111000110001011010110111101010011000101101111
1011000110110101010000111000110110011101010111111110100010110000001100000100110011001101011111100001010000001100010111011100000001
1001110100000111111110011011100110110101010100110111101000111111011111110101111001101101011011001011000111111001110101000001110101
1101010111011110110011001000110110110101000110000011111110101100010100000000011011001101011000011111011100111011010000011011111111
1000000000001100000111101011110110100000011111101110110110101111010111101101110001100000011110110110001101101001010111001111001011
1010111111101110110010100001100010111101001010000100110000000110000001101111010111101111110110110010111100100011000011111101011001
1010100000000111111010111101111010110111101011110110011110110000110100000010000110000001100000011010110110101110011110110100000011
1010110111110100000000011000110010110110101001100110110111111111111111111010111111011111111110110010110110100011000010110001111001
1010011111100001011011011110011010110110000011001100110101010101101011110000011010000110100010010110100110101111011110100101111111
1111011000001011111111001111010010110011111011100001100000000101000000011101110000110100101010110110101100000001000000001111001101
1001110010101111000000011010011010111001101010111011111111110001101111000000011110111101111010100010101001101100010101100001100101
1101000110111101111101000000110000101011000000011001001110111101111000011101110100011100110010001010000011000110110111101011001101
1001111111111000110001101110111101101001111110111101100000011001001111110101010101110110011010111110111111101111111110111111100101
1100101011101110000111111000101001000011011000101000110111011101011110000000010100010110110000010110110101111101011010110100110101
1110001000000011111100000010001101101111001101101101111101010000001010101111010101110110110111110110000000000000011010000001100101
1011101111101110101111111110100000000101011001100101011001011011101011111100000001100100110001110110111010101010111000101011110101
1001000101000000000101101000110110110100011101110100001101011110101001010111101111110001111011010000011111111111100011111110100101
1101110000011111110101001110100010100001110000100111011000010100101100010100000110011100011000000111000001010011110110110110110001
1001011111111000000001101011110111111101111110101110001111010110101001000111110100111101111011010011111111010110110110010110110101
1100000000101110111100000011000101100000000000100011101010000000101111110011010001110101101011111000000110010100110110110000000101
1110101110001011100001101001110100110101111110001110001011111110101010000110011011000101000000101101111100110101110010110111101111
1111111111101001111111111101011110011111000111011011101001101110101011110110110001110101011111100111001101100101000110010011100111
1101011011101100000000111000011011011010010000011010100011101010001001100000111011000000000000001111011000110101011110110110111101
1000000010000111101110000011010000000000111011000010111000000011101011001110011011011110111111111101000011110000000100000000011001
1111111011110011111011111010011101111111101111111000101111111001101011111011011011001011101010100100010111010110110001101011000011
1110000001110110110000011111001101001101101101111110101110011100000001110000011010011001100000001101110100010111110101101001011001
1000101100000000011011000101101111011000001100000000000011010111101111011111001010111011101111111001111111000000010100101101001101
1111111001111101111011110001000011011111100001111111110111000101001010011001101010000011000001001101011010011101010101111001011111
1011011111000001101110100100011001010101111111100000000000010001101011011100000000111110011111011000001010110111110100110011000001
1001010111111101100110110110111100000001010110111011011111111100000010000111111101101111010110001101111010000010010101111111111111
1101000000000001101100011111100001101100000100001010010000001110111011101101000000001001000010111001010000110110111101010111110001
1101101111111101101110110011110100111111110111011110111111100110100000100001101010111011011110101101011011111110101100000011000111
1000001111101000000100011010111111111011000000010111101000001111111110101100001010000000000010000101011000110010101111101111101101
1111111000000011110110111010101010000000011011000101000011100011010000000110101110110101101000110000000010011000000111111001101001
1110111111111111100010100000000011110110111111011101111110111010000111011100101100010100101011111010110111000011111100010011000011
1010101110110000001000001101101000110011100100010101101000011011101100000110101001010101111000001110010001011001101110110110011111
1010101010111111011111011111111110011111110001000000101111000000000110110010101101011100001101100010111111001100000100110011000001
1000000000010000011000010000000111011010111111010110000011011111010010100111111111001101111000110110101011101111111101100110011111
1101011011011110111110110110110011011010101110010011011000011000011010110110000011011000001010011100000001111000000101110100110001
1111111110011000110000011111111000000000000000111111111111010010110010011111101000001110111010111101101011010011011100000001110111
1010100111011111111111111111011111101110111010011000110110011011111010110000001011011110111010000111001000000111110101111111100001
1000001100000111011000010110010000001100111011010010000011011000001110111101101010000010001011010011101010111110110001110110101111
1110100111101101011101000011011111101101100010011011111000010011011000011000111111011011111111111110111110011010000100000000000011
1111101101000101010111111000000000001100110110111111100011011001111101111101100000001000001100000000010111000000111101101111011001
1001000101110000000011000011011010100110110110110110001010011011110000110000111110111011100001011111110101111011111111111111011011
1100010000111111111000010111110010101111100111100000101011001010000101111101100000011000101101000000000000001000000110000001111001
1001010110000000000010111100000110111111110101110101111111101111110101100000111101010011101101010101110101011111010000111111110011
1111111111011101101110100001110110110110100100011111010100000110000100110101100001011001100101110111110111000001010110111101011111
1010101011010001001000101101000011100000101101000000000001101111010101100100101101110011110100010000010001010101010110000000001101
1010000011111101101101101001110110001110000111101011010111100011110100111101101001000111011111110101010111111111111100110110111001
1011110110110001100101001101100011011100111110101011010100001110000111100000101111110101000000011101110010000110001101110100100011
1000000000000101001101011001110111110001100000001010011111100011110000101010111000000001011101010000111000110010111111011110101111
1110111111110101100101011011000010111011111011011011011000001010000111111111111111110100000111110110001101111000000011011000000101
1100100000000101101101001111110110000011001110011111011010101111010000110001100010000101110000111111011111001101111111001101010001
1001110101010100100111111000000011110111100000110000010011101100010101100100001000110100010110001100000000011100000000011001110111
1100111111010101110011000010101010000101111010011010111010001101010101111110101110111101010011111101101111111001111101111101100001
1001100011010101100111111110101011101101010010110010101111100111110100001100111100011001010111110101100000001100001100101000110101
1011111000010100110110000000111010001000000110011010100110001100000101101110110001111011010110000111001101100110101101101101100101
1000110010110101110110101101111111111101101100110011110000100101010101111000100100110001010010110001100100101100100101001101101111
1010011010010101000011111111101101010001000110110110000101110111011100001101110101111011011000110100101110100110101100011101001111
1011111010110111101110010110000000000101101100110011010101100011010001011001010111000001011101111110100110110010101101110001100101
1111010010011100101011010111111111010111000110111011110101001001111101111101000011101101000111011011110010010110100100010100110001
1101011011011110111000010101100000011110010100100001110111111011111100100111110110001001010000000000011010110010110111110101100101
1000000011110000001101000000001010110000110101110101000110000011010001101100000110101101010110110110110010011111100001111101110111
1110111000011010111111111110111010111010100101100111111111101010000100000111010011111001010010010010011111000001111100011111000111
1000111011011110010111000000100010001010110101001100111011111111101110111100011000001101111011111111110001101111011111110111110001
1111100001010111010101111111110110101110111101011110001000110101100110000111110010101111110000000101110111111010000110010000110101
1000001011110100000001000000000111100110100001011011100010000000001110101100000110111011011011111100000101011010111111010111100101
1011011001100001101100010101010001101100110101011011111010101010100010101111110110011000000000000001010000010000111101000000101111
1110001111001011001111010111111011111001111101111010000010101010110111101000000110110010101101010101111011000110000000010111100001
1111101100011001101000011110100010111101000001000000110110101110010011111010110010011011100101010100110001101100101101110000101111
1000001101001011001101010000001000000101101011010110110100101000110110000010100110110010001101010101100101100110100100110101100001
1111111111111111111111111111111111111111111111111111111111111111111111111111111111111111111111111111111111111111111111111111111111
