11111111121111111111111111111111131111111111111111111111111111111111111111111111111111111111111111111111111111111111111111111111111
10001010100110110011001101101100100101010110100101010001010101010000100101100011010101101011000110011010010000110010010101101100101
10100000101100011011011001000110110100000000101100011011010100011110110101101110000001100001110011000000110101111011010100001110101
11111110101110110001011101010000000001110101101001010001010101110110010101101011111100111011000110010101100111011010000101111000001
10000000000000011100000001111011111111111101100011111011000001100100110001100001111101100001101100111111110110011011110000101010111
11111110101011010101110111101110101111001000101110100001101111110101111100001111000101111101001101101001100111010011011011101110101
10100011111110000100010011000000000001101110000010111011001011010101101111011011110100000000011001000011001101000110001001101100001
10001000001111010001111111111111111101001110111000011011011011010000001010011001100111111111011101011110011000011111101011000111011
11111111011001111100101011000000000001100000001101011011001010011110111011001100110101110110001100000011001111010011000011011110001
11110101011101101110000001111110111101111110111111010001011000110000010001100110110101000011011101111111011010010110011111011011101
10010000010101000000101111100000101001011000011011111101011110011111010101001100110101111001011000000110001011010110110101000010101
11011111010101111110111110111111101100001110111001100000001100110101000111101110110001011100001011111111101001010110110100011110101
10011010000000101100011010110011000110111000110011111110111110100001110010100010011101010110111011010011001011000000010101110010001
11011000111110100111001010010111110000101110011010011010111000111101011000111000110000000110110011010111101001110110110001011011011
10011111111000001111011000110110011110101100111010110010101110110101011011101101111111110100011010010011000011111100110111010001011
11010111101111100101011011110100110000000001101010111000101100110101011011001000101100000101010000110111111011011110010101011101001
10000000101110110000000011100001111010110100101000101101101110110101011001101011100001010001111101110011011001010011010000001101011
11111110001010011111101110001100011111111101100011100101101000000001010011000000111011110100110000011011001100010110000101111100001
10101010100010110001001111011110110110011000101110110101101111011101011010010111101110100110011011110011011001110011101111011001111
10000011111000011101101011110110010011001101101010100101100101010000010000111101100110111111001011100111001011110110000011001100001
10101011010010110000000001100100110110011000100010110000110101111111011110001100110110101101100010101101101001010011101110011001111
11111011000110011101011101110110100011001110111010100110000001101100010011100101100110001100001110001101100011000110101011001100101
11100001111110110111111000010100001111100100101010110111011111001001000111110001101111011111101011011000111011011110000000011110101
10111011000000000110101111010111100110110110101010000011110101101011110110111011000101001101100001001110011011000011101111111010101
10100001111111110110100111000110101110010000001010111000110101001111000110100001101101100101001111011011011000010110101101100010101
10111101011011000010110101010010101011011111101010011101110101100101110110111100101001101101011011010011001011110110000001111010101
10001000000001111010000101111010000010010001101010110111100101001101100100011110001100001100011001011001100011011111101111001000001
11101010111101011011110001101011111011011101100000000010110101101000110110110011101111101110111100001100110110001101101101101011101
10001111101000001001011101100001011000010101111011101110100101101110100100011001101000000110101001101110010110111000001101001000111
11101101001111100011001000111011001111000101010000111110101101101100001101111100101111101100101011111010110110011101111101101010001
10001000011010111001101011100001101001010000000111100010100101000111100000101110101100001110100001010000000010110100111000000011111
11101111011010100011000000111011101101111111110000111010110101011110111011101010100111100110110111011110111110010101101101101001011
10000100000000111001110111101010101000101000000111101000000001001100110001101010001101110110010010001010101100110101100001111100001
11110111110110000011100010100000000011101011110010001011111100011110011011101011100001000011010110111010000110110100111101010111111
11100010000111111010111010101111111010101110110110111111100110111011010011000000111100010111010110011010111100000101101001010010101
10111011110100000000111000001100000000101100000100010100001110110000000111111011100101011100000011010000001110111100101101000110101
10010000011111111011101101100111111110101111110101110111101000111111101101101010110111001101101111010110101000001110100000011110101
11011101111111000001100111111111011000001010000100100110101110101010001101100000110110011111100110000011111101100110111111001010101
11011000110101010100110011011000011101111011110101101100101010100011101101101110100011000110001100101110011000101100011101011010101
10010010100101111110100110001101000000101011000101101110100000110110101000111110001111011111101001111111001101111110110000010010001
11011110110101101010101110111111111110101011110101100100111110110010100010010011101101000110101101100001101100011010111111000110111
10000100110101100000001010011010001000000001100100110001101100111000001111110110101100011110101000111100001001110010100111110000001
11110101100000110111101010110011101111101111110110110111100101101111100011100100000111001100100010010111101011010110001101010111101
11100000111101100100000000011011001110001000110110100110110000101100001110110111010110011110111111000110101011010011011100010000101
10001101100100111111111101001011101011101101100000110110011011100111011010100111110010110010110101101100000011000110000111000111111
11111100110110001010100111100001100010000001110111100011010000001110011010001101100110011010110000000101111110010011011101101111011
10110001110011101000101100110100111011111101000010111011011111101011001011011100110110110000111011101100101010111110001100101000001
10100100010110001110000110110101101011010101111010101011011000001011101011011001110010011011101110100101100000100111101110100011111
10111111010111101010111110111101000000000000000000000001011110100001101011001101100110110001100100110101101111101100100110101111101
10011010000010100000111100101000010101010111111111111011000111111011001011011001001100011100110110100000000000000110001100101100101
11010011101110111101100110001111011111111101100000000001011101010001100011011101011110110001100100101111011111110100100110000001101
10011000001010111000001111101001111011001101111010110100001101000111110110010101000110111100110110000111111001111101111100111111101
11011111100010101101101100001101100001101000011111111110100001110101010011010101011100001101100111101101101011001000011001111100101
10001001111000001100111111100000101011001101110110011011101100110101010110000001000101011000110101000101101011100011111101100110101
11101100000010100001110101001110111001100001100011010000111110100001010011011101101111001101100101101100000000111001011000101110101
10000001101111110101010101111010010011110100111000011101100100111101011001110101101010011001110000000001011010101100001101101010101
11101011111101111100000100111011011011010101101110111000110101100100001100110101101010111101010111010101111111101101111101101010101
10001011010000101110111101101010000000011101101100001110100001110111011110110001001010010101011100011100101101001100110101101010101
11101110011110000100000101001011101111111001000101111100111100110110001100011101011000110000001001001111100001100110010101001010101
10111111011111110110101101101011000010101101110100110110110110100010111111011001011101111011101011111010101111110111010101011010101
10011010010011100010100000001011101110101000000001100110100010111000110111001100001100101111000011001010101100100011000001011010101
11011011011010111011111101100001000110001111011101101110111010101110110101011110111101101101011111100010100110101011011011001010001
11011011000000101011000111111101101111101101111101101010000010100110110100001010011001100100010001001110001100101111111011011010101
10000001101110000001110111010000001011000101100001100011111000110100110111100011001100110101110101011100111110000110100000001010111
11111011111010110100000000000111101001110101111011101110101010010001100101111011100110000000000111010110000110110100111101111010111
10101001010000111111111011101111101011010100100010100110001111011100110100110001110011011101110011010110111110111110110100100000001
10101100000111101000001110111000000000010110111010001111100100011001110001100111010110000100011111000010001100101010100001101110111
10001101011111100010100110111111101011000010110010100010110111011100011101110010010111101111111101111000111110101010111100000010001
11101111111000111010110000000000111111111010111010111010110110001001110101011000110011000110110001101011101100101010111001111111111
10000111101101101011100110101110110110100000011011110000110011101100110001001110010111101110011011001010101110100000101100001101001
10110001001000101111001110111000000000111101110001011110110111001101111101101100110111100011011001100000101010001011101001100000011
11111101101110000101111011111111111110111101011101011000000101011000101100000110100011001110001100001110100011011011001100110111001
10000000100011011101010011000101000000000100001001011111010100001110101001110110101111101011011001011111111011011111100001110111111
11111110101110001100000111110101111011110111101100010011110111101110101011000000101101100011011101111001101010000110101011100000001
10001000101011011111010001110001101111000000101001110110100011001010001111111110000101001110001101110011000010111110001110111010101
11101110000000011011111011011100000101111010001100110100111011101011101100110100110101101100111100000111111010011011011110111111111
11101011111111001001101011000001010000000010100110110110010000000011001101100001111101100110101001111100000010110011000000000000111
10000000110000011011000001110111111010111011110000010011000111110111101100111101101101001100101101010111111000011000011010111111101
11111110111111011001111101011110101111111110010101011011011111000110000101101001000101100110101100000001101010110011111110110100001
10001010100000001011000001011000101100000111000111011001110001110011010000101101110001101110101001011111001110110110000010000001111
11100000111111100000010100000011100001110101110110010011111101010111011010000000010100000000000011001101101100100010111111011111001
10001110100000111011111101111001111011100000111111011000011000000101111111111111011111010101010111111101100110001000011001001111101
11111110111110011110101111101011011110110110000000001101111101010000110101011100011000011111111110111001001100111011110011111001001
10000010100000110100000110101010001110000100101010100000001111110110010101010111011111001010101010001101011101100000010110101101011
11111010111110110111101100000011101011111110101111110110111010000011000000010101010011100000000011011000000000111111000000000100001
10101010110000000011100001111001101010101100101101000110101011011111101011000000000110001111101111000010101011100001111111111101111
10100010011101101000001011111101101000000111111000011100101010010011111111101110110011101010111001010111111110101111111100010000001
10111011010101001011101010000000000011010011010011111110000011111001110101111011111010101000011100011110010110000011000001010110111
10000000010111111111101111111111111010011000000110000111010110011100100001010011000010101011110111001011000111011111010111000010101
11011101000011010100111101000000000011011101011111110011110010110110111101010111111000000001010000011000011101010000010001111111101
11111001111011010110011001111111011110010101111010000110111000110000101000000011000011111111010111111011110101010111110101111101001
10000011000000010111011101010101110111110111100011010010101011111110101101111001111000010110000000110000100101010000010111000000011
10101010010101000010000000000101100001100010111011111010000010110010001111111100011111000011110111100110001101010111110001101111111
10111111010111101000110110110000111101101010011010110000101000011011101010001101000000011111000110110111111101000000011111000000001
11110000010111001110111100100110111000111010110010100110111111001001100011101001110111000101011100100101110101011010111001101111111
10000110110100011000011001111100000010010000111010101111110111101011001110001111000100011101000110110001010100001110101100000000001
11110110100111011110110011011111111111011110101000111101100001000010011011101011110111000101011100110111000101011111101110111111101
11011111110011110111111011000000001110000000100010110001111100011011001010101001011111110100000101110101101101001011000000000001111
10001101100110100000000001111111011011111110111110011101011111111011011010000011001101010110111100000000000101111000011111101011011
11011100111110111011111111001010001011010000101000110000010110101011010011011001100000000000000001111111101100100011001011111111001
11010110101100011111011101100000100000000110101110000101000000000011000111111101111111111101111100000001111101101111111000011000011
10010100000110110110000000001010101011011100000000101111111101111011110110101101010000010100000111111111010000000110101101001111011
11010111110110110011111111111111111111111001011010111000000111111001100000101100011111010001111110001011010111011110001001011010001
10000011000000010110000110010101010110101111111111111111110000001101111110000001110110000111001011011010000011111011011011110010111
11111011111111010111110011010000000110000000001100001000000111100000001011111100110011110000011011000000111110101011010000100110101
10100000011000000011011010000111110111111110111111100011011101111111101011000101111000110111110000011010011100001010000111101110101
10111111011111110110001011111110100011000100000110001001111000000000001011110000001011100110100101011011000101111010110001101100001
10100010000010110111100000000000110111110111011111111111000011111111100010100101101011110100001111011111010000000000011100000101101
10111011111000000000001111101110000010100000000101110100011011000000001000001111101000100001100011000001011011011101000110111101111
10110011110010110101111100000011111010111111011100010111111111111010101011011000000010001101111111111111110011000111101111110100001
10010110011111110111110110101111100000010101010111010000101110111011101110001111101010111100010110101000111001010000101101010001111
11010111001101011100000111111010111101000000010101011110000000000010001100101011111010100001000010000011101111110111111001000100001
10000101100000001111110011111000001111111111010101011011101010110111101001111010100010110101011110111110101110111111011101011111111
10110001101010100010011010101111101000000000000000000010111010111111111101010000001011111111000000100110001010101101001100000011001
10100111101011111011011010101110000010111110101101101000111111101010000001000101011010000000011110101100111010100101011101111110011
11110010111011101000000000001011111110100000101111111110100101001000111011110101110011011101000011101001110000001101010000000000111
10011000111110101111110110100001001111111111111010110110001101101111111110000100010110010001101111000011010111111100000101111010001
11010011101100000100011111110100011001000011010000010100100001101101100111010101010100111011000000011000000000010101111100001011011
10011011000111110111001011111101111101101000000111000001110100000000001100010111011110110010010110111101101111000000000101101111111
11000001101101010101101010101000011001111101011111101011111101110101100001110011000011111111010010101101100001101010101100100000001
10011100001101010100000010101101111101010111010000001110101000011101001101110111101110010001010110000101101111001111111111111101111
11011001100000000001111010101000110101000011011110111000000010111001101101000011000011000100010110101100100001100011011111011111011
11110011110101110101100000000010000001111011111000111101011010110011111001110111010111011111010100100111101011001000001100000010001
10000110000100111101001011101010111011000000101011100111011111111010000011000001010110010000010101110000101001011011100101111000101
11110011101101100001101110001011110001111110100000110000000110000011011011010111010100111011010100010110101011110011110000001011111
10000110001000111011000111101111011011011000001010111101011100101010010001110001010101111110010110111100111001111000111010101000001
10101111111101100011111100001001011010000010101010100001110001101010110100011011011100110111110110101110001100001010001111111010111
11111000000001101010111111111100000000101010101010101011000101101111100101011011001101100000000110000011100110101010100000001010111
10000010101011111110000000000110111010111110101011101111010101111101111101110001100101101101010011011111111110111011110101101010001
10101010101011000000101101010000100010011000101011001000010101000000000000011011001100101001010110000000001100011000010100101010101
11111111111111111111111111111111111111111111111111111111111111111111111111111111111111111111111111111111111111111111111111111111111
