111111111111111111111111111112111111111111111111111111111111111111111111111111111111111111111111111111111111111111111111111111111111
100011011110101100001101100010110101100000110100110110000000101010000000000010110110101100101100100101010101000001010100010000100101
110110001100000111011100111000000000001111100101100110111111101010111110111110010100000110000110110101000001110111010111000111101101
110011011110111101010110101011101101111010110100110000110101100000000111110110110110111111110110110101011111110001010001110001101001
100110000110011100000000000000111111110010100001100110000000001011111101010010110100000110110110110001001010011101010111100111100011
110100111100110111010101011010000011011000111011101111111111101110000100011010010111011100010100011100011000111000010011001110101111
100110110110110110011111111110111110001101100010101111100100100000111101110010110101000101000001111001011011101011110110011010000001
110100110110110111011110110111101100101100110110100110110001111111111000011010100101011111110100110011110001000001100000111010111111
100001100110110011000100000011000101111101100110101100111011011011001101111010001101001011011110110110110111011111111101110000000101
101100110010100111011101101111010000111001101100000110011011011000011000110010101101100010011010000110010011000011001101011101111101
111101100110110110001100101101111011101101000101111110110000011011001110011010111101110110110010111110110111011111101001010100000101
100001110110010100111001111000110001101000011100111010000111111001111000110000010101010000111010001010110101000101101101000001111101
111100100011000001101011011011110100001101111101100000111101001100111110110111110001010111100010111000100000011101001101011111011001
100110110111101111100011010001010111111000110000101110001101011001101100100010011100000001111010101110101111001101100101011000011011
101100100110000010110110010111010110100011100111100011011101001100000110101110110110111011010010001100000001011101001101001101111011
100110001111101110100011010110010110101110110000001011110000011001111110100010110110101111011000111101111111110000011001011000000001
101111100010101100001010000000110100000110110111101000011011111011011010101110100100000110011011110100100001111101111100011011111111
101010001110001111011110111110110101111100010001111111110000101011011000001010110101101111010001100101101111011000110111010001110001
101011100111101011000110001111110100010101110111010110111011101011001110111000110000111101000100110101000010011011100111000101010111
101000110011001010011100111001100001110101010110010100010001101001011010001110100101100101101110000000011000110001101101101100010001
100011111001100010110110110011001111010101010000110101110111100011011000111100001111110101111100111010111011100111100101101111110111
101110010011101110100010010111100000010101010111100000000010110110011011101001111110110101010001111111101110001110110101000111010001
100111011001000110001110110011001111110101010100110101101000010100111011001100010100000101011100101101000111101010110101101101000111
101100011011011100111010100111100010010101010101110111111101010101101011011101110101111100011001100001010101100010110001101101011101
100001110001000110110010101100101110110000010000000000001111110001100000011001100100100111001101001111011101101110111101100101000001
111011011011011110011010101101101000110111110111110111111010011011001111111100110101101100011101011011001001100000101101101101010111
100011011011001011001010000000100010010011000000111110101010110001100111011110010000101111010101000000011011110111101101100000010001
111001011000011011011010111111101111110110011011101010001010011011001101001100110111101010010100010101011001100101101000001010111011
100011001101001010000000000111100001110010111111101000111000110001101101011110000000101010110101111111111011110001101010101111101011
111011101101111011011111111100101111011000000110101011101011111011001000001011011111101010100000000001101011110111101110111100101001
101010101000110000001000010110000000011011101110001000000011000001100011111001011011101010101111101111101001100100101100010101101011
100010100010011111100011110110111111110001111011100010111111111011001111001100000010101010000000111001001011110101101001000000101111
111000001010110110001110000110000010011011011010001111101001101001100001100111101110000000101110011101101010100001101011101110000101
111101111111100000111111101100111110110001000011100001001011101011110111001101101011011111101111001001100010111101000000111110110001
101000010011111110001011000110000100011011011111001111011001001010110001011101000000011011111011111011001110011100010111100010011011
101101110110010100111001101100111101111010000101101010011011011000110111010101110111111010110000101011011100110110111110110111001111
100000110011010101100011101110001000101010111100101000110010000011110101010000110000100000011110101000010001100000001000000001100101
111011100110010101110110101010111011101000010110101011111010111110000000011101110111101101110110101011110111111101111011111111111101
100010110011000000100000101010110000001011110100000001010000000011110111111101100101101111110110101000000010011000000000000000011001
111010100111010101101111100000011011111001100101011111000111111110100001010100110100101010000010100011101000110011111111111111110011
100010001101110101100110111011110010010011110101111011011101010110001111010110110110000010101110001001111101111011010000000001100111
111000111100111100001110110001011000110110100000001010010000010011101011000010110110111110111000111011011111000000000111111111110111
100011100101100110111000011011011010000000101111111000110110110110100001110110010110101010011101111011001011111010111110110110100011
111000110000001100001110110000001011110111101110011011110111110010101111010100110110000000110100001111100001100011100000000000111001
101011111101101110111000011011011001111100100000110001010101011010100101010001110100110110000001111111001111111011001010110111101011
101001101001111010011010110011111100011110101111110111010000011000101101000111000001111111101100101010011010011001011111111111001001
101100101100110000111110011000110101110110100011100111000111001110000100011101101111111101111111101011000010110011011101000001101011
100110101101111110101100111011110000010110101110001100010001101111011101111000000000110100110010101011011110111000001000010111101001
101110000100101100100110100010100111110000000011101001111111111000010101101101111011110001110110001011010110101011100010111101001011
101011011101100110110100001000110111010111110110101011011010001101010101101101011111010111010000101010000000101000110111110001100001
101010011001101100010001011111100000000001010100101000000010111111010101100100000100010010000111111011011111101011111101011100111011
100000110011100111011011110110001101011101011110000010111110011010000000110001110001110110101110110011001110000000011100001101101001
111110100110001100011001110011101111110111001100111110000110111000110101100111100111010110111000110110011010110111110101111001001011
100000001111011101110011011001000110100010011110000010101110001101111111110000101101000000011011110100111010010000000001001101101011
111111100110000001011000001101110010110110110110111111101100101101000110100111111101011111111011000101101010111111111111011000001001
110110101100111111001011111001010110110110010000000000111110111000011100101100110100000000000001010101000000011010000001001101101101
100110000101110111100000011101000000000010110111111011110010111110110110000001110101111101111111110000011101110010111111011111101001
110111110101100000110111010100011111111110000001101110000110101100010100111111010100010111101001100111111111011010100011001011001011
100100110101101111110101110111000001010100111111000011110010101110110110101101010001110011000011001101000111011000101111101001100001
110101100101100101010000110110010100000001100101101111011000000110000010100000000100000110011111011000011100000010001110000011001011
300101001100101100010111110100111110111100110100000010001101111110101110001111010110110010110110001011000101111110100011101111011111
110101100110100001110001100110001011101111110101111110111101000011101100111111111111111110110011011011111100001111111110100100000101
100000101100001101100111110010111001100011000000001110011000011111000110011001101101011010110110011010110101111001010110110001011101
110110001110111111110110011010000011101111101111111000111101110110011110111011000001001010110000110000000100001011010100110111110101
110011101010111011010011010010111111000011000010101101101001100000111000000010011111011010011110011011111101111011000110110001100101
100110100000000000011001011010011101011111011110101100001101110110000011101110110110011000111100110001001000101011011100100111110001
111100001111111110110011001010110001000110010110101001101101000011111111111110000011001101110101111011011011101000000110101110110111
101111100011010111111001101000000101010011000110101101111000011111001100001010111110011101000001011000001011100011111100101010110111
100110110110000001101101000011111111011001011110000100011110111010011110101000000110111001011100011011111010101110100110100000110001
101100110011011011101100011111110110001111011000110001110100001010110110111011111100101101011111110000000000101110101100110111100101
100001100110001010000101111010010100111101011101111111100110111000110000010000001101101001000010011011111011101010000110010000001111
111100110011011111110100110010110101110101010101100010101100101110011011110110101100101011011110110000001110001011011111000111111011
100001100110000110110101110110110000000101010100001110000110000111001001100111111110100000001010110111111111100011001010011101100001
111101110011101100010000100010010111011100000101111011011100111100011011001101011010101111111000010010000010110110011010110000001101
101100000110000110110111101000110011111111110101011010000110000111000001100000011010101100101110110110111110110000111010000101111111
101101010011110110000001101111100110110101110100001010111110111110011011101111011000000110101010010000001010110111101000111111101011
101111111001010110111111100111001110010101010101111000010100101100111110000101111010111110101011000110111010110010101011101000000001
101010101101010110000000110000011011000001010000101101110101100001101110111100110011111010101010011111110010011000000000000011011011
101010100101010100101011110111110001010111011011101000000000001111101000000101111011001010101010111011011011010011011011101001001111
101010110001010001111111000101111100010110011010000011011101111110101101110001100001101010101010010011011011010111111111111111011101
101010111100000111010101011101010101111111011000101001000101001000001100011011111011101010000010110111001011000000000000010101111001
100000100111011111000000001100010100000101011011111011110111011011111001111111101011001000111110110001011000011111011111000000100011
101110101100011001011111111110110101111100001001011111111110000000101100000101000011101010111010010111011011110001111001011010001111
111000100110111011010100100110010101000111011011010101001100110101101101110101101110001011101010110101000000000100101011111110100001
110011101100001000000001101111000001011101000000010101011101111111000000111101100110100001100000010001011010101111101000101111111111
100110101001111011111111001011011111001100011110110000000001101111101110011001001111111100110111000100001110100011100010000011011001
110000001100000000011011011011000111011001111111110111111100100101001111011100011011010001100001111111100110101000101111111110010011
111111011001111111110001010011011100011011110001010100000111101101011001110110110011011011101111101011110011111111100001110111010111
101110000011001001011011010110000111010000010101010101111110101100000011110100110110010000000000000000011001111111101100000010000001
101011101111011011001000000011110010000111111100000000001100101101111110010110110111000111101101111111111100101000000101101000101111
100000001010001011011011101111010110111110011001110101011110001100111011010110010001110000111111010110101111101101101111111101100001
110111101000111001001010111100000010100010110011011111111011101001100001010100110111100111110010000000001011101001101011010111110101
111111100010110011011000110111111000001110010110001011110011001011101101010110010010101110000110101111111010100011100000000000011101
101000101111111010010011100110000011111111000010111001011001100000000111010100110110100000111100111101101010110110111111110101001101
101110101101101010110111001111111001001000011010011011001101101101010011010110110000001111111110110000000010010100010111111111011111
101010101100101010100001100110110011011011111111011011011000100111110111000110110111100000000100000111111010110001110000011111011011
100000000110100000001011001100111001010001110110000001010010001100110101110110000000110101110001110011101110000100000111110101110001
111111011110001011111111011110010011000111010000101111010111100110111100100110111010011111000100111000000100101101110010100000111101
100000000011011011110101011011011010011101010111100110000001111100100110110110011111000111110111101101010001100101110110001101101001
111110111110011110010000000011010000111100000000111110111111011001101100010010110101111100110000001101111111111111011110111000001011
101010101011000111000111111110000110000110111111111010000111001011100111011000100100101101100111101100000001011010011000001101111001
101000001011011101010001101010111111011110000010101010111100011000001101011101101101100000110000101101010100000000110010100111111011
101101111011000101110111101000000011111010111000000000000111000011111000001101000000001011100101111101111101011111110111111111001001
101000111001011101110100100011111110110000011101101010111101011110001101100100011111111111111101110111111101110011010000011101101011
101011101011001001010110101110101100000101001100101010001101001110111111101101111111110110111100100011010111111001000111110000101001
101001101011011011010000000000000101111111100110101010111101101000110110001000000000000010100111101111000011011011010000010101100011
101011000011000001010111111111110000011000110011111111110100000011100011101011111111111000001111000101011111010000011011110111101111
101011011111011111010111000111011011010010111110010100100111011110110110100001101010001010100001101100000000000110111111100010101011
101010001101000101010101011100001110000111101011000101101100000110110110001100000000111111110111001101111010110111100100101110100001
101011011001011100000000001101100111111101100011010100000111110110000010111110111110000001111101100101011111100011110101100000001101
101011011011000110111111111100110010100000110110011101111101100000111110000010000111101100101101001100000011101110110000101111100111
101001010011011110100010000001111010001111100011011000101100110111100000101110110001111110001101100001011110111100000110000001111111
101011011001011010101010111111111110100101001111001110101101100110101011100110011111010111111100101111111100010101111111010111010101
101011001101011010101110100110110100101101011110011010000000110110001111101111110010000000110110000001100001000000001011010000000101
101010011000011010100110001100010101111101001011011011011111100110111100100011011000111111110100111111001111111111100001111010101101
100011000011110010101110111001110101010101011010011010001101001110000101111111010011100010100110000001100110010001111111101111111001
111000010111110110001010101101000000010100001010110011011001101011011101011010010110001010110000110111101110110111010101001100001101
101101111110010100111010000101011010110001101000011011001101101000000000001010110000111110110110111111000100000000000100011001111001
100000101000110001101010110000001011110111111110111011011000000010111111100010000111101100000111101001011101110101011101110011101101
111101101110011011100000111111111001010101011000110000001111011110110000101000111101101001111101100011010101011101000000011010101001
100000001010110000101111101000111111000000001110011011011011000110000111111010000000001011101101101001010000000111111011111000000011
111101111000000111101101000011101101110111111011001011111000010010101110111110101010100000000000101100000110111111111111110011111011
101000110011011101100101011110000100100000110001011001101010111111100000000110101111101010101110000111101110000001000110000111111001
101101111001111001101100000010101101101111111100000011101011101100101101111110100001101111100011010011111010110100010000110000001111
101100010011101100000110111110111100000001101101111111000011100001100100000011101111100011110111111010000010110110111011110101100001
101101110110101001111100000000011001011111001101010110011110110111111111011001100000110110111101101110111110110011101000011100110111
100101010110101011011110111111111101110011100000000000110110100000011001011100101101100000011100000000011111111000001011111110010001
110000000000000000000000000101110100111010101110110111100000001111110011110111111111110101000001110101000001011111111000010110110101
111101110111101111010101010001010101101010101111100000001110111101100110100000111010100101101100011111010111000001111111000010010101
100000110000100111110101110101010100000000000001111101011111110001101100001101101000101101000110111011110000011111000001101111010101
101101100101110000010100010100000001011010101100000101000000000100000001011000000010101001101100000000010101000000010101100001010101
111111111111111111111111111111111111111111111111111111111111111111111111111111111111111111111111111111111111111111111111111111111111
