11111111111111111111111111111111111111111111111111111111111111111111111111111111111111111111111111111111111111111111111111111111111111
10111100011001101101000000001100101101000100110110110100011001010010100001011000010110000011000110110110101100010101010101011000011011
10011001110011000001111110100110101101110001100110110001111101000110111100011111010110111111101100000000101111010101010101001111011001
10110011011011111101010111101100000000111011101100011011011001011110101001110010010110000110000110111011101001010100000000011001010011
10011001010010010101010101100111111101101001000111001011011101000010101011111000110110111111101100001111101011010101110111111100000111
11001101011011000000000101001101010101001100011111101010001100011110100001011110010110010110001110100110100000010000111100010111011111
11101000001001111111110101101101000000011101110101101010111101111010111011010111010011000011101000110110101111110110001110110010001011
10101101101100110110000000001101111101110000110101000010011001000010110011010100011000011111101101111110000000110111111000011000100001
10101111101001100111101111100101010001010110110101101000111100011110111001010110110011000110101100011011011111100101101110111110110111
30001011000011110011111100001101010100011110010101111110000111001010011011000110011010011100101101011011000011110100100110110100011101
11101011111011000110100111101000011111001100110100001110111111011010110001010110111111001101101101111011011110110001101100100001111001
10001001100001110010110010101111000111011001110111011000101100011000110111110110010110011101101000110001000100111011100110111100101101
11101011111011011010011000000111101101001100010111011110000001111011110110100111010011010100001101111011011101100010110100101110101001
10001001011011011010111111110101000101011001110001010100110100101001100010110101010110010001111000110001001100111010100110101000101011
11101011000000011010010110100001101100001101011100010110111110100011110110100000010110110111101011111100011101110010110110101110101011
10101011111011011010110100111011100111101000001111000011101100101110010100111011000010000010100001101101111001011010100110000110101001
10101001101111010010100110011001001100000011111000011011000110100011000001101110011000110110001011101000001101001010110110111110100011
10101101101101011010001100111100011111011011111110110000011110101001111011101100111101111111011110101101111000011000010010111000110111
10001101101101011010111001111111010101011010000011111111011000101111100011001111110000000110010110100000001101111111000110101110110101
11100000001000000000101101011000000001010000111111010011001110000110111011011001010101111111000110111011011000101110011100101100100002
10001110100011111110001101001011110111111011110110000111011010111100110000001101011100001010011100010001111101101011001110001110101111
11111110111011011100101001011111110010100001100011110001011010001101111101100101011001011011010111010100110101001011011011011000000111
10000011111110000001111100001100000110111100110110011101011010111000110111110101011011110011010101010111100001101010010011011111011101
11111001100011011101010101011111101100110001110111010101011010101011100011010101001000110110010101000011001111100011010110001101010001
10011011001011111001000111010110001101100111010101010000011010000010110110010101101011100111010100011010011001001011010111011000000111
10110000011110101101011110000011100101110110010100000101000011101110110111000001101010101100010101111111001101011010000011011110110001
10011111001100000001001011101110101101010011010111101111111010100110110101111101101010100111010000010101100101011111110111001110011011
10111111100101101100011011000110000101010110000001111111101000001100110101001101000000101100010111110100110000001101000001101010111111
10110000110111111110110001101111101101010111111011010101001111100110110101011001101111100110110000000101110111011001110111100010110101
10111101100010111010111011000011001101010100110011010101100000110000010101001101001011001100010111111101100001111101010011001110010001
10101001101000100000011011011111100000000001110110000101111110111111010001101001100011011111000000101101101100101100000111100110110111
10101101111110111110111011001001111111011111010111110000101100011100000111001011001110001010011101101100000111101001010011001100000001
10001101011000000000000000011011001100011011010101011101100111000001101101101011011010111011010111101101110110100011110111011110110101
11100001001111011111101101111001100101010011010101001000101101011011100101101011011010011011000010101000111100111110100110000000010101
10111100011011110001111001101100110111010110010101100010001101111110110101100011011000110011011110000011101101100110110011011011011101
10101110110010100100111101100001100110010110110001110111011000101100000100111011001011111010000111101110100001110100110110001001011111
10101000011010111110001000111101110110110010011011011110001101101111110101100001101001010011011101100100001111000001100100111011110111
10101111010000111011101101110000100110110110110011001011011000101000000000111011101011011011001001101101111101110100110001111110110001
10100011011101101010100000011010001110110110011001100000011110101011101110011010101001000010011011101100000101011101100111000110000111
10111011010100101010111101111111011000110010111011001111010110101111111111011000000011011110111010100001010001011001110010011100111101
10101010000110101010110101101101010011111010101011101000010110100110010000011101011001010000000000001111111111011101010110111001111101
10101011110110101010110100101000000110110010001001111111000100001111000111001111111011000111110111111110101110000001010110110011000101
10101000110110000010000101100011110110111000111011010011110101111111111111100011000011011100011110011010001011011101000000000111011101
10001110000011101011011101111110000000101011110011011010100001010110111001101111110111000111001011010000111001111001011111111101000101
11101011111010101000001101001110111011101011011010011000111011000110101100000010100101011101101010000110001011001101010000000101011101
11100011010000111111101101011010110000000001011000111101101011101100100111101110110001001101101010111111111001101100000101111100000101
10001011010110010111001100001011111111101111001010001001101010100110101101101010100111011000101000000000101100101001111111110110110101
11111010011110110001100001111011000000000111011111101100101010101100001000001000110101011110101011111110100001101011011111000010111101
10010011001100011101110100000001011011110001011101101110000010000111101110100011110100001100000000000110111011000000000101110110011101
11011001011110111000111101111111110010010111001001101011111011011100000111111001100101011101111010111111111011011101111101100110110101
10001100001000000010001100000010111111000001101011001010111011000110110101001100110001110100011111110111100001001111011000101100110001
11100001100010111111101101111110101101110111001011100010100001011111110001101110110111000001000011010010110100011011001101100110010111
10001011111011111100000100001100101001010101101001001000110100000011011101000110100001110111111010011010111111000010011001101100110101
11111011000011000001110101111110101100010101101101111011110111101110000101011110001111100001111111001010011010011000111100000110110101
10110001101011110101000000001100001111010101101000110010011101001011110000001011100000110111000101101000110011001011110110111100000101
10000111111110111111111101111111011000010100101110011000111000011011011010100011001111100000011101000011100110011111010100011111110001
11111111010100001111111100011010001011000001100111010011110011001001011111110111100110110111001101101110110110110110000110110001111011
10101101010001100101000001111000111111010111110011011001011001101011001101010110110010110001011100000110010000100011101110110111011001
10000101011101110100011101001110110101110001011011001101001111000011011000000100110110110111110111011111011011101110000100110011011011
11101101001111000001111101011010010100100111010001101001011101111001001111110001110000000010100011000011011010100110111101100110010001
10000101101010011011000001011010110110101101011100100011011000000011011001011011000101110110001011011110011000001100101000110011011011
11010000000011010001111100001010100100000101010110101111001111111011001101011001011100111111101001000011011011111110000011110110001011
11111111011111111111101111101010110111110000010100101010011010100001100100001101011110000011111101011110011010010100111111010110111001
10101011001110110011000110101010100000111101010110101000110010111100110110111000000111111110010101001011010000110001110000000000011011
10100001101010000110010000000010111110001101000000001011111010110101100100101101111101111011010101011010010111111101010111110111111011
10001111000011010011111111111000100111011001101111101010101000110001110110101100110100001010010000011011010001010101000001111101101001
10111001101111111000011101011110101100001111001001101000101110111100110000001101100001111011000101011011010111010001011111011001100011
10101011000110101110110100000110100111101001111011001011101100101110011110111000110111110010011111111010000001010100000000001100101111
10001001101100000100000101110010001101000011010001101011001101101011001100101101100010011000111100101000111101011110111111111110000001
10101011000111110111110111111011011100011110000101000011101001100011011110000000110110111110110110101011111101001100010101011000101111
11100011101110000100100010000010010110110111101101111010100011111001000110111111110110011010010100101011100111101110110000000011100001
11110110101010110110111011111011000100000001111101101010101110001101011100000001010010111011000001101000001100000100000111110111111011
10000000101011110010101001100011110110111111010101000000000111101100000110111111010110110000011011000011111111110001110111110010011111
11011010001011011010101101111010110100011001010101101010111101000110111110001101000010110111111111101110000101011101011100011000110101
11111110100000000000000000111010100101001101010001111110110101110110010011011001101010100110010110100000111101001101011001001101110101
10100111101111111110101010000000001101111100011100110110110000100110110111001101101110101111000010110111101000011000001011111111000001
10110011111001101011111111101111100000110110111110100000011110101100100101011001000110101101011110110001001111010010100000111000011111
10010110001100000001010000111100111101100010010110111101111000000110001100001101011110000001001100100111011001000110101111101011110111
11010110111001111100000111110110110100111010110100001101100011101111100110111001001011111011011110101110001100011111100000001000010001
10000010101111001111010001100100010110011010110110111000111111101011001100101101011010110000001100001010111110110101111101111011110111
11011010101010011011110111110111010111000000110110001101101100000011100110001000000010110111101111011000011010110000111111011010100001
10010010101011001001100011000000000001101010000010111000100111101110101100111011111110000111111010001011110010000111100010011010001111
10111000000011101101111001111011101101101010101000101110001101101010000101100000001111110000011010101011011010110000001000110000101101
11110011111010100101000011101111111000111011111101101011011101000011110100001111111011000111111010111010000000110111111111110111111101
11000111111000110001111011000110111110011000110101101010011000010111010001111101010011010110110010110011011110011101101101100000010001
10011110001110011101010001101100101000111111100001100000111110111101010111011000011001110110011010100111000111111100000000001010110111
11111000100000110000011011100110001011100100111100110110011010101000000000001011111100110000110010001110011101110001110101111111100001
10000010111110111101001010110011101011110101101110010100110010001010111011111000110110000101111000111011010000011101111100010111110111
11111011110000000111100000010110000000110101100010111110011000111111111010111011100110110111000011111000000111110000000110110010010101
10111111100111101100111111010111101111100101111010001000111110010101001000101010101110010111111001101101110010111101111111100110110001
10000110111110001110111111000001000110110000110000101110010100110101100011101010101100111100011100101101111000011000000101110000010111
11110110011011101010100000010101110010110111111111101011000101100100111011100000000110011101110001101000001101001011111100110111000001
10000010110000001010111110111100111000000011001110001000010100110110101010110111111110110101011101000011101101100000000001110101111111
11111010011111101010101111101110011101111111101011101101110101100110000010110001101100010100001101011110111111110111110101100000101101
10000010110000000000000011100011000101000011001011001101000100110111101010100100001101000111011001000000010111000000011111001110001101
11111010111111111111011110111000010101011111101001100111110001110001111010001111011101111100011011011110110101111011111010011011111101
10010010100100000000001100011111110000001011000011110011011100010111010000100001111000100111011000000010000001001000101011001001010101
11011010110111111111101110110111000101101010011111011000011111000011011011111111001101101100000011011010111100011011101010011011010101
10011010110011000001101010100000011101001010111010011101000011110111000001010101100000100111101110001111101110111110101010111001010101
11000000011000010100000000111110111111100000001010110111111010110001111011010100111110001101101111011101101011100110101010101011000001
11111110110011111111011110100111110010111010111000100011011010110101000011010001110000111001000001000101100001101100001010100000011111
10000000111111101011010000101101011000011011101110111010000010110111111000000111011110101100011111110000101111001101111010001111000001
10101010010110000001111010100000001111010011001010110010111010100010111011110001011010101001110101111111100001101100111000100011101011
11111111010010111100011110111111100001011011101010011011100000110110101011011111010010100011110001011000110111000001101011111110111001
11110101010111110001110100110000001100000001101010110011001010010110000010001101011000001000000100001101110001101111101000000000110011
10100000000101011100110101111010111110111100000010100111101111010111101010111001011111011101111111111101010111100011001011101101111111
10001101010001010110110101011111110111100111111000101100111100000000111010011101001100010111100110011001010011001111100000111111011101
11111111110100000000000001010101010101110101011110001110011001110111110000110101011110110010101110110011000110011100110111110110000001
10000000100110101011111101010100000000100000010111101011001111110111011101100101001100110110101010011011011100110001100100000000101111
11111110111111111110000001010111101010001011000010000011011011010101010101101100011001100100000000110000011001110111001101110101100001
10000000011111111111110100000011111111111110011011111000010011000000010001000101111100110101111111100111110011010101011100011100110101
11011110110110101011111111110110110110000011111000000011010110011111011100011100110101110100110010110000011000000000000001111111111111
11110110100000000000000000000000000111110110101111110110010111111101000111011001100101010101110110100111110010110110111011100011000111
10100000001101011111111101011110111101100110000000010100110010110101101101001011110100000000000010001111110110011100011010101110011101
10001110101111111000011111111010110100110111110111011110010110110101101101101001100001111101101000111000000111001110111000000110110101
11111100111010101101000000000000110101100101111100001000110110110100001100101011101111111111111111101101010001101011101101111110100001
10110111110000001111011111011110000101110101011111100010100110010111100110000010100100000001010000001101111111111001000111011000101111
10010100011110100111010011111000110000000000010100111110001111010101001111101110110001011100000110100000001101011011011110001110000001
11010111010000110101111000101110100111101111010110100111101111010000011101001010110111111110101111111101100000000000001011011000101011
10000101011110110100110010001100110100001000000000001100000110000110110101101000010110000110101101011111110111111010100001011011111111
11010100011010100110011111100001111111111111111110111111101111011110100101000011110000111111111100000010110010101111111111010000010101
11110111010000110011010100001101100011110111000100011010001011010010110101011111110111101011011001111110111110001101000001000111110101
10100011011101111000000111111111111000000101110111011011100001111000000100001110000000000010011011110000011100100000011100010110110101
10111001011111101111110000010111101111110101000011011010110100111111110101101011011111111110111000000101000110110101000101111110000001
10011101000110100000000111000001000000000000011000000000000110011011010001111000000000000010101011101111110000011111110101101010111101
11001101011100001111011111111101111111101010111111010101111111000000000100010011101011111110100000111010110101111010010100000000011111
11101001001111011101110000000001101010111110100000010100111000011011110101000110111110010100001010000000010101101010111111011111000001
11101101100011110001111111110100101010110000111101011101100010110011000101010000110010110001111111010101111111100000000011011111011111
11000000001110011100011110111110000000000101110001011001001111111011010101010110000110000100110101111111101010101111111110000001000111
10010101100010110101000000000000101011010111100101010011101000000011010101110011010000101110000000001011000000000000000010101101010001
11011101001000000001111011010111101011010110001101110110001101111011110100011001110101111111010110100000010101010111111111101101111101
10010001101101010100110010010111101111111111101101000011101101000001110101110011111100010101010111111111111101110000000011111000001101
11010101101001010110110111010100000000110000000101010110001001010101000100011000000101000001010000000000001100010101101000011010101101
11111111111111111111111111111111111111111111111111111111111111111111111111111111111111111111111111111111111111111111111111111111111111
