111111111111111111111111111111111111111111111111111111111111111111111111111111111111111111111111111111111111111111111111111111111111111111
110110011001100000010110001000000100000000000000001010000000101000101101100010000001010000110101101010101010101010110010110000010010011001
100011001011110101000011101111110111111111111111100000111101101110001000111011111011011110110101001000101000000000000110000101110110111101
111001100011111111111010000000000101010000000000001010110000100111101101110000001010010110110101101011101010110101110010111100000000010101
101011111001101011010000111111110100000110110110101010011010001100001000011111101011010000000001100001100011110100011000011111110101000001
100001101100000000011111101011010111010011110011111010111111101111101110110010000001011111010100110111101111011111111101000111111101011011
111100101111111111010001000001010100010110000110000010110000001010100000111011111100011101111110110111000000000000001101110100000101111001
100001101010101100010100010100000001010100111111111011111011100000001010000001100110110001100010100000010111010111111111111101111111101111
101101101000001001011111010110110101011111111010111011010010001111011111111101101110111101111010110111111101111110001010001101011011001111
111000101111101111011000011111110101011000000000000010000111011000011000000101000000000001010000000000000000101010111000100000000001101001
111010001101000010011110111101000111001110111011101011010100001101011111110101010101010100000101101111011110001000001101111101101100000011
100011101101111011010111100000011111111011110011001011110110101001010011000000010111111101111101000001000010111011111101011111100101011111
110110001000000011000011111111111101101011000110011010000111101101111000010101011100000001111101101011101010010000000000000000111101001111
100111101111111001111000110011000001000000010111001111111101111111101101111101001101010101000001101011001010110111011110111111110111101011
111100000001111011010011111001101100010101010001100110000000000000000111101001101001111111110100111001101010110001000110100000000001111001
100001011100000001011000110011111111110101011100111111111111011111110000001011111111101010000110001111001110000111111110001111111111011101
101111010001101100000011100110000111000101011111100011010011111000111010100011011011000000101100111111100011010110101010100000100000000001
111111111011111111111001001111110101111101110010111011000110101010011111111010010001111010100110000000101011110000000011101110001101010101
100001001010010111101101100011010100111101111000101001010010000011010110011011000101110010101100101011111110110111010111100011011111110101
111101101111000000000000001011000101100111011010000011111011110110000011000001111100000110111001111000001110110011110000110110000000110101
101000001101010101101101011001110000110110001111101001100010111111011000010111101001101111111100011011111010111001110101111111101010110101
101111101101110101001001011100000110110011011101111100111010101101110010111101000011101010000101111011101010001100011100000101101110010101
100100000001111111011101010001101110100110001000000001100000100101000111111100011110100011010000110000000010111001001111011101100111110111
110111111100000000010101011011111000110011100010101100111110110101111101010111010000001110011011100101111110111111100001000101110001111111
100101001111111010110001010011000010000111001111100110101100000100111001010001111101100011010010001100000000000110110111110000011100001101
110100011010000010111101111111110110110000011101111100000111110110101100011100000001101111111010111110110101110000010000110111111110111001
300001000000101010101111101100000100100111000000110001010000000000000001010001101011100001101111110100110111000101010111110011010111101011
101101101010101010100000000001101110110100010110100101111011011010111111000111111011001111001101000001110011110101110000011000000101000001
101101101011101111111011101011111000011111010111111111101011111111110000011110000001100001100000011011011001110100111011111101111100011111
111101001110001000000011101110111010111011010101100011000010110100000101001100110100101011101011011000011011011101101111110000000001000001
110101101100101111111010111110101010100000011101111010010110000001111111011001100101101110001001110010110000011100001100010101010111110111
100001101101111011000010000000000010101010111100110010111111101101100010010011110101001110101011100110010101000111011101111101110110111101
110100100111000001110111111110111011111111110110111011111100001101001011011001011111100010101011001111010101101100000000001101100000011001
110101110111111100000011100000011111011111000000000001010111011001101000001111011011001011101001100001110101101111101101111111001011000011
100111111100011111010110001110110000001010011111101100000000011011001011011000000000011110001101001011000101100011100100000001101110011001
110001100001000000010100101000011111100000111111111101011111011011011110001111011101000111100101101001110101101110001101101111100111001101
100111110101010110110101111101111000110101100000000001010000011010010100101001110001010011001111101100010101100011011100111110001100011001
110000110101111111111111100111001110100111111011110101111111011011010001101100000101010111111010000111110101101111000110010011011110111101
111010110111101101000000110111101000001100000001111111110000011110011011001001101101010101000010110001111111000001110011000110000110001101
101011111100000000010110100001000010100110111011010000011101001100110001101101000111110001101000010100000001101011111111011111010011011111
100011011111111101011100001100011010111111110010010101000001011110110100101001110011000111111110110101011111001000011000001101111110000001
101010010110000001011111011111010011110011011111000101110101000111110111111101100111110111000000111111011100011101111111011000000010101111
111111000000101011110100001100010111011010011101111111000101110100000111010100110011000001110110011011000110110100000111001101010111100001
111000010111101011000001011110111100000011000000011010011100010111010100000001100111111011000011000001110111110001111101100101111111111111
100011010100001111110101111011111111111000010111000000110001110110010101010100101110100011010110010100110000010100000000101100101010110111
110111010110111110111111000001010100011101010011101101100101000011010101010101101100001001111110111101100111011110101011100101101010110001
100100011111111000011011110100000001000001111110001101101101101001010111011101111111111011101010101000101111000110101000110000000000010111
101110110010000011000000111111010111101101001111101001000101111011111100010000111000010011000000001101101000010110111011110111010101000001
100111111011111111111110001011110110001111100000001101101100110001100001010101101111000111101010100100111111010110011001100001011111010111
111100010000001100111111100000000110111010001011100101001001100101111101110101100000010101001010101110110000010010110011110101000001010001
110111011111100110100001110111101111110011011111001101101101001111010001000100111110110100011010111100111101011011111000110101111111110101
100000000101101100001101000111111111011000001100011001101111100011000101011111110100011111011010000101100001010000110010011100010001111111
101011010000000001101000010100100110000011011111001101101000001011110111011010000001011011011010101101110111110101110110110001000100000111
101001111101010101001101010110110100111010010100011111101111011010000001110000101011011000001111100100110100000100010110011011010101110101
101111101111111111111111010100000001100010110001011000001100011011010111111011101001110010100000101111100110110101111100110010011111110001
101001000010101110110000011111110111101110011101111110111111011011011101000011001011000110101111100000110110100100000110011111000000010111
111100011010000100000101010000000111001100110001101110110110001111111000011010011011011100100000101011100010111110111110110000010101110001
110111010000110111101111111111011100011110110101000000100011101100000011001111001011010001101010111000110110100000001011111110111111110101
100000011101100011100011000101011001000110110101101010101000000110101010011000011010011101111010111011100010110110100000110000000000011101
111101111001101000001001110000011101101100011101101010111101010011111010110010111111110000011111100000110111111100101101111010111101111111
110111110011001101101111111011001101000111010001101110000111011111011010011010011000000101000011101011100011100001100111110010111000000011
100010000111101101001100000001101101101100011011001100111100011010000010111111001011101101011000111011101000111011001110100110001101111001
111011111110111111100111111011000111111110111011011111110001010000101010000110011110001001110010001000111011110001101100001100111000001101
100000000000011011001101000001010011000000110001110100000101011101111011111111000011111100110110101101111011000111001001011110001110111001
110101010101000001111101111011110111111010111011000110110101010000110000000011111110110101110110100111100011010110011101000110101000001101
111111111111010100110000000000110111110011100010010000100111111010100110101110111010010000010010110000101001110010110111011100111101111001
100010101011111110111010110101100011010110001111011010110001101110110011101100000011000101110111100110111100011011100011000101100000001101
111010000010110000000011110100101010000110101000001010011011000000011000101111101000010100111111111100011001111110001000010100111011011101
100000101000011111010110000110101111010010111110101010111110010101011011100011001101010110101010001101011100110000111110110110001010010101
101010111011010100011110101100111101110110110000101111100000110101011000110111111111010110000010111111110001111011110000010110111111000101
101011100011000001011000101101100000000011111111111000001010011101011010110110100000010011101000010110111011111110000111010110000001101102
101011001111101101001101101000110110110110000100000010101110110001001010011110111111011111001011000110001000110111010011010110111101100101
101011111000000111011000101101111111111111110001101010101000011101011011001100010000001110011011110000111110110011010111110110000111101111
111110100011011110011110111000011011011011100101001010111111001101010001111111011111011000111000011010110100011000010011000010101100000001
100000001111111011000110011010110000010000001111101011110110011001010101000000001000001110001101010010000111110010111111110111100111010111
111110111000000000010011001011100101000110100011001010000000110011011111111111100011011000111101111010101100000110101100000001110011010001
100000100011011010110110011011111111101100110110011111110101111010001100011000001010001010000101000011101101010110000111110111011011110101
111101101110011010100111001110111010001101110111110110100100101111011111000010101011011010101101111000111111111110111110000000001000110111
100001000011010010110100011000000000100111000011000000001110000110000111010110101110001110101101100010011110100000000011011011101110010001
111101011001110111100110111111111111111110011001111110111011010110101101011100101000101111101001101011001100001011011011011000100011011011
100001010011000101110110110000001111011100111011000000110000011100101000011001111110100001111011001111101111011011011110011101111111110001
110101110111111100000110011010100000000001101111111010011011000110111101011101010000101100011001101100000001011011000011001101000000011011
100101000110000001110110111111111111011011001100000010110010011111110001001101011111101111001101100110101011001011011111011000010101001001
110101101111111101100110110101100000011001100001111110111011011001011101011111000000000011111111101100101001101111011101110010110101111011
100101111010100000110010100000001010110011001011000000001010001100001001011000010101110110111011000111101011000110000000110110010100011011
111101000010101101100111111111011110011011101010011101111111011001100011001101011101100000000001010100001001101100101101100011011101110001
111001011000111000110011000000010000111110001111011000001101001101111001101001010001110101011111011101101111001001100101001010011111111101
101111111110110010100111111110111010000011011100001110101101011111000011111111011101000101000001001100111000011011101101011111010110001111
101010100000000110110110000000011110110111110111101000101000001100011001100010010001110111101111100111111010110010111111000101000000111011
100000001101010110011111111101010000011100100000001010111111011111011011001000110101100000100000101100001010111000000011011100010110000001
111101101001010111011110000001110101111110001010101010001110001100010011101011110111001101101101111111100010011101101001001101110110101011
100000111101111101110100101011000111000000101010101011011000111111011010001110000100011000100100011011110111110000111011100100110110111001
111011100000001100000001101111010111011011101010111001111101100001110011111111010111001101101101001010000011000110001001101111111100111011
100001110101101111011101111100010100011011001011110011000000001111111110000000010100011000101101100010101110010110111101000000011110001001
101011000101101000010000110111011110111111101001100111110101011101000000110101011111001101111001101011101000110100010111101011110000111011
101011010100111110110101100000001010001101111011101101100101011000011101100101010000011100001100101000111110111111000010101001111010011001
101001110101111000100100110101011000111000000000111101110101001110110000111111111101000101111111111101110000011000010110111100011011011011
101011000101000011110101100111001110111111110101100000000111101100011010011110110101011100000011010111000111001010110110001101110011001011
111111110111101010000100110111111110101011010100111010101111000110110011110100000101011001110110010110010001011010110000101101100111101001
100000000110001111101110110100000000100000000110100010111101101100011011010110110001001100010011000010111011011011110110100111110001101101
111010101111011000000111111111110111101101010011101010100000001110111110010000110101100110111011011010101011011001100011111100000111000111
111111100101111101101100001011110111101111110111101010111111011000110111000110011101101111110011010000001001011011001001011101010111010001
100000001100100001100111100000000100000011000100001011100000001111110100010110110001100000011001111101111101110001101100000111010001010101
111101100110110101001100001010110111101001111110101111001011011011100001010100110111111011011011000000000101100101101001010001010101110101
100001111100000111111111111010100100001011000000101100011110011010001011111110110010100011111111101101010101001101101101110101111100010111
110100011001110011000000000010110110111110010110100111010011110000101011000010011000101000101100001001110101100101101000010100011110110001
110110111111111111111101101010110100000011010011101100000110000110101011111000110010111010001111011100011100110111001101010101110111111011
100100110000001101011001101011100110110111011011001001101100101100101010000010011011111110100110010001001101100001101101010100000001011111
101110100101100000000011001000110100100001001111101111000111111001111111110110110001100000101110110101111111110111000101110110110111010101
100110111101111111011001101101100110101011111001111111111101010011000000000110011011111101111100011100000111000110010101100110110000000001
110100110001010000011011001100110110111001101101000001100000011011101101010011011001100000000110110001101101110111010111001100110111110101
100101100111000101010001101001100010100011000000011101111111010001111001011001111011111101110100011101100000110011010001100110110000010101
110100110100010111111011001111111011101010011111010000000000000100110011011011000001100000011110110001101010011001011011110110010101111101
100111111111010110000011100110000001101111010011111101110110101110110110010001111011111011011010011011101010110011011001100100111100000101
110011000000010010111010001111101011101000011001101111100111101100010010111100110001010001010000110000101010011110001111110101100001111101
110111111010111011100010100000111000111101111101000110001100001110110110110001100111010111011010010101101011001110100000110111111011111101
100110111110110000110111110110111010010111101001011100101110100110010011100100110110000011011011010100101111100010110110100001100000000101
101110000000011101100101100011100011010000001101011001100110110010111001111101100110110110001001010101100010110110100110101011111010101101
101100101110111001001100001011001011111101100000000011110010100111100011000000110011110010101111111101111000110010110011101000001110111111
101101101000001101100110101001101010110111001010110110010110110000111001110110011011000110100110100000011111110111111001101101011111110001
100111111010111000110111101111111110000100011110110011000010110111100011000110110001101110110000111011000001010000101101000101000000000101
101110111010001111111100001100111111110101010000010110010110110011001001110110111101101100110110100011010100011011100001010101011011010111
101000000010111110100111011110001011100101111111011111010110011011101011000110100001001101100110111001010110110000110101110101001111110001
111110111011100000001100011011101010110111000000000001010100110001101010010100110101101100110111100011010110011010011101110101011101111111
110100111111111010101110110000000000000011111111011111110101111100111010110101111101001101100001111011111111011011011001000101000000000001
100001100000000011100000111010101110111000000000000000110100110001100010010100110001101101111011001000000001011011011011101111010110110111
110100110101010111001010101111101000110010111101011101110101111100110111011101100101100100011001100011111111111110011010000011010110111111
111111111101111101111111101111111111111111100001000101100111110001111100011001101101001101111111101000000000010110111010101011011110001001
100010111111100001110101001010100011101101111101010100110001100111100001011111000101100100010110001010111101010000001111111001001100100011
111000010010111101000101101010110110000000000001011101110100110000101011110000010111110110110000101110000111110101011000000011100110101001
101111011010100001110100000000010000110101010101011111010101100101101010111101010000110010011010101100111110111101001101111011001111101011
100000000000101101010111111111000101111111110111000000010101001100111010000001010101100110111110101101111000000101011101100001100000111001
111101011010001101000000000000010101000000000111011010110101100110001111011011010111001100011000111000000011111101000111101011001011100011
100001001111101000010111101010110111111111010001001010011100110011011000001110010011111001111110110011011000000111101100001111101111111001
111011101111111111010100101011100100000000011011011111010001100110011110111111010110000011101000011111111011111110001101100110000000001011
100001111010110110010110001000101111011110110011010101111011111111110000111000010010101011001111011100001000001011111111101111010111111111
110101000000000000110100101101101000010000110110000000110000000011000110100011011010101001100000000001011010100000000110000011010000000001
111111111111111111111111111111111111111111111111111111111111111111111111111111111111111111111111111111111111111111111111111111111111111111
