11111111111111111111111111111111111111111111111111131111111111111111111111111111111111111111111111111111111111111111111111111111111111111111
10011001000110101010000110000000000000010010000010100010011000001101001011001101100001011000110110001011000100001101001101010001010100000011
11001101110000101011110000110101011111011011111010111011001111101001100011100000111101011110110100100001110111101100011000011011010101101001
11011001011010000001011110110111111000000000000000101010011000001101111010111101110101010000000001111101010101000101111111000011000000111011
10010011001111010100000000010100000011010110110110000011011111101001000000110101100001010101101011110101010101101100001100011001101111111111
11010110011111110110101110111111101110011100110011111000001100001101101010000001111101011111101110100000010101001101111111111011001010001101
10000011010010100111111000001011111100111001100111011111011111100001111110111100110000001010101000111011010001100000011000101001100000111001
11011000000110001101011101111000010101110011001100000000000110111100110111100110011111100000101110011111011011001101001010000011101110101101
11011111011111111100001001001111000001000110011111011111110110110101100011110110111111001011111010110101011000011111101111110111000111101101
10010000001011110111101111100001111111110110110000010000010000000000001000000000000001111000110000000001001111000010111101100101101101100101
10111111011010010110101011111100101010100100111010111111011101010101101011101010101101100010011010101101101101011110011000110001100000110101
10100000000011010000001001100110000010110110101111101100001001111111111111001111101000111110110011111101000000000011011101100101101111100101
11110111101001011111101011001111101000000111101101000110100011000000010101101000001010110000011111000000011011011110001100111100000001101101
11011110001100000000000001100101101101110100001101110000110111110101010000101101111110000111001101111111111111011011011001101001111111101101
10001100100111111010111011110000000111000110100000000111110100000111000110111111000110101100011001000000110101011011011011101100000011000001
10100001111110000011100000000101111111111111111111010100011101101111111110110111110111111001001101111110010101011000011011000001111111111101
10111011000000101000111111111101000101101011011000011111011101001000001100000000100101111111101101001111000000001111001001111100101001010101
10100001111110101111100000011101110000000000001111110011010111111111101111111110110000101011000101101011111010100110011011101001100011010001
10101011000000101100001011000111011111110111101001111000000001110101001011110110000110000000010000001010111111110011011001001100001110010111
11111011101101100111111111110111011101000110001101011111111011010001100000000000101111111111111101100000000101011011001101011001111010110001
10000001111111111111000101000000010001101111100000001100000000011101001010101010111010101000000000111111010100000001011101011011100010110101
11111011000010010101110001111111011100001011111111101101010111010000011010101110100000000010111111111111110111111100010101011010101010110111
11011111111011000000111101010110011110111010111101000111111100000101001110111110111101110110100000000001100000000001000101011000001110000011
10000110100001111110100000000111010011111000100000010010101111010101011111100000100001100011111010110100001011101111110101000010100100101001
11110000111101011010111111010011011001101110001101011000000000010111111011111111111100110110000011111111101011111111010100010110110001111011
10111110111000000000000001111000001101000111111001011101011010111100101010110101101101100011010111011110001010000000000001111111111011111111
10000010101111111111111100101111101101110011011111110001001111111110000000000000100001111111111101010100111010101111110100001011011111100001
11101000000001011011101110000000000000000110001010000101011101010111101110111110101011011010101000000001100010111000000110100001010001001111
10001101010100000000000010101010111101010011100011111111110001010100001000100000001111010000000011010100111011111011011100110100000100011111
11111111111111111011101000101111111111111010101001101010111100010001011010101011011000000101011010011111100011100011111110011101011110111001
10111110101000000011001111111100000010100000001100000000011111000101001111111110011101101111111110111000001010001010000000111101001010001011
10101100101111110110011111010001101000111111101110111110110100010101011101010111010001000111001100100011101111101111011010000101100011011001
10001110101000000111111000000101111110011101101011101100010111111101011000010000010101011101100110110111101000000011010010111111111011001011
11101010101111111101110010111111000111000101111000001111000111101001110011011011110101110101101111111100111111110110011010100011011111100001
10000000001101011100000111111011110101110101011111100000010000000011111011000001100111100000101101011110000001100011111110001111010100110101
11111011100000000001011110000000100000000101010101111101010110101011000001101011110100001010000000000000110100001010000100100000000001111111
11111111111111111011111011011110111111110101010101000101011111111111110111111111000111111111011101111101111110101011010001101101010111111111
10000110101100001110000001111000000000000000000000010001111100010101111111010101111110110101000111101111000000101110010101101101110000110101
11110100100111100011111101000011111111111010101101111011000111010101011100000001011000000000011110001011111010100111111111101100011010000001
10110110101101101110101101111111110100000011101101000001110000000001000111011100001110101101010000100010110010110010101100001101111011010111
10110000000100000110000000000100000001110110000111101011010111011101110000011001100000101001010110111010100110100110000001011111100011010011
10011011110111101111101111110111110101100011010110001110000111110100000110111100111010111011111111100000001100110110110101000000101011011001
11011010000110100110111110000000100111001010010111111000101100000001101100000110110010111110001011110111100110100110011101010101111111001101
10011111110010101100110000101010111111101111011101000011111101101101101001111110011010101111100000000100001111110110110001011111010110011111
11001100011010000110111010101010001101100110010001111110000001001100101100010100111010100001101011010110100011000110011101000001000111000001
11100111011011110110101110111110100000001111110100000000111011101001101001010001100010110100111111110011110111110010111101101100010011010111
10110101011000000000100011111111111111011011111101010111111110111101111101010101101011100110010101111111100100000110100001101101011011010001
10100000000011111110101110001011011010011000000001111110000000011000011001010101111111101111010101010000001101101100101101101101011011010111
10001011010111111110101011101010000000111111010100101011101111000011001101111111000110111100000000000101011001000110111101101101001011011111
11101010011110000000001011000011010101111100010110100011101100010111100101100000010000010111011010101101001101110110110101000101011011000001
11001011010000110110100001111010010111011001011111110110111110110000110111111111111111000001111110111111011111100010100001101101001010010101
10011111110110110100111100000000110110010011111101100000000100110111110001010110110001111100000100001100011000001111110101101101011110110101
11110101111100011110111111111101111111000110100000001101110001100001010111000000000100000001110001011001010011100011000101001101000110110101
11000101011101011000100000000001011011101110001011101001000100110100010001110111110101011011000101111101111111111111101101100111110110110101
10010000000001011010111111101100000010111000101111101101110110110110111111111100010101001011010111000001101100000000100100110010111100010101
10111101101011111111100000001101111110000010111000001111100100010111100011001001000101111110010111111011000001011010001101111000001101110101
10100001101111110101111111011000000011111110011111011010110110111101111001101111101111111000111100000001111011010011011111101101111100110111
10110100111101010100010000001110111111000000110111010000000110110000000011000011000011000010110001111011000010010110010110000000000101110001
10011111110100000111011011011000011101110101100000011111111110011011111000011000011110010111111111000001110111010011000010110110111101100101
11111100100001110100000011001101110000011101001101111111000000110011111111001010110000111100000111101011000110011011010110100100000111001111
11010110001111110001010111101111111111011001101001100000010110111010000000011111100101100001110000001111110100110011110110111101011111100001
10000100111111000101010011001000010111000011111111111110110010011010101101111001110111110111000110111100000101110110000011111101000001110101
11110001100000010101010111101111000001101011000000010110110110110010100111001100111110011111110010100001110101010111011001100101011101000111
10000111110101010101110010101000010100001011111111010000100110011011111111101110100011011101000110111111111100011101111011110001110111010001
11010100111111110101000110111111011110101110011101011110110011001010000000000000001000010000010111101000000001001100000011111100000011010101
10011110011010100101010110110100000011111111010000000000011001011111010110101110101011000111111101000010110101011111111001100001011011010101
11011011001010110101111110000001011111011010000101011010111011010100010111101100101011110100001000011010100101011000000011101011001110011101
10000001100000000111101011101101011010001000101101010010100001110001010100001001101110000111100010111010110101111101011000111011100111110001
11010111111010101100000001101001010000100010111101111010101011100101010101011101101111010100001110110011110101100101010011100000101101111101
10011101100010101111011100001101011111110111111000101010101000110111010101010000101000010101101000011000010111110101011000111010100000011001
11110000001011101000011101101001110000000101100011100011111011100011010101010110101010110101001010110011010100000001110010100011101010111101
11100111101010001101000111101100111111010100001000110110000001101011010111111110111110110101101010011011010101101101100111110110001111100001
10001100001010101111010000111001101000010101011101100011011011111011011110101000010111100101001010110011010101001001101100000011100101111011
10111110101011101000010101111011000010110111010000110110010001100011011000001011010000001111011011111011010111101101101101011000110000001001
10100000101111111010110111100011010110111111111010011111111100110111010010100010011010100110011111011011010110001001100101011011111010101011
11111111101100000011100110001011010110100000000011010000000001100110011111111111111011111111001100000001010100101101001101011001100010101001
10001000000111110111001111011011010110101101011001011101110100110111110111101110110010000000011001010111111110101001100101111101101111101111
11100011011111110001100110011011110011101101110011010001000110011101100010000000000111111101011111110000001100111100110100001101101110000001
10001010011000000101001111001010000110001000011010010101010110110000001000110101011111111111001100000101011001100001110101100111100010101011
11011011011010110111111010011011110111101011110011010101110111111011011111100111111010000000011101011101001100110101000101101111001011101011
11110010011111111110100000111111110011111111111110011111111101011111110111111100000000101111011001011001111101100101010101101100011001101001
10100110110000010000001011100100000110100000010111000110000000001101000000011111101111111000011011001101111000111111110101100110111111001011
10111111111101000101101011110111111100001011000000010011010111011001101011000101111111011011001011011000001101110000000101101100000111011001
10000000000001110111101110110110000001101110011010111001111110000011001111110000000000000011011110010010101001100110110101101110101100001101
11111101111011000100000110110100101011001100110010001101000000101000011100000110111110101011010111111011101101001111100111001010111001100101
11100001000011010101011100000001111011100110100111101111101011111101110001010100100000111110000011101001100101101011110001101000001101101101
10001011101001111111110110101011000000110011110000100010111111010001100101111111111110011000110110000011110111101000000101101010111001100101
11111110111011101010000000101011101011100110000110110110010110000100101101001011011110111101110111111000010100001101010111001010111100110101
10000000100011000011111010101010001111110011110110011111000000101101111111100000000000011001000000111101010110101101010111101010000110010101
11101010001001111010100010101010101100000110010010110001011010101101010111001010101111001101110110101101010010100111110001101011011110110101
11001111011101000000001010101111111110110111000111100100001111111111000001111010101000011100010110100001111010110100000111001001000011110101
10011000001111101110101011111101000000100011010000111110111111110100010100000011101110110001010110110100011011100110110011101011011000011111
10111101011000111000101011000000011111111110010101111111101010100001110110101010001000011011010011100110110000110100011001111001111101111011
10101001110010000010101001110111010000011111010111000101000000001111110100111110101101010011110111110110011011111111111100011011000000000001
11101101000110110110111011000100010101000000010111110101111101011000000110110111111111010110000000011100111001100001110101011001101010110111
10001111101110111100110001101110111101010110110100000000000001001111101100110001011000010110101011011110001011110100000001001011001010010001
11101010101011101110111011001000011001010100011111111011010101011000001110011100001110111111101111110000101111011110111011101011011011011011
10000000001000000000101011111101011101010101110011111011011101011110101011001111011000001101111101111010101100000000011000101011111110011001
10101011011111111110100010110001001111010111011000000011010001010000101011111000000010100000111000000010100111111101110011101000100011001101
11111011001100000000101010000101011000010100000011101011010101110101111010101111101010110101100010111011110110100000011000111110001001100101
10000011111111111110111010101101001111011111010110001011010101100111010000000000001110110100110111111011000110001010110010000011011011001101
10110110110100011111111010101101011000001100011111011011010100111100000110101010100110010101111101000001101111101010011010111001011001100101
10010100000001000001000010100111111101011111001101011011010111101110101111101010110110111101100000010111001100001111001010110011001101001111
11111111111111010100011011110001110111110100011000011001110111000011100011001010011100011101001010110001011101100011011111111001011111011011
11101000000010010111011000110111010100000001001011001111111101111000001111101110110001110001101010100101011001110110000011011011110110000001
10000011111011011100001101111101010001010101101011101101001000000011101110101100111100011111101111101101001100110011011010010001110110110111
11101110000000000110101001000000000101111111001001111101101010101111101000000110100110110000000011000111111001111001110011011100000110110111
10000011111010101100111101011110110101000000011101000000000010101100111111011110001100011101101110010011000011100011000110000001010110110001
10101010000010101101111001110000100111101101001111011111011010101110011010001100100110110001100011011001111000110111010011010101111100010101
10101010101010101001000011111110110110001101100011111000011011111011010000100101101100011101001110001011000011100001111010010100011111111111
10101011111011111101101010010000100011101000111010110011010010000000000110101111000111001111011011111111111000110111101111010101000000011011
10101110011011100100111011000110110110001101100010111010011011011011010011100011111100011000000000001100000011111111001101010111101101000001
10111111000000110001111111110111110110100111111010000011011111011110010110001110000110111010110101101101011010101101100000010001100101010101
10100010011011110101000110000100000011101100010011101010010000010111010011011111010000100010100101001001111000000000110101010101001101010101
11101000111111100101110111101111111001100111000111101111111101110000011011010000011010101010101111111011100010110110011111010111011001010101
11101101100000001111100000000110000011110011011100001100000001111010110011010111010010111010100111000010110110010010110000010001001011010101
10001111101010101100001010111111010110000111111111100110111011000010010111111110010111100010110001101010000111010110111101010111011110010111
11101010001010100110111010100000010110110110110000001100100001111011010101111011111101111011111011111011110001011110100001010001000011010011
10001000101011110110100010101111010110111100000101011101111011000010011101010000000000000000011000111111000111011010111101110111101110011001
11111110101010000110101011111100010110100001010111010111101001101011011000000111010111101011111101100001110001000011110000110110111011011011
10010100101011101100101010000001010110111101011111110110100011001011011111010110010100001000001100110101100101101111100110110000010001111001
11000001111111000110111111101011010110110001110000000000001001101001110111111111010111011101111111111100001101001100110110011101110111101111
11111011010110011110001100001111010100111011000110101011011011001011110001000000011100011000010110101001101111011110000110110000000000000001
10000011000000110000100110101100011111100001110110101010001011111111000100010110110001001101110000000011000011000011010110011101101110110101
11111001101011111010110100111111110000001100110111111111011010100000010101010110111011111000011010111011101001110111010010110000100011111101
10000011111011000010111110111000000110101101100011000000011010111111010101010100101001100010111010100010001100110110011010110101110111011111
11110111000011011011101011100011010100101001111011111110111110010000011101010101100011001011110011101010101001110011001010110101010000000001
11110110011011011001100001001110010110101100111110110111100111011111110001011100110110011011010110001011111011000111101110100100010110111111
10000011111111110011110100011000110011111101100100000001110101011111111111011001100111011000011111101000011001101111100010101101011100000001
11101010000000000111011101011111100110000000110001101100000000000000000000011101101101001101000011001010110011111011001010100111000110101111
11101111101101110101010001010000001111111110010101111111101011011110111010110001111100011001101001111010011010000000011111101100011110101111
10001100001111000100000111111101011011000000111111000000001011010000011010011011000001001100101011000011010011101101000011101101011010100001
11011101101000010111010000110001111010011110011011111111101010011010111010110001011011011001101111110111111110001101010110000111000011111011
10010001001011011100011101111101100000111000110000000000001110111010110010110111110010011011000110000011000000100111010110101100011000011001
10111011101010000110110001000001110101100010111011101011101100100010111010111100100111010011010111010111011010101110010011101101011101111111
10110010001011010100100101110101000111001010011010001110000110110111100010000110001101110110010001010001010010100010111011001001000111101111
10111011011010010111110101100111110100011011110011101111010100100011001011010011101100000011110101111011110110101010011001101011101100000001
10011111010011011110000101101110000101011010000111101000010101101010011011010111111111010111000100101001100110101110110011101111000110110101
10110000011010001100110100101000101101010011010110001101010101101011001011010100000000010001010101100011110010100010011000101100010000010101
11111111111111111111111111111111111111111111111111111111111111111111111111112111111111111111111111111111111111111111111111111111111111111111
