11111111111111111111111111111111111111111111111111111111111111111111111111111111111111111111131111111111111111111111111111111111111111111111111
10001100101010011000000011001000000000000000000001101010110000001101011011010010101010000001101010101100000000100000000110001011000000000000101
11100110100000111110101001101010101111111111011100001010100101100000000001011010001000111111001010100110111111101111111111101000010111111111101
10110010111110000011111100001111111111011111111110100000001101001111111100001011100010000101101010101100000011000000001101001011111101000000001
10100110110011111011010111101101011000000000110111111111101111101000001111101010101111111101000000000101111010011111111001100000101000011101111
10110000011010000010000000000000000010101010000101011101111010111011100000000000000101101101011010111101111111000000001100101111100010110111111
10011011001010111011011111111111011111111111010000000001000000000000110111110101010000101101011111111000000100011101100110000110001111110110001
11011111101011110011111010010111111100000001111101111101110101101101111100000111011011100000000101101011111101111111111100110000101110010011011
10001000001011011010110011000101100111110101000001000001011111111111101101110110011000001010110000101010110101000000010110011111111011010111001
11101111100000000010111011110100110100111101110111111100001010000010100001100111110010101110011101100000000000011111110110111100011000000000011
10000000101011111000001010110101100110101000000110100001100000111000001011110100000110100111110000001010110101000000110110100001000011101111001
11011010001011111111011010100101110110000011111100001011001101100011101011000101010010110000111101111110010101110101110000001111011000111111111
10010011011010000000001010110101010111111111011110101111101100110110001001110101011010010111100000000011110100111111100111111111001011111000111
11111010011111111111101000000101010101111100000000101100000101111111101011000101110010111110111101111000010110001010101111011001011111000011101
11101111010000000011100011110001010101000001111110111001011111101010001010010100011010000000011001111101111111100000000000001011110001101000001
10101101010110101000001011000100000101110111100000110011001100000011101011010110110010110111001100000100000011001011010101100000010111001110111
10000000011111111111011001101110110000000100001101111001111111111011001001110110011010110001100110111111011001111110011100110111110101100010101
11011101010000011000001101111010111011111111111101011111110110000010011011000011011010111011001100111011111100000011111110111100010101101111101
11010001011101000011011000111000101110000000010001000000010111111010111011111001111110011001011110000000001110110111100010000101110000100101001
10011101111111111111111101101111101111111011000101010111000000111000110010000011100011011011010111011010100110011100001111010000000111101101101
10110001110010111110110111100000000010110001101101111111010110000010011011101000001011001110000011001111111110111101111001111011111100000000001
11111111011000000000000110001111111010100111101101101001011100110110110011001011011110011111010111100000000010010100100011101011011001010101101
11010111001101101011110000101000000000111101000101101100010001100110011111111001010111000011010011001011101011110101101111001000000011111100101
10000001011111111111000110111101011110111000010111000001110101001100110000000011000001101001111001101011111111000000000000011011011000001101101
11111100000110110100011111110111110000000011010111111111110101101101111111110110011111101100001101111000110110010111011111111111111010111100101
10000001101100010101011000000110111110101011011100000000000101001001010000000011000111001101111111000010000000110001000000100101101110010101111
11101111000001000001111101101100001000111011001101010101010101101101000111010110010001101100110111101011011010110111101011101100000111000100011
10001111011111010100101111000001100010110010011111111101010111001111111100011100110111000110000101101011011011100111001111000001010001110111001
11111000011100010110101011101101111010111111000111000001010011011000000001001101100011101100110000101011011000110001100000011011011100011111111
10000010110001111111100001111111011010011111101101110101111001111111101011100101101001111001100101101110001011111011001011011111111111111101111
10111110100101111011110101010000000010110010111100000100110011000000001010001100101100011011101111100011011000011011011110010101110110000000001
11111111111111010000111101010111101010011000110001101101100111111111101011011101100101111110000010110110010010111011000011000000010100101101111
10000001011000010110001000000100001010110010000101001000110101000000001011011001101100000011011000110011010110001011010110011011000001101100101
11110100001111011111101111101110111010011010101111011101111100011010101011110011001101010110011011100111111100101011011111011011111011000110001
10000110100010001001101001111100100011110010100011011001100001011111101000011001111101110100111000110000000101111110010000011001101001101110101
11111111111011101101001101010001111011011011101001110011110101110111001101110011000000111110110010010111101100000011010101001100001011100010101
10000000011000000000011000000101100011000011001011000110000101000010011001110111111010000010100110110111100111011001011111011111011000111111101
11111111000011111111000010101111111001010111101001110110111111101000111101000001100010110111110010110000111100001101011000000001001110000101102
10000000011111000111101010101100000011111101101101100110110000001010110111010100101010010011000110011010011111011111110011101111111000110000101
10101011111101110101001111111111011000110000001100110100011101011110110110010101111010111110010111110011000111000001111110000010111110011111101
10101011110000000000011001100000011011111011111001111110110001111100000011010101100010000011010000011011110001110100011000101000000111000000111
10111110000101110101011100001011010001001011100011010000100101101001010111011100111110110110010101110000011100010101011110101010111100011110011
10100111010111110101110001011011011100011110111010010111111111000011011100011001100000010011011100111011011111111111010000101010000101001111001
11110001111100000111111111110001111001010100111111011101010011110111011101001100110110111110011001100001000011101011111101101010101101100001011
11111101101110101111000010110111101101110110101101011001011010100001000111101110011100000011001101101011101000000000011101111110100111101011111
10101001000011111000011010100110000000110000000000001101000000001011010001101000110001110111011001101010101101101111110100000010110011001000001
10101100011001011111010000001111101010111101101011100000010111011011010111111010011100011110001101111000111111000001100001011110010111011101101
10101111010011000000011011100110001010100001101110001010110100001010010000001111111001111010101101000011110111101011111011000111010001011001101
10000000011000011110110010001111011011110101001000101010011110101111010110111110001101100011111001101000000001111001100011010011010111001101101
10101011011101011100111110101101110000011111011010111010111000100110010010000011100000001000001101101010110100111011111011011011010011111000101
10101011010101010001100000101000000101111110001110110011101111101111010111011110111011111101101001001010110110001000110001010011011001111101101
10111111110001111101111010111101010101010100101100111011000000000110010101111000000000000101111011101011111110111110011011011011001100000101101
10111110111101100000110010010111110101000001111110100011111010101111010001101111101011010100011111111000000010000011011001011001011001010111001
10101000100001111010011010110000000111110100110000101110000010101000011011000000001001111111000001100011101110101111110011011011111101010011111
10100010001101000011011010100101010011000101111010100111101010111101001111011110111101100001010101101000100111100000011010011010110001011000001
11111011011101110110001011110101011011110111001110110011001010011001111110010000110000001101110101101011110000110101111110111000011011110010111
10011111110001000011011010000101011010000001100000011011101011011100111000111010011101101100010101111000011111100111110110101010111000011011111
11010101111101010110001111110101010011011011001010111010001011001111101110110010110001100110111101000011000010110000000010001010110010111011101
10000000000001010100100110000101111011110001101010110010101011011000000100011010110100111110000101111011011110110111011110101011100111101010001
11011010110101111111101111101101101010111100111010011011101110011011010001010010011110000010111101100001000000110001000011101000110001100000111
10011010100101101000000110000111000010000001100010110010000011011110011011111010110011011011111111001011101111111011011001111111111101101101111
11010011111101000011010011011110011010111011001010100111101110000110110010000010111011011111100110011010100000101010011101010101101000101000001
11110111000001101111011011011000111111100011111110110101000111101100011010110110101000010110110011111010001110001110110000000000001111111101101
10110110010101101000010010011101110000001000110000110100011100000111111010110100001101000000110110101111100010101110010101011110100000110000101
10000011110111111011011011010000011011101101111010100101000101011111110010110110111101101110000000000110001111101000110101000111111010011101111
10110110000011000010011011110101010010001100101111101101010111111000000110011100000111100011101010101100100000111110111101010001011110110000001
11111111010111111011111010000101010111101001101000000111010011000010110110110001011100001000111111101110110111110100000111011100001111111011011
10000000011100000010000011010101011101001100001110101100011011111010110110100111001111101010010001111000110001010101010001001110100001100001001
11011010110001101011010110011101110000011001011000111110110001100010111100101100011000001111000100111110110100000111010101111011111100110101011
10011010110101001010010010111101100110111101011101100010011011111010011101100111010010100110011110000110010110111111110100101000000110011101001
11010010110101011010110111100000110110110001001101111000110001100010110001101100011010101110111111011111010110000000110110000010101111111001111
10011011100111110010100101111101100110011101101000001110011011111011111100101101011010101000110101000001011111011010110110110110100001001100001
11001111110010111111101100000000110100110000111011011000110000110010000001100111011010101010000001010101000110001111100110110110101100011001101
10011000000110001101101101101010100101100110100001010010011101100111110101001100011110101010101111010101010011100001110110010011111001001101111
11011010101111101000001111101010110100111110110101110111010001101100000101100111000110101111100011111101010110001111010100111000001011101000001
11010011100001100010111010001110110101100000110100010100011011000101010101001100010110101000001000000111010110100000010110001111011000101011101
10011001111111001011110000100011111101111010100110111110111110011111010111101001010111111010101110111111110010111010110110100001011110111000101
11001101000000011010011101110110001100110010110110100000011000110000010110001101010001100010101100000000011010100010100111101011000111100010111
10011001101010110011001000011100100001111010110110110110111010100101010110100111010101110111100101101011111010110110111100001110010001101010001
10111111001011111001100011111110110100011011100110111100001110101101110110101100011100010110001111001111101111110010110001100110111111111010111
11110111101000001101111000110110100101010000110010101001011111111101100010100111000110111100100001100000000110000111111011110010100001010010011
10000001101101100111011101100100110101010101111111100011110011010001001010111100010110001111110111111011111111010011100000110110001111000111001
10111011101101111110001000110001100101010101000001111000000110000101011110110111011110100110000000111000000011010110001101100100100001110011011
11110001001101010100100010111011110101011111111100000010101100110101010100100000011000101111110110001011010111110111100101110110111111100110001
10000100011111000001110111100000011111111010100001011010101001100101110001101011001110100110000111111111110101111100001100010100000000110010111
10101110111011110101000101110110111010100000001111010010111101101111111111111001101111101100110000001111111101011101011110110111011110110110001
10111011110001100111110100000110000000110110111000011010100000101100000000000011000001100110110101111011011000000111110111111100000010110110101
11110000000100001100111110101110110101100100111110111011111010111001101011010111101101101111100100001000001010111111100000001110101010110010111
11100110101101011110001000101010110101001111100110001010000010001111111011011101100111101000001101100011111011111001001011011010111111111010111
10001110101101011011101110100010110101101011110000101111010111011010110011011000001110111110101101101000000001101100011111110000010101100010001
10101000101111010000000000110111111111111000011010100101110011010000000110001101100000011000101001101010101100000001010101000101000000110110101
10111010101011011011110101110001010011011111000010101100000110011010101111011111110111001101101011001010100111101011000001101101101011110010101
11110010101000011010000101000100011000000000010110101001110011011010101000010000000011011101101001101010101111111111101101101101101011100110101
10000111111110111111010111110101001111111111110100101101000111010010101101010111011011011001101111111011100000000000101100101100101000101100111
10101101011000110000010100000101011000111100000110101101110110011010101111111111010011001100100110010001101010101101100101100110111101100110001
11111100000010011111110101110101110010000001110010100111000011001010111000000000011001011001110011000101101010111000101101001100010100110011011
10000001010110111111000101100100110110111011111011111100011010011011111111101010111101111101100111010111001010001110100101101101110001111111111
10110101011100110000010111110110011111111110000000110001001111001011000100001010100100000111001100010001101111101111101101101100110100000110001
10011101010001111101011110000011011000000111010111111011011000011111110111011111110001011100011111011101000001101001100111001001100101010110111
11110001110101100001111000111001011101010000010011000001110011000110000000000110000101000110111000001101010100100011111111101100111101010010001
10000100111111111111101110001101110111111011111011011101111010011111111101010110110101010100101111011111010110101011000001100110001111011000111
11010101101000100110101110101101000010101000110010011000011011000011101111011111100101010110001100010011011100111000010111110110100001001010001
11110101001110110000000000111001111000000010011011001101001111010110000000000110001101010100101111010110000110011010110111010100110101011011011
10000111100100000101010101100011111111101011011011011001101100010100101010101111011111011110100011010111011110111110010001011110010101011011001
10101110110001101101011100110111000000001011010011011011111101010111101110100011011000000110101110000011011011110111110111000110110101011001101
11111010000100111001010001111110011010101001011001010001010001010110001110101010011111010100100010101011000000000000110000010100010101011011101
11011000101110100011011011111000111111101101111011010111000111010111011000111010110000011101101110111010011011011111111011110111111111001010001
10000010101000101001110000110011101001000100110011010110010111010100011110001010111101011001100010001011011010000000011011111111101001101111101
11101010111111111100011010011111101101101101111001010011010100010101010000101111100001110011001110111011110010110111011000011000000011000011001
10111111110111010101111010110000000000001101001011010110011111010111011010100101101101100111101100111010111010110011110011000011111111101111101
10011111100000000001100011111101110110101100011001011110111000010001110010101100000101001100100110001110100010110110111111111111111101000000101
11001010001111111011111011000001100011100101011011011000101101111011000110111111010101011110001111011110001010010000000000000000000001010110101
11101000101000000011011001111111101110001101001010011010100000110010010110000110010111110000111000000011011010111010111111101111110101010011101
10000011111111110110000011110110000010101101011111011010111110110110110100111111011111000110001110101011011011101110000000100000010101010110001
11111111011010100011110110000000110110111101111000011110100000010110011110000110011000010110111100101010010000000111010101110110111111111100101
11010100000000001010000011110101100110100000001101000110111010110011110000101111011010110100011001111111011010101101010100110010000000100110101
10000001101101101111110110000101110110111011011001010100111010011110011101111110001110110101001100001100001010100001010110110111011010001100111
10110100111001101100000111010100110010011011011101110110101111001111000000001100111110011101101001100101011110101101111100110101111111011110001
10011101100011101111010001110110110110110011001100011100101101011000011010111101111000111000111101110101001100101100101110010001110101110110111
11010000111000101000011011000100110010011001101101000110100000011101001110000101000010001010110000010101101101100110000011011101010101110100001
11111101100011101101001110010110111010111101001101010100110111010001011000101101101010101110111011110101001100110011011011001100010100000110101
10110001101000101001101000110100011010001101111101110110110001111011111110111111101011100111100000011111011111110110011111111001000001010110101
10000111001101111101101011111110111110111001000000010110111011000001101000001010001111001100001101111100000000010111000001100011011011011110101
10101100011101010001111111011000010110110011101010110110100001111111000010111000111101011110101100000111010111010101101100111001001110001100101
10100111000111011111010100011101000010110110001010010010111011111000011010111101100000010100101001111100010001111100001111111011100011011110101
10111111011100000111010111010001010111110100101011010111110011001101111010000101101101000110111100000101011100110001100011101000101011001010101
11100100000110110000000000000101010001100110101001110011100111100001000011011101111111011111110001101111000101111100101000001110101111100011101
11110001011111100111111111101101010100110100101011000110001111111011110110000111000000000000011101101011111100011001111101111111101110111000101
10011111010101111111010000001001010110110101111111110110100011011010110011010001111110111101110001100000011111001101100100000001100010111011101
11011100000101000000000110101101010011100100111001000110101110000010000110010101100000000100010101001101000001111111110001111011111000001011101
10000110101100011011101111101101011001101111101100010010101100101111010010111100110101011101011111011111010100001100000100001000011010111010111
10110000111111111111000110001101111011100110000001110110111111111110011010001110111111000111011000000011010110100111011110111111111111111000111
10111110000111101100010011011000001110110111110100110111100000000000111110111010100000010001011011010111010010101100011000001100001101101010001
10100000101100001001010110001110100000011100000101100000111101111101100100011011110110110111011011011101110110100110111111101101100000001111011
10101110101101100011010011011110101101001111010100110101110111000000110111000001011100110001110011000000011111101100001100000001110101100001001
11101100101101001001110111010000111001011010010101110111000010011011100000010111000001110100111001010111000001111110111110101100110100101011011
11001001101111101101110001111010001101111011010101100111111011010000110101010001110100010101101101110011110100110110011011101101111101101011111
10011101101000000111000101000010101000000001010100111101100000011011111101010111110110111101100100011000111110000011010000001100000101101000001
11001101111111011111101111111011101101011101110101100000001101110000011001010011000100000111110001111010001010101001110101111101111101101010111
11011001000000011000000110000000100111001101100101101101011111000101110011010110011110110000111100001010100011101111000111100000000111101110001
10001101111011011110110011011101110110011101110101101001111010010101100111010011010000011011101101101110110111111111010010111101010011000011011
11011001100011010000011011011000110011000100110101101101000000110101001100010110011010110011000000101000010000000001010110000001010110011010001
11111111111111111111111111111111111111111111111111111111111111111111111111111111111111111111111111111111111111111111111111111111111111111111111
