111111111111111111111111111111111111111111111111111111111111111111111111111111121111111111111111111111111111111111111111111111111111111111111111
101010011000010000001100010001011110101100011010011000101011010101000110101100100001010011000011011010110110010101001011010010100001101011011011
101011001111011111100111000100001100000110110010111011101001000001011100100110110111000110011111011000010111010100011011011010101111001011010001
100010011001010110101101111110101111101100011010101001101011011111010110101100110001110011010101000011110101010001110010011000000101100000000111
111011011100000010101100100011100111101110110010001011000000001011010110100110110111110110010101011110110101010111111000110011010001110111010001
110011001110101000000110111001001100001010111011011001110111111011000110001100010011000011000001000000110101010110011110010111011011000001011101
100111101011111111110110011101011111101010011000011011000101010001101100111111000110010111111011011111100101000011010110110001011000010101000111
110010101011100000110110110000011111000010111111000011110001000111000110011011011111010001110011010101110100011110010100000101001110111101010001
100110000000111110100010011111001101111000001110011001010111011101110010110001001011110111011001010100110111001010110110111111100011101111110101
110011111011101100001010110111101100111111100011111101010000000000111010110100011001100010001100000001100010011010110010000110111111100111111101
111001100001100001101000000000101101100000101111000101000111111111101000110111011011001110111110111111111010110000010110111100110110110101011111
101100111101110111111101111110101000111110100101110101011101001100101011111100011001101010101100001110110010011011000000000110100000000000000001
100101100000011110110100011000001010011000001101010000000001011110101010011001011100101010100001111000011000110011111110101110101111111110101111
110001101111011000000111111111101111011111100001010101111011010110100010111111010110001000111101101101010011111000000011111100101011100010100001
111101111000001111110110110101000110001101101111011100001010000100001110011010000110111011110001001101111010110011111111010110101010101111101101
100000111111011110000000000000011111101101000110011001111111101101111100110000110010101001011101011101100000000110000000000000000000000011101111
111101100100011011111101111111000101000000011111011101101100001000110110011111111000001011011001000101111101111110111101111111011010101110111001
111000110111001010011111110111110101110111010110000100100111100011100110110001001101111011001101011100110000001010000101010111111110100000011011
101110110011101011010110000000000000111100010010110101101101101111110000011101100001110011011000000110011101111010111111010000010011101111111011
101010011010000000000100110101011101101001000111110001101101100110111011110001111100011011001011111100110101010000000110000111110111000010110001
100000111011011111110111111111111000101111110011011011000000101100100001011101010001110001101000110110000000000111111110111110100001011110111011
111110101001111111010011001010101010001011010111011001101111100110110111011001011101110111001101100000101011110000011100000000001111111110011001
100100100011000000011000011000101111100000000101010011000011001100100110000011010000010011100000111110111011111111110001110111011110110011000011
110110110111111111001111001110000101111111010001010111101111011110101111101001011101110110111101101100111000000001100100010001000000011011011111
100010000101010100011101101100110100110111011100000101000110001100000001111011010000000010110100101110001111011111101111111011011011110001001101
111011110101010111001000000111100110000001110110111101110011100110101111010011010111111110010101101010111111010110101011011111111111010111011001
100001100001010011101011101101110011111101110110010101011001001111101110011011010101011100110100101010000001000000000000000001101101000011010011
111100001101011001101110000000000110100100000100110100001101011011000011000000000001010110100001101010111111011011111111011111000101011111010111
111001011000011011001111111111110000110111110110110001111101001011101111011010101111010110101111000000011110011000000001000101011101001010000001
101111111110110011101011000011111110100011100000110111010001011010000101110011111000010000000101110101000011011010111011010000000100011010111111
101110100110111010000011110110000000101110110110000110011100001010111100111001011101000101111100000101011111011110001001110101111101111000000001
100000101100000011111000010111101110000010010011110100110001011010000101100011000111011111110001011111010101110110111101111111010100110011111111
111110000001011010111111000001111000101011011111110101111011110000101100111000011110010110000111000011000001100010111111011011000101110111000001
101011011111111010101101111101010011111001011000000100110001100111111001100011110011010000110001011110011111001010001010000001011100000000011111
100000011111000000000000000000000110001100011111110101100111101100001101110110111011000111100111011011111100011110111010111111011001111101011111
101011110001111110111111110110111111011111010101000000110010101001011001010010011001011110110111110000110101110111111000110010001100000101000001
111111000100000000110000000011111000010110000001111011100110000011111101011000110011000000011100110111100100000011101110011010111001011111101111
111000010110111011100101011011001111010100101100000000110100111000110101011011100111011111111110000110101101111110100011011010000011000010111001
101111011111110011111111111111100000000001101001111011110101111111110000010000110101000000000110111110100000010000001110000000101111111000011011
101100011000011110001111000100111111110100111101000011010100000101011111000111100001011111110000111010001111110111111010111101100100011011110001
100111111111000000100101110110000000011111111101111011000001110000001100011111001011000110111110000010111100000000111000001111110001110001100101
110000111111110101110001010111111111011010101001110010011011111011111110110001101110011100000011111110110101111111101101011011011011111111110111
100110011001111111100100000000101000000000101111011011011000001001111000110100000110110001111000011010000000000001101101110001001000001101100001
111111001011000010111111111010001110111110101110000010011101011011001010011111101100100111001111110010111111111111001000110111011011111000110111
100011100011101000001111011011101100110000101011111010110111111111011111001010101110001101011001011010110100011101100010000000001111001101100001
111000001010001111100100011111101111111110000010001000000001100101001101100010100110111100001101010000000001110000001010110111111100011100001011
101111111000101110110111001110100111001111011011101110111111001100011001101110101100010101100101011011010100000101111110110000001001000001011001
101111010011111000000011100000101101101011110000000000111001100001111101101010101001110000110000000001110110101100000010011010100011101011111011
100000000111110010111001111010001100000000111111111110101011110111100000101010101011010111111111101100110011111001101111001010101110111000101001
111111101110100111101011011111101001101010010101100000000000110010111110000000000001000001101110111111110110011111111111111110100000011110001011
100000111010111101000000000100001111111111010100111011010111110110010100111011101100011111100000000000010011001011010010110110110110110011011001
111110110010110001111111110001101011010011010110101111011101100111010001111000111111011110001110101010111111011000000110000011100010000111111011
100000111010111101011111011111000011000110000100101101001100110010011101001111110011000000100111111110101110011011111100111111110111010000001001
110110101000010101000000010111111011110011110110000001011001111010110101011110010111110101110000111111101011011001010110101100010011111111111111
111110101111000000011101000000100000011011100000101100011011100010110000000011000001111111011111101001101001011011010100000101110110101100111001
101000001100011111111111110110001101000010110101111001000000111010011101111111011111011011001101101011101011010000000001101101111110001001101101
100010100001110111110110000100101111111010111111111101111011101000111000001101010110000000011000101000001000000101111111111000011000100011001001
110111111011100000000000101101111011110000011010101111100000001110001101111101010110111111111101101011111011101100001101011101110010101001100011
111111101110101111111110111111000001000111000000001010111111101110111000000101000010001010101100101011001010111111100000001101110110111100001001
101010000100000111000000001011111100011100010111100010101011101000101110111101011110111010101101100001100000011000101010111000000011110101011111
100011110111101100011010101000001101011111010100001000000000001101101100010100000010111010000101101111001101000010111010000010111001100101000001
111000000000001101011010101101100001010000010111111101110111100001000110110101101000001010110000000001101111101110001110101011111100101111110101
100011011010101111001010101000110101010101010111110111011110111100011100000000111011100000111111111100000000111111111110111111101111101010111111
111111110010111000011110111101111101010101010100000000000000001111010110111010001000110101101000001101011111100000100011111110100111000010101011
100000000111111101000111110111100001011101011111110101111111101000000000001111011011111100000011100111000000110111101111101010101101011110101001
101101111101100001101100000010111011111111111011000111110110100010101010100011011111000110111110110001101101100000000000101010100100010110001011
111111000000001101101110111000100011110100110001110110000000001010101110111011000000011110000000011111101001101101111111100000001101110000111001
110111110101101101111000110010001001010110111101000111111110101010101100111111101111110011101101000010111100000100000011001110100000000111101011
100000000111101101000010111010101111000000101000010100000000101111100110000001111111100110000101111110010101011101101000011111101101010000000001
101101111110001111011110101111101000011110000010111111110110100001101111011111000000001111011100001010110111111111111111000001101101010101011011
101100111000101011111000100001111111111100111111101010111100101111111000000000010101101011000110100000000000100111010011011100100111010111011001
111001100010101000000011111100000000000111111000000010000001100000011011010110111111000001111111101111101011101101000110000101110001010001111101
111111001010111010111111010001010111110001101111111011111100111010111111011100011011111100000001100000111110000000010010111111010101010111101111
101110011010001111100000000111111111010100001100110000000001100010110000000111000001011101011111101110010100101101110110000000010101110000000111
100000110010111111101111110100000000000101100110111011110111101010011101011100011100000101000000100011000001111000110010110111111100011011111101
111110011010111010001000000110111010101111110010000010000011001010111001001111000101111111010101101111101101111110011110110001101110110001010001
100000111111100000111101011111111011111010111000101111010111101111100011100110010111111011111111111101101000100011001011111011000010010100000101
110101110101110111110111111000000011010000000010101000010011000011001000110110110000000000000000000001101010001111100000001110011111010101110111
100111010001011111000110000010101010011110110111101111011001110111011010100100010101101011011110101101101110100000110111111111011101010100011111
111111011101011001101111111010101111011010110110001100011011100001011111111101111101101110000010111111000011101101110000011000000001111111000001
111000000000001101001101101110111001000000100110101001011011001011000011000000000101100111011111111001111000100111011111110010101111100011011011
100011101010100001011000001100111100010101110111111101110011011001111111110101111111110001011101100011011101110000001101011011101110001001001001
101110001111110100011111101110100001110101000011010100011011001100000001100100000001010111000101001110000100110111111000010000100000111111011011
111111111100000111010101100011111101000101101110000001010011011001010100110101101111000001011101011011011111111111011010110111111010000111111111
100000000001011100000000001111011111010111101000111011111011011011011101100101111011111011000000000000001100101000000011110000001111110000001101
111111011011110001010111100110000011111111001010111000110011011011001101101100010000011001110110110111011110000010101111010111111100110101111001
101001110010000101110100001111111000100000011110100011111011011011101101101001010111011011111100010001000000111111111101000011101001110100000011
101100111111111111110111100011000010001110110000101001100001110010000100111101000011011000000110110101101111111101111000010110000011011101111001
101110101100111011011100001001111111100110100111101101110101100110101110011001011111111101010110010101100000000000101101110010110111000111111111
100010100101100001011001011100000000001111110110001101000111110011100110111011000000011001110011010101101111111111100000011010111101101111001111
111010110000001100000011010111110111101100000011011101010001011011001111101001101111001100111110010101100000000010110111111000001000000101100001
100010111011101101011001110000000111001111010110000111110111000001100011000011100011111110000011010101101101011000000000001111100011111100101011
111000000011111111010011000111010101100011010010101110000001111011001001101010001000110000111001010101101001111101010101100000110111010101101111
111011110110011000011111110100010100001111110110101000110101000011101111111110101110011110001011010101111011101001110111001101100101010000000101
100001100011001111011000000101010110100110000111111010010101111001100011000000100011001111011011010101000000001100110001100100110000000111010001
101011101111100000010011101101110011101111010011000010111101100011001001101110110111100011110001110101011010101101100100110110100111101111111101
101010000110101011011010001101000110001011110111111010011001110111011011001000111101001000011100111101011011111001110110011111110000101000101111
101011010100001111010010100111110110100000111110000010110011000001111011011010000001101101000110000111110000011100010111000011100101100010100011
111111110101011000010110101111000111101010000010110110111001010100001111111110111111000101111111111111111010110001110001011000110101111111101001
110101110101011110110110101000010011001010101110110110100011011101100010100000111100010101101101010101011110110100110111110010100100000001101111
100000000101110000011111101011011010011010100010100111101011110000101110110110000110111100000101010000000011111110110001110111110101010111000001
111101010111000110110000001010010010110010110111110100001001100110100110000111011100001111010000010111111111101000110100011110011111010000011111
111111110111101100011110101011011010011110010011000110101011110111101111010011000111111011011011000010100000101101100101001011001011111101000001
100000000100100110110000101111110010110000111110010010101010000000101100010111101101110011001001101000001111101111110101100001101010101111110111
101101010110001100010111101100000110011010000110110110101011101011100101010100000000000111011011111010100110101000010111110101000000000000010001
100111010100100111010100001111011111010011011111100011111111001001101111010110110111010101001011010011110000000011010000011100011010101101111011
101100010110110100011110101001111011111010001101111001010000011011111011010110100001010001011000011001100110101111110110110001001010100100001001
101111010100100101000111111011000010100010111101000011000101011000011001111111110111111101011011110011001111100010111111110101011110101101111011
101000010111110101011101011001111000001010101000010110011101001101001100100011010111101111110000010111111001101000011101011101000011100101111111
111111011100010101110000001101101110101010001011010010111001100111011110001000000101000000010101010000110011001111000000001101011001101100000101
111011001101000100110110100000000000111111011011010111100011110110000011101101010000010111111111111010000111100001110101101101001101100101010001
100000011001101101100100110101010110011000001111010011001010111111101011111001011011111111101010101110101101001011111111000101011001111111110101
110101001011111101001111110111111110111101100001110111111000101100001110111111111000011000000000001100100001101000000111101101111100000000011111
111111011010000001011011000110110000011001101111000011000010100111101100000000000011000011110101011101101111111101110001101100011001011101000001
100000001111110101010000010100011011001101000011110111111010001100000110101101110111011110110101111001100000110000011011001101001101000101011011
110110100101000101011110110101000010011111101000011101000010101111101111101111000110010110111100001100110110011011110001101111011001011111011011
100100101101110101011000100101111011000011001101111100011011111010111011101011101111000000011110111101100110110000111101100011011101000011110001
111110101101011111110010110101000001101011101100000111001010000000111010111000000101011101010111110111111110011010000111111010001101010110110101
101011111000011010100110100111011111001010001101010100011011010110000000010011010100000101000000000110111011111110110010111010111111010000111111
100001011111011000001111110110010000011011100101010101001111110100110111000111110110101111011010111100000001010010100110101110100110011010000011
111100001011011111101100000110111011011011001111011101011000100111110011010000010011101011001010110001101111000111110000000110001111001110101001
111001100000010111101111010010011010001111100011011001001110001100010110011010111110000011011010000111000110010000111101111111011010011100111111
101111101101000000000001111011110010100000111011011101011111111001000110110010001011101111111111010001110000111111101100000001000011000110000001
101010111111011010101011101011011010101010001110001101110011000011110100011011101000000010101110010111011111101010000101111111101110010011011101
100000010000001111101110000011000010101010101100101000011000011010000101011010001101011110000011010000001010100000111100000000100011011011000111
110101000101011100000111110110011011101010111001101101111101011011101101011111101001000000101001110110111000001010001101011111111110001011011111
111101010101000111010011000111110011001011111111111100011001010011000111001100001101010111111011100110000010111011011001001111011111011010000001
100001010111101100011011101101000111111000101111000001110011111110010011011001111001010000001000110111011110001011001101100000000001001011101011
111101010011001111011110111100010011000010000001101101111110101000110111111111111101110110111101110100000010101011111101101101111111011000101111
100001011001101000000110000001010111101010110101111100011000101110110000001100000000010010001100010110111110101000011000100100000001001101100001
111011010011111111011100101011011110001110110111000001111110001110110111011111010101110111100101011100000010111101001010101110101011011001110111
101001011010000000001110111011010000100110100001101100101010100000100001110010010100110000110101111001010110000101101010101011111111111101000001
100011111110110101100110111001011101101100110111111001100000111011101100011000110101111011111100001101110011101100101010100000000000001111011011
101010110000110100110110100011010001000110110001100011110101100000111110111110110100101000000101011100011011111110111110110101010101111010011011
111000011110100111110110101001011011010100110101001001011101111010110000011000011101100010101101000101001000000010000110010101111100000010110001
100010110000101100000010111011011001110101100101111011001001010010011010110010111000110111101101010101011010110110110110110101101111111111111011
101110011101111111110111100001110011000100110111000001101011000110111110111110001101110000101111010101011011100110010010011100000111101101100001
101100110001000000000001101011000111110101111111101011100010010110011000000011101100011101100011010111001001111100111110110001010000000000110111
111001100111011111101011111001110101100100000001111010110110110011001010101001101101110000110110010001011100000110000011100111010101011011100011
110011111111111010101001100011000000110111010101010010000011100111101111101011000100011010110011110101001101101111010111110001010111001000101001
100110000000000000001011110111110111100110011101000110101111101110001000001011010101111110011001111101111000100001010000010101110011011101101011
101111111011110101011111010110000001110011111101101111111110000011101101011011010100000011111100000100001101110111010101110111111001000100101001
101100000010000101011000000011010100110110000001000011000000101010001101001001010101101011000001010101011000010001010100110000001011101101101011
111111111111111111111111111111111111111111113111111111111111111111111111111111111111111111111111111111111111111111111111111111111111111111111111
