1121111111111111111111111111111111111111111111111111111111111111111111111111111111111111111111111111111111111111111111111111111111111111111111111
1000000000110001011011000000000110001010110010011000000101100000111000000011000000110010100010110000001000101100010110010101010100000101000001101
1110101101111100001001111101010011100000011011011111110101001110010011111011011011111000001110000111111011101101110011000101000001110100011111101
1000101001010001100011010111111000111111000000000011000000011111000110000011110001011101100110110000011000000000011001011101101111111101111010101
1110111100011111111011010110111110101011110111111001101110110011111111111010100100001000110000111111000011010111000011000000000011001001110010001
1011110110110110110011010000011000000010111110000011101000011000111010101010001101100010010110001111010110010011101000010101010111011011011000101
1001100100000010111011011011001111111010101000111010001110111110000000000000101000110111111111101001111111010110111010111101110101000000000011101
1100110111111010001010001111101101110000000011111011111111110111111111011011101101100001101101111011101011110000001111101111100000011101010111111
1001100010101011101011101101101001011111111110000010111011010001001011110001101000110100000100011000000000011011111101000000110101000111011110111
1101111010101000000000001000001101011001101110111000000011011101100010000101111101100110101101000010110110110000110100011110010101010001111000001
1001000000000010111111101110111101001101100011111110111010000001111011101100110001101100100001101111110011111010100001000111111111111100000010111
1101111101010110100000000000010101011101001001001111101011111100000000000110011011100110101011000011010111101010001011011101110010011111111110101
1001000111111111111111111111000000001001111100011011000010110111111010101100111000101100101001101000010010001010101111000001011010110111000010001
1101110000101101000000000000011111101101110111000000011000000010000010101110100011111001101111111101111000111111111110011100010010010000011111111
3000011110000001101011011010111000000000000101111110111101011000111010100110111000111111000000011000011010001101011011110111110110110111111101001
1111011100110100001011111010100011011111110000000000100111110010100010110111100010000001101110111011011010111000011000100000000000100001110000011
1000000001100111011010000010110110011000000101010111110010111111110110011101001110101011101111100001011010000010110010001011110111101111010111111
1010101011111110001111101010100100111111010101011111011000101101000011010000011000111011000001110101111111011010000111111000110111100011010000001
1110111000110000111110001111110110100000011111110000011110001000010110010101001010011110010100111100001101011010110101111010010000001000000101011
1110110010011110100011111100000110101111111010100110110111100010111100110101011011000011011110000101100001111010010000001010111011101011010111011
1000100111010000101000000001101111111100000000001110000000001010001101100101010011011011001100101111001100001011011010101010011000111001010001001
1010110110011110111111010101001101010111110101011000111110111110111100110101011010011110011111101011011001011011001010111111110011111101010101101
1110010011010000100000011111011100000000000101001111100000110000000101111111111111000110110011000001011011111011011110000101111000001111110100101
1100110111111011111101110000011001111111101101101000001010011101101111010000110100011110000111101111111010001110001111010000001010100001111110101
1001111101101111101111111111001111000110001101111101101110110001100001011010000001000011011110100000110000100110100001011011011110110100000010111
1100110001000000000000000000011111101111100101000101001100011011110111010011111011011011000010110101111010101100101011001001000011100111010111111
1001111101111101111010111111010000000000001111110001101101011001010011000111000010001011010110111111011010111110101011011011111111110001010001101
1100011000000111110010100111111111110110101100100101001001011011000111010100010111011111110000000011011110010110111011011111110000110101011111101
1001110010110011000110110000101110000110100110110111111101011001110001111111111100010000011010101001010111000110001010001101011011111111111100001
1111111011111000010111110110000000110110110100000100010101010011000100110001101110110111111010101100000011111111101011100000000000000000100001011
1110011111101111010011010011101101100010100111010101000001111011110101100100000000000000001111100101011110101000111011001101010111111010001111111
1011010110000001111110000111001111001010110100010111010101101010000100101111011010101110111100101101000000000010001111101111110000011011100000001
1001010111110100000000101100011000011010100101010110011101000010101110111010011110111011110001111101011111111110100110000000010101001000110101111
1100010011011110111111100111011011011010110111110110110001111010100110110000110000011001010111010111000001110010110110101011111101111010011100011
1111000110011111111000001100001110010011111110000011111011100011101111111110111111000011000000000011011100000110010111101010001100011111111001001
1011110000110101100010100111011111011111100011010111000011001011001100000000100000010111011011101111000101011100111100001000111001000000001101011
1000000110100000001011111100010000011100001000010110011001101001100111111110111101110000001000100001010101000101101110101101111101011011011001001
1111111100001101101001100001111011110110101101010111111101001101101101000000100001100101111101101101111101101111100110101000001111111001111111011
1111100001100111001101111101111110000010101001011101110001100111101000011110101011110111110111100100101111111010101111111101111010101100001111111
1000001100110011101000110001010100101000111101010000000101101110001110110000101001100000000000101110101011011000000000110000011000101111111000101
1110111101110110001010011011000001111110001111011111101100101100101000111110111111001101111111101100000000000010111110100101000010000000000010001
1000011001100100111010110010011101000100101000011000001001100110111110100000110000011100000001101110101110110110000011101101011111111111111110111
1011001101101110110010111111111101010001111010111111111101110110111000110111111111010101110111101000100011110110101001101101000000000111111111111
1011011000111100011010100000000001111011010010100000000100010110100010111111011000000100010000111101101001011111111101111001101011011100000000001
1001111101100001110011101110111011100000011010101111110001111111111110101000000011011110111111110111101011011011010111011101101001000001011111101
1101000000110100011111111100100010001011011011111000000100001001101000100011011010011000001110000011001000000000000010001100101101110111000100101
1111110101111101111000010110101011011011010010011110110110111011000010110111001111001110111010111110011101011011101000101101100100110001010001111
1000000101101001001111000000111111011011111111000000100110000001111010100100011000011000000000000011000101111001101101100111101101100101111100001
1111101101000011101011111010110000001110101101101011111110101111110010110111001101001010101111011110010100110011100100110000100100110100101101111
1000000111010110000001100010011010101000000000001010000000101101000110111111011001011111100001000011010101111000110101110101111101111110001100011
1111101111011111101100001110111110111011101010101111101110101100010010100000001011001100001011111111011100110011111100010101000100101011011111001
1100000001111011111101100010110000001110001111101001111000111110110111111111011111011001011110000001010001111001000111110100011101100000010111111
1001101101000000000001101111111110111100100110001100000010110011100110000000000110001111011110111101010101011100010110111101000111111111000000101
1011101101111111101101000001010110100001110110101111111110000111101111111101011100101000001010001111110100000111010000000101010010111011011110001
1111001001100100001001010101000000101011000111111011100000111110001100000001011001101111100000100000111110110011110101110101111110100000000110101
1000011101110001101101010101010110101001101100000000001010011000100110101101001100111100001101111110011111111110011100111100000110001110101100111
1011000111011101101001010101010011101101100111111111011011001101101100101001011111100001101100111111000111101100111110001101110111011000100101111
1001101100000001001101011101010110001000111100000000010001100101111110111101000000111111101101100011110010000101110010100100010011001110111100001
1101101101101101101101011001010100101111110111101011111011110100010110100001010111100000000100001110110110111100000110101101011001011000000111111
1001001111001001100101001101011110101110000000001111100000111101000010111101010000110101010101100000010110011001111111100101011011011101010000001
1111101011111011110101101101011000101000101111101000001010011001101010110001011011100101011100110111111111000011101011111111111111000111011011011
1110101000110001010101001101001101111110101000001010111110111101101010110101011000110101000110110000101010011000000000010110101101111110011001111
1000001010000101000111101001011000110111101101101010110000011001001010100111011101100111101111100110001010111101101111110000000000111000110011111
1101011011010101010011001101111101100000001001101010111101001101101010110100000101110110000001110010100000000111001101110111110110001110011000011
1111011011010101011001101101100000110101011011111010011001011100111010011101011100111111010100110110101010110001100000000000011110111100111101001
1000011110011101111011001111110111111111111110000011110011011001111010110001000111101010010101100011101111100111001101101101000010110110011001011
1011001111011101100001100110000110101110110110111111100110011011000010011101011111000000110111001010000101110001100100100101010110010100111101001
1011111001110000101101101111111100000100000011110100001110110011011010110001010001011110010001111010110000110100101101101111111111000101101001101
1110111011110110101101111010111111110111101011010111011011100110011010111101011100010000110100111110110111111110100101100010101001010100001101101
1000000001000010101101000000100110000001111000000000000000110011011111101001110001110110110110000010100000000010111111001000100011010101111001101
1111010100010111100101101110110011111101001110110101010111100111010000000011000101000110010110110110110110101011111011101010001111110100001100101
1011111111010011001111111010111010101000011011111101110001110001111111011001101111110111010100111110100111101000000000111010100000110101011001101
1000101000010110011010000000000010000011000000000001100100110111101101111011001010100011011110000011110000101010101010011010110111100101011011001
1110101110111110110011111101011011110110010101111100110101100011000000000001101000001011011010111111010110111111111110110010110001110111011011101
1000000000011000100111000001110000000011010101100001111101110110011011110100111111011001011000000110000110000000010011111010110111011111110001111
1011011010110011110001110111100101101110010101001101010000110011011111100101100000011011011010101110110011111111000111111110100000011100011100001
1011010011111111000101111100001111101111111111101100010101110110010000001101111101010001011011111010011000011111011110110111110111110110111101111
1011111011010101110111011101011011000011001010001001011101100111111010101101000001010101001000000010110011000001001010000011000000000010100100001
1010000010000000100010000001010000010111100000101011011000110000011010101101101011011101101010101011111001101011100000101011010101111010001110101
1111101011011110111011110101111010110011001110101011001101111111110011101000111010001101101110111000101100101110001010111011110100011000111111111
1000001001111000000000000101000010010111101000111001101100011101000111001101100011100101101110111110001110100011101010111110110101001010000100001
1101101111101011010101010101010111010001101101100011000110110000010110011001001010001111001000000010100111110111111010001110111101011011010001111
1111111101000011011111110101010100010101001000110111010111111011010111011011101111100011011010101111101101010000110010100000101111111001011011101
1010100000011001111010111111111111011111101110110101110001011011010001001110001000001111001111101011111000011010100110101010000010101111010000001
1010111111001011100000000010101010001010001000110000110111010001110101101111101111101101011000000000000010110010101110111110101000000111111010111
1010000000011110111110101010100011100010101110110111100100000111000111111010001100000001011111010110101111111011111100010010111101010001110011111
1000111010110100000000111000111000001011111000100111111101010111010011000000101101010111001100010110100000001111010101000110110001110100011001001
1111110011100111110101100010000011011011011010110000001101010001111001111011111111010001011101010110111011111101010111110010010100111101001100011
1000011111101101111101111010101010001110000010110101111101010101000011100010000111011011010101110110001011110101000000010111110110000111101101001
1011010110101101011000011010101110101100101010100100000101010101101011001011110000001001110001100110101000000000011101110000010011010001111111011
1010000000000000000011010010101110100110101011110110110111010111101001111111110110111011110100110010111010110101011111000110111110011111010111111
1011011010110101101001110110111000111110101010000011111100010110001011110110000110001010000101100110001110011111000001010111101111000110000000111
1111110010011101101111000010111110001100101011111000001101010110111010000000110100111110110101001100100110111011010101010000000011010000101010011
1001000111011001000111101111101100100110101110000010100111110111110011011010011110000110100101100101101100000001010111011010101011011011101111001
1101010110001101011100000011000001101111111111110110110000110101100110011011011100101111101101101111100110110111110011110010101011010000100110011
1000010011011001010111011111110101111101011000000010110111100100001111110001110001101111101111101010111110110000011000011010101111111101101111001
1110111010010011010011000011000100011000000011010111100000111110100011111011000100100110000110000000001100011011111101011111100001100001111011011
1100001111011001011000011011111101011010101011010110001011101100101010001001110101101111010111110110100110110000000111000001101011111100000011001
1001011110011011111101001010000001011010101111110110101000000110101111100011000101101010010100000110101100011010110011101100111000110001101111111
1011011000111110110111011011110101110010111100000011101010101100101000001111110100100011010111010011111110111110110110111111111011111100100000001
1001110010001100000000001110000100110111110110101000111010101101101111111101110101110110010011011000000110001110110000010000001000110001111101111
1101100110100110101010101000101101100100000000101010100010111111111110000001000100010011010110010010110111011000011111000110111101111100110000001
1000111110101111101010111111100100101111111010101011111010111000000000111100010101110111010011011011111100001011000011111100010100011001111010101
1101100000111000001110110000001101111000000011101001100011101111111111111111010100110001111011010001000110101010011000001101000101011100001011101
1000111010001010111000111111011111011011101010001101101001101010111000000000010110110101000011010100011111111111001101111111101111110001101111101
1101110010101111111101100000000011000011001111101101101011000000101010101011010010110111110110010101000101010000011000000111111010100100100000101
1001100110101101101111111011011111111011101100000100111001101110101011111111010110100000110111111101011101011110111010110001010000101101110101101
1011110111111000001010100011000000011010001001110101100011001000000011000000010010110110111101101101000100000110101111100100000111111100110101111
1000110100111101100000110110011111111011101101000101001011101111111001101011011010010011100000000001010001101100000000111111111111010110010100011
1010111101101001110110000011000001110011001101111111101110101100000011001011011010110110001010101011011011001110111111100011000000000011111101001
1110100000000011011100110111101100010111100111100000000110001110101011101110010010010111101110101011011001111000000000001000010101101000011001111
1000111101101011011110110010101101010100001110111011101111101000101010000011010111010011001100101001001011000010101111111011011101111010111100001
1111111101101010000110110110101101111111011000000010001111101110101011011010010001010111101001101011011001110111100000011001000101011111100110111
1100000001001111110000010110000100101000011010101010100110001100101111111011011011010111111111111001001011100110001101011011010100000000001100111
1001111101011100000101110011101101101111011010101010101100111001100000110001010011110011000000010011011010001111011111111001010110101111111110101
1111010001010001010100110110001000001111001111111011101110111101001010111011011001100110010111000110011011100011000001101011011100100010101100001
1000000101011111011101100100101101101000011101100011000011101101101010011001011011110011110111101111011010001001101100101111001101101000001101101
1111110101111000011001101110101100101101110000001111101111000001101010111011110000011000110100000101001011011011000110000001101101111111100101101
1000000111101110111100100111100110111000011101011100000110011011111010100000111011110011100111010001011110011001110011011011101100000000101100101
1010101100000000011001101100001100011010110001110111101111011010000011101010100000011000101111111011110111001100110110001000100101010101100110111
1111101101101010111101100110101110110010011101000000000110011011011001111111110110111011101000000000000011011110010111111110110101110100110110001
1101111111111010100000110111100110011110110001010101101100111011001100111100000011100000101101101010101001010000110000000010011100010110011100101
1001011010110011111010011101001110110000110101111100101110001111011111101001010110001011111101001011111101011101100101011011001111111111000101101
1100000000000110011011111100011010011101100111000001100011011100001100000011010110101000011001101000010111010001111101001001011011000001010101001
1001011010110111000000110001000010110000110011010101110110011001011001110110010110101110110011001011000011010100011101011011000000011011110111101
1101111010110100011010110101101010011010111011011100011111011111111011100111011111100110110111101001101110010101000101110001101011111010010011001
1001100010100110110011100101001110110011100001011001000110000110000010001100000001101110100001111011100011111101101100111111101000001000111001101
1111111011110110110110001111100011111011001011010011011111010110101111111001010111000011101101000000101000001111101110000011001011111111110011101
1000000011000100010011100011001110000011011011011001001101010111111100010011010001101000100111110101101101100011000010101010011001101100011000111
1011011011010101011110001111100011010111110001010011011000010001100001000110011011101011101100000101101000101011010110111110111100000001111110001
1110010001010101011000100000110111111100000101011001111101010100110111101111011010101000111111010100111011101001010010110100110001111111010111111
1111010101110111011101110101100011000001101101010011000001010101110100000101011000111010000110010110011001111011010110000110110100000100000001101
1010010100011100000101100101101001110111000101011001010101110100011101101100011010110011010110110110111100111110011100111111100110101101111111001
1000110101010001010100111111101101000100011111011011110101000101010001100110110010011011011111100110000110000011000110000001110010100100000100011
1010011101010101111101100000000111101110111100001111111101110101011101001100011011011011000110001110110110101011101111111111000111110001010101001
1011011001010111000000110101010010111100000110100011000001000111111101100110110001011001101111101100011111101001100000011000010000011011111101111
1111110011010100010101100111111010100110110110101011111101010011000001111100011011110011100011001101001100001100110101001101011010110000101000001
1000000111010101010100110110101110110110010110101110000001110111111100001110110000110110001001100101011101011001100101100111011110111010000011111
1101110001011101010101100100101100000010110010111000101011000011011001011000111010011111011101110101011001111100110100101100000010100010101000011
1001000101111001010101111110000001101000010110111111101001110110000011001010011011001100000100110111111100110101110101111111010111110111101011001
1111110100001101010111000010101011001110111111101011101101000111101110011110110011100110101111110000001101100000010100110000010001100001101110011
1010110110111001010110011000101011101000000011100000100101010100000011010110011001101111100001100110111001101101111111100111011111110100100111001
1000000010001101010011010010101000111110110110101110001111010101011010010000110011101100001100110110011011001000100000111110000001100101110011011
1101010110101101010110011010101010110000100000101000100011010101001010110101100110000110100101100010110010011010001010110000101101001100011001001
1111111111111111111111111111111111111111111111111111111111111111111111111111111111111111111111111111111111111111111111111111111111111111111111111
