11111111111111111111111111111111111111111111111111111111111111111111111111111111111111111111111111111111111111111111111111111111111111111111111111
11010011000000000101010010011001100110001010111101010100001011010001010000001010000110101001000110110110001011000011001010001101011011001010100001
10011001101010110101010110111101101100101000011000010111011010000111011111100010110000101101011100000011011001111011011000111000000001100000001111
11011011111111110101000000011001101111101110110011000000010011011111010110110111111110101101011111111000001101011001001110010011111011110111111111
10000011010101100001011111111101100111001100011011101111011000010101010100000011010000101100000011000011011001011100011011010111111111010110100001
11011110000101111101000010101001101101100001111110111101011111010101010001110111011110100110111111101110001100010101011010010110000110000010001111
10000011110000000000010110101101101101111101110110110001010011010101011011000110010100110110001111111111101101110001111011000000101111011110111001
10111110011111111101111110101001001101010001010110111100011001000100001111110011010110000000111011010010001000111100110001110111111001001010110011
10110100110101011000001100000011011100000100000010101111001101110101111101100110010011111011101001011011101011101001111100000111011101100000011001
10000101100001000011111111110111000111101111111010101011011001010001101000101111000110001000000011010011001001101100110111110000001101110111111101
11110000111100011001010011100101011101111111001000101010011101011011001110000101110111101011111111011011100011001101100011010111101101010101100101
10000110101111111101010110110001011001010101101110000011000101011001100111110101000000000001111000000000001111101001111011000000101001010000110001
11110011101011000001010110111011000011000101100100111011110001010011110101110001011111011011001111010111100011001101010011101111111101010111111101
10011001100000010101010010100011011111110101110111100000000100000110010101011011110001111010011001011110001111101000011001100101010100000000110003
11001100111011111100010110110111010101000101000001111011110111110011010100011000111101101000111101111011100110000010110011001100010111110111100111
11101101111110100111000100000101000001101101110111011110111111000111000110111101100000000011100100110000110011110111111010011101110100000110110001
10101001101100001100010001110101101101001100110001010110101101101101110110100100111111111000110110100110000110100011011011010000110111101110100111
10101101101101100111111111000101001111100110011101000110101001101101010100110101100111011101100110111110110110110110001011000111110010101010110101
10100000101000110000000111010001100111110110111001110000001100101101000110010101001100001101101110011011110110000111011010011110011000100010100001
10101111101101111111110101111101101101000100101101011111101110100000011111010101011111011101101100110001010111110101011011000100111110101110001101
10100101000111101000000100110000100101110110101000001101000010111010110101010001010110011001100101111101010010100000001011101101111010100011011111
10101101011110101111010110011110110001010010101101100000011000111110100100011100000011001101110101100000010110111110111010101100110000001000001011
10000101001100101011110111000000000111011010101111110101110010101110110111000111111001100100110100111101000110011010011010100110011110111110101001
11010000011001100001100001111110111101010010101011011111111110101010110011110001111100101101110110011111110110110000111010101110110000010010111011
11111111011011101100111011010000011000011000100011000000010100000000010110011011000110100101100100110110010000011110101010101000110111000111110011
10000000001010111101100011011110111101111101101111111111010001101011000000110001110010101100110101100011011101111010101000101011100001111101011001
11111111100010110100111011000100011000110101001011000000011011111111101110011100011000101101110000111000000101010010101110001010110111001001010011
10101000001000110101100001110001001101110101011001111110111110111101111011001111001110101000011101101101110101011000000111100010010101101011010111
10001011111110010101110111111111100101010101010011001000111110101001010000011000011110100010110101000111110000001111110011001110110000000011000101
11101111111011000001010111000111110100000000010111101010011010101101011111001111001010101111100101011100011110100000011001011010000101111110011101
10101110000000010100010101110101010101111110110011001111000000000000000001101110011010100011001101000111010111111111001101011010111111100011000101
10101011110110111110110001100000000111010110111001101111110101101101011101000011000010101111100101011110010001100001101101000000000110101010011101
10001010111111101010010111110111110110000100011011101010111111111101111001110111101010101101001101010011011101111100001100011011111100101111010001
11101010001101000000110011011111100011110101110010101000001010110111100011000010111010100101011000000110001100110111101110111111111110000101000111
10000010111101101110110110011000110110000001011010001111100000110010111001111000110000101101011111011111100110100000000100010110000011011101011111
11111000011001111000010011011110000111101100001011011000111110111010101100101110111010001100010110000011001100001011110001000010111110010100000101
10101110111101011101010110001011110011111111011000001110110110100010100110001100011010100111000110111111100110101111011011111110011011010110111101
10001010101001010111010011011010100110110000001011101100000110111010110000101101001111110100011100000110101111111101010010110111001011010110101101
11100000001100010100010110011010110110011111100010111111110010101000011011101111100110000001011110111100100011010001010110000001011011010110000101
10001111101111000111010110110010100110110000001110110010111010101110111111001010001111111111010110000110101110011101010011011111011011010000101102
10111110101010011101000000111000101100011111101100011010100010001010010101101011100110010110000110111100100100111000010111010110011001010111111101
10110000100011011001110111101110100110110101000101111010001011101011010000000000110011010111101100000110110101101111010101010000111101000101011001
11110110001000011101010101101010001110010101101100101011111011000000011101011010000110000011001101111100000000000100010000000101101000010101010011
10000011101101000001010101101011101011000101100101100011010011101110110111111111110011111011101100001111111111110111010111111111101101111100011001
11111111111111111100010101000001000001110101101101101111011010001000100010101000000110110010100110111010110000000010010000000110101001101101111101
10101010010110101111000101111101111101000101101101001101000011111110110110101101010110011000101110101010111111111011000101101100101101100100110001
10001011000000001011110001100100000101110101101100011001101000010110110110100111110110110010001010101000011100000001110111111101100100110001111101
10100011101111100000111011110110110000000001000110110011111101010100010000101110110000011110101010100011010111111101010010011001110110100100110101
11111010111111001110010000110010100101010100011100011010110111000001011110101010010110110000111010101111110110100001010110111101010110001111110001
11011010110000011111011011110111111111111111001001110000110011111111010000101010111110111110110000000110110100111100010110011000000111100011100101
10001010111111110000000001100011011010101011100011000111110110100000000110000010011010011010011110101110100110000001000011011101111101101110110111
10100000010100100111111101111001010010000010101111110101100010110111011111111010110010111000110100111010110011101101110110001101101001100010110111
11111111010110111111110000110011011011101000101011000101101110011101111011011010011000110011100110011000010110100111000011011100101011110110110001
11010000010100011100010110011010010000111110001011110101001011011001110010010000111110100110110100111111010110111111110110001001101011010110000101
10011111010110110111011111011010110111110111101001100101101011001101011011011110011000110110110110001010000110010100000011011011001011000010111111
11000001000000000101001000000010000101100000001011110101100011011001000001010111001110000110000011100011011100110111110110000010011011111010111011
10010101110111110101101111111000111101001110100001100100110110001101111100000101100111101111110110111000001101110010000011011110111001111000000001
11011100000110000001001100111110011101111111110100110110110100111101110111110101001101000100110110101101011000011011011011000000101011000011011101
11111001010111111101101110101111010100010001011110000010010101101000010100000101100001110101100110101111001101010001110011011111101001111001110111
11101101110100000000001000000000010111011101000011111011000000101101000111110000111101010101001110000110011101111100111011000011101011011011100001
11000000011111111111100010101111010011011001111010001011110111100111110100111110101001010101101011101111001000110101101001101110101010011000001111
10010110111100010000001010101100000110011100100000100000110101101110110110101010001101010001100011001011011010100101001011000010100000110011111101
11110111110111000110111010111001110111010110111110111101100101000100110110101010101001011101101110011011011011110000011001101110101011111000111001
10000101100000011111111010110011000000010100110011111001001100011101100000001011101101001001101011011011011001011101001011100000101111001101101011
11011100001011110000000011111110011011000001111001101101101101111000111111100001001001100011101011011011010011000111100000101101100110011001100001
11111110111110000111101111010000111111010100011101000001101001101110110001111101101011111011000011010000000111110111111011101101101100111100001011
10110111100100111100001100000101110000011111010001011100001011101100111100000000000010111001111011011011011110100101001001000111101110010101111111
10010100110111111111101110101101000110111011011101111111101011000110101111101011111010101011000010000011011000110001101011011110000111000000010101
11010001100111000000001000111101011111100000010101100110100011011100000000001110000010101011111011011001111110100111000000010011101100011111010101
10011100001100010111101101100001111010001011000000110000111011000111101010101110111010101001101011111100110100001101111010110110101110111011110001
11010111100111111100000111111111101011111111111010011110011010011101111111111011101010001011001010100101110110111001011010100100100110101010100101
10000000001110001111011111110110101011010110111111000000110010111000110101010001101011101001101010110101100010001100000011101101101100001010001111
11101011101011101011110001100010101011000000000101111110111010001110100101000100001011101101101010100101111010111111101001000000100110111000111011
10111111000001000001111100111000001011110111101100100000000010111110110101111111100000101101001010101101000000000011111101110110001100101011110001
10111000011101111011010001111101100001011111000110111111111000011010100001111010111010101001101010101001111111011110110001110111111110000000011101
10101101010001100011011100001101110100001101010110110110000011000000111011000000001110101011000000000011001100001100111011010101101100101011110101
10001111111100111010001001111111011111101101110110100000101011011110110001111111101110000001110111111110011111011110011010010100101001111110010101
11100110111110011011101100101010000000000000100000111111111111010000010111100010001010110100000011101100110101010100111011010110000011001100110001
10110110010111010011000110000011111011111010001010100000011001111111000010111011101011111111101010100110110001010110010011000110111111011001110111
10010000110100011001110000111011011110011111111110111101001101110111101010101010101001011000111010101100111011000000110111110110000000001101010001
11011110110111011100111011110000010111010101110100010111100000000000001000000000001101010011100000000110001011111110010010100010111111111101000111
10001110110010001110101111011111010101010001010111000110111011111111111101101111101101011010110101011111101000110011010110111000000011011000010101
11011010011010100000000101011000000000011100010001110100111111111010110111111000000101001000000111111010001011100110000110000010110111011101111101
10000010110011111111110000011011111111010001010111010101101000001010100110000011110101101111110010101011100010110011011111110111110101010100001101
11111000011001010000011111011111011000010111010100000000101111101000110100111111010000000000111010100001110110010110010011010011011101010101111001
10101111000011011110110000001100001111011110010111101010000000101110110111110110000101101010000010101111000110110111010110000110001101010101001011
10000111111011000010011111101111011010001011010011111110101010001100000111010100110111111111111010000111110110110011000011101110111000000000011001
11110001010001111011011010000100011011101010000110110111111111101101101101000110100100000000000000111100010010010111011111000010111110111110111011
10000101010111000010001011110001000001000011010010100100110110000111001001110011111111111111111110101111011011000101011101101110101110000111100001
10101100000001111010100000000101111100011111111010101101100111110011101100011011000000000110101100001011010011110101010101000100101011011101101111
11101110111011010011111101011111110001011010110000101000110101111010101110110001111110110000000110111011011000110100010101010101101010000000000001
10001011100011011001100001110000011111000000011110001101100100000010100100011011010110111111110000001010011110100001010101011101001010111111111111
10101001111000010011001011111111011111111111011011101100110101111010110101110011010100100000011110111000110100001111110101001101011000001101111111
11111100001101000111111111000000000000000000000000001101100111011000000101111011000111111111010110101101100111011000100101011101001010100000000001
11010111101111110011010101111111111111111111111010100001001110011111010001010001110001101000000010101101101111011011101101010000011011111111111111
10010100001010011001010001011101101000110111000011101101011011010111111101011011011101101111101000000101000101011011000000000101000001011111000001
10110111100011011101011100000001000010000000011000111000000000000000000000000011001001001011111101010001110001010001010111111111111100000000011111
10010110001000000000000111011100011111101010111111111110110111010101110101111011101101100000000111011100110100000101110111000110111101010101000101
11000111011110101111101101110110110001101011110000100000011110011100011111100010101000001111110100010001111110111111100101101110000111111111111101
10010011010000111111000000100111111100111010011110001101110011111110111010111000001111111001010110111101011010110110110000000000110001101010111101
10111000010110100000010110110101101101110011000011111001011001110111100000001110100101011100010111100000000000000110110110101110110100000000000001
10101111011111111111011100000101000001011111111000111011001100000101111111100000110101010111010011111101111111011110000011111110010101101111010111
10100000000110000000001111110101111101010110111101101111100111110101010011001111100000000000000110101111010001011011011111000011010100111111110111
11110101101111011111111000000000000000000110101000000110110110100101011011111011001010101011110110101010000100001010000000011111110110011000010001
11011101001100010000000011111011111110110110101111110000000100110101010000010000011110111110000000000000101111101000101011110101111111000011111111
10011001111101111010111111000010000000100000101000000111110110000000000111000110110000010111101010110111101000000011111000000000001011101000000001
11010011110111101111110110010110110110111010000010101111000000101011011100011100111101010000001110111111111110101000011110101111111000101011111011
10010110000010000101000000110111111111111010101011111101101011101001111101001110001111111111111111100000110000101011110111100000000010101001011111
11011111111011110001101111111100000000000010101011000000001011001101100001011000111010100001111011111110011110101000000001110111010110101100000001
10011000000010000100001000000001111111101011111110010110101111100111110101111101100000001100001010000111010110111101010100010011010110100110101101
11011111111011111111011111011111000000111111010000111110111101111111010111000111110110101001100000110000000000111001111111111001010011101111100111
10000101100011111000010000011000011011100000000111101100100001010100000111110111011111111101111010111011011010001100000000001101011001100000101111
11110100111010001111011011111101111000001101110110000110110100000001110101000001011011011111010011100011111010111001111101111111111100101010100001
10010001100011100000011110000111100010111111000111110111111101101011100101111101011011001000000110001001100010001100001111101010101111101111111011
11011101111011110101110111110000001010110000011101010101111111001011001101010000000001101111111111101011111011100110111010100010101001111101011111
10000000110000111111100101011011011011111110110000000000110011111111111101011110111101101011101101101111000000101100100000001000101011010000000001
10101010011011101010110100000010010011101110100101010110010110000001000000000000100000000000000000000001010101101110001010111011100001010111111111
10101111011011001010000110110111011010001010111111010011000011111101111101111101101111111111111101010101111101111011011011111000001100000000000001
11101100000011101011110111111110011111100011110010011001101110000000100111000001111000000000000001010101101100011000001111101101011110101111111111
11101111111010000001100011010011110101101001011011001111101011111110101111111011001110101101101011010101100001010011100000000101011000100001111001
10101000000011111101111001011001110000001100010000011000001010101000100101011111011000111111111001111111111011110111001101101101001101101100000011
10001110101000001001001101010011011110101001011111011011101010001110110100000000000011110110100011101010000000011100011111111101101101100101011111
11111111111101101101101101011010000000111011000111011010000011100000000001111110111111000000001010000000110101111001000000000100111001101101001101
11011011010101000101001101010000101110111010010001111111111000001010110101110000011101101110101011011010100101100011011111011101111101100111100001
10010000000001110001101100000110111111101111111100101110000011011110100101011110110000001100101110010011110100110110000011111111101001110000101011
11011111101011110100000001011111100000000110100110101011111011010100110111011110100101111001100111111000111101110111011000000000001100110111111111
10000000001010000111011011111011111111110010110110101010000010010001100110000000110101111100110100000011100001100100001101111110111001110001010101
11111011011111101100001110101010100101011010100000000000101010111100110100111110110101000001111111111011001011110110100100000111111111100100000001
10110010011000001110111000001000110000000000001011010101101010100001110110110000100101010100001101000001011011110110101101010001001110111101101011
10110111111111111010011101101110111110110110101011010111001111110100010111111010101101110101011000011011011001100110101101011100011010101100111111
10111100110000000000110111101100010110011111101011011111111101011101011101101110101101000101010010110011001100111100101101001101111000000110010101
10011110011111011010100000000001000000110000001001011001110000000001001100000000100111110101010111111001111110111101100101011000000010110011000001
11010111001000010011111111010111101101111111101011001100011111010111100111010110110110000101010011011100011000000100110111111011010111111001010101
11010101101111111111000000010100000101000000001001111111000000010010111110011100100100101101110111000001011110101110110010110011010001011011010101
10000000001011110000010111011110101111110101101111000000011110111010000000111110110110101001000101101011010000100110110110011001111100001011111111
10101010100000000101010100010000100110111111000111101010111100110011011101100010100010101111110100001001111010111100110000111100000101011001100001
11111010110101101101011110111110111100001011110000101110100001111001111111111000110110101110111111011011000010000110011011100001011101001100001111
11011010011111111111111010110000110001100000000101111111110100011101000000000011100110101000000000011001011010101100110000110101000111111101100101
10000010110000000010101000111110110111111111101101011011000110110001010111110111110010111101011101011101110010100110011011110101010110110101110001
11110110010101101000001101100000011111011100000101000000010110011101010100000110000111100001110001110000010111101100110000011111010000000111011011
11000111111111111101101111111110111000000001010101101011010110110001111111011100110011111101000101100101110011001110011011110011010110101111011111
10010000101010110111100010100000101111101101011101101001110110110101110000010001100110010101101100110100111011101000110000011000010100100000000101
11110111100000100010111000001101100000001001010000101011000011110111000101110100110111000000111101110110011010101110011101111110110101101011111101
10000000111110111010101110101111110111011101011101111011101011000111010101100101110011110101110101100110111010001100110000110000010111001000000001
10101101100000000000000000101000000100001101011001100001101001101100010100110101000110000101000000110100110011011110011010110101010110011101101011
11111111111111111111111111111111111111111111111111111111111111111111111111111111111111111111111111111111111111111111111111111111111111111111111111
