1111111111111111111111111111111111111111111111111111111111111111111111111111111111111111111111111111111111111111111111111111111111111111111111111111111
1001010101100101010101010000000000000101010110101001010100010110101000101101010000110000000001101100110000010101000101011010101101011010101100101101011
1101010000110101000000010111101110110000000000000011000101110100000011100100011110011101111111000110000101000101011100001010001101000010100110000000001
1000000111110100011111000000101100111010101101111111011100110001111111001101110011001100111101110000111111111100000001011011011100010110101100111110101
1111101101100001110001010111111110011011100100000000000001111100011101011100100110011110000000110110001010100001111111110001010001111110100001101011111
1000101100110111100111011101010100111111110101011110110111010101110100010101101111000110111110000011100000001111011101110111000111101100001101000001011
1110000110110100001111111000000111111110111101001010011111000001010101110000000011011100000010101001111011111100000000000011011100000001011100010100001
1111101100110001111101101011111101111000001111100011001100011111010000000111110111010101101110101011011110000001111010101000000001111011010111111101101
1010101101100111001000101010100000110011100111111111111110110000000111110010111101000000100011101000010110111100001111111101011111111110000000000111111
1000001000001111100010000000001011110111111101001110110100010111111100111110001101011111111111101101000000000101101101011001000000000011011110111110001
1111100010100000001010101010111110010100111101011010100111000010100110001110111000000000000110111111111101111101100000001111011111101110000110011010111
1001110110110101011010101011110011000001100000001010101100011110101100100000000010101010110000010000000100000101001110100111011111100011010011110000001
1100000111111101001111111111100111010111001011111010100111010110101001101101101111111010010101000101010101111101100111110001000000111001111001010110101
1001010000001111111001011110101110010000011010110000001110000000000011111001100001001110111101110111111100001111101101011011111101110011111100010010101
1101111010111011101100001000000000110110110000011101100000111011101000011111111111011111101101100000001110100110000001011000001101011000011001000111101
1111101011110001001101100011111101111111111111111000101101111001111011000001000000001011000100110101111011111110110100011110111100011111111111110001101
1000000011010111011101111110010111000101010110110011100100001011011110011111011111100000010110011100000000001100010111000011110001000011110110111011101
1111111000000000000000000111000000011101010110011011111111111000000011110101010111111011111111111110110110111001010001101111011101011000000000001111001
1000000011011010110111101101011111110100000010110000000011111010101000100000000000111110101101010111111110011101010101000000000101011010110110100001101
1110101011001010110000111100000000000001101110100101101110001111101010001010111111100100101000000000000011001111110101101111111111001110110010111111111
1000111011011111111110010110111101010111000000001100111000100000111110111010000000110101101011111011010111111000110111100011010111111111100110011011011
1010110010001100000111000000000111110001110101011110000011111101100000001111010110000000000000001111111101111011111111001000000000000000101111000001001
1010011010100001110011101101111110111100010101000110101000000111111011011101111110101011011111111110101101000001000101101101010111111011100101101011011
1111111010110100111000101100000000000110110101011110111101101110110011000000001010111011000001110010100000010111011100111111110000001000111100001000011
1101101110010101100010101101011111111111111111110000000100100000011011010111111010001111111111010110001011010110010110000000010111111010011111011101001
1000000100111100110110111111000110110101111010111011101111110110111001010001101010111100000000000010111110010110110000110101110000111010110111110101101
1011110001101101100010000011010000000000110000001011100001011111100011110100100011110001011110101010001110110110010110110100011011101110110001110100101
1110000100001100111011010111011101111110011011111010001100000000111011110110001111010111111111111110111010111111000011111101001011000111111011010101111
1110110101011001110001010110001100001111110000001111100111110111100001011111011101010101110000111110101011101100011111000111111111011101100011010111001
1000110101001011011011011100100110100001010111101101101111111100111100000101000000000000010111101010000001000111000001011111110110001100110110000000011
1010100101011000001011000101110110101100000011111001100000000110100111111100010110101011110001101000101111011101010100001101000000111110010000111111001
1010101101001110101001101100110110101101111000011011111010101100001111100111011111101000000111000010111000000000010101100100010101111110110111111111111
1010101101100010101100100101100010101100111111111010111111111101101000001110000001111011010001101111111011011010111111111101111111101100000000000000111
1010100100110110100101101111111110100110000000100000100011010001111011100011011111001111110111101011100001111110000000000001011011000001010101011111101
1011110110010110110100100000000010101100111011101111101110000100010001111111000001011101111110000000101100101110101111111100000011011011110111110010001
1000110111111100011111101011010110111110001000000000000010111111110111011001111111011000011011011111100111101011111100001110101000011110111110110110111
1010100000000101000001111010010010001100101010101010101000011011000001011011100100001011111000000110110001101001010101111010101111110000101000010110001
1010110101111101010100011011010111111001111011101011101011000011010100011010101101101001101011101100110111000011010000000011100000000111100011000000101
1010100100000101011101001001010011111100111111101011111001101000010101001000000101111011101010111101110001101110000101011000110110110000001011010101111
1011110110101101011001101101011000001110000000101000011111101010110101100010101101011001000000000000000100000000110101110011110111100110111111011100011
1111010010101101001100100101011010111011111110101101000111001010010100110110100000000011011111111111101101111110010100011000011100111100000110011101001
1000000111101111011001110101001110000000010111111001011101101011110101100010110110101000000000000000101100001111111101111101000001111111010011000101011
1010101111111000001100011111111000110101000000111101110101101000110100110110111100101011011011011111111111111001101111101111101100000001010111101111001
1111101010011011011001001010111101110101101110000100000000111101100101100110000111101001011111111111011000111100000000001010101101101111110011000011011
1000000000111010001101111000001101100101100011111101011011110111101111101110111100001011000000100000010011101101111111111010111100100000110111111110001
1011101010001010101100000010101100101101101000000101110000000110111010001100011111101001101110001111000110101000101010110010110101110111111101111111111
1011001111111011101101110111111001100111001010110100011011110000000010100101000011001011100110100011110010101010000000000110100100111101011000000000111
1011100000011010000100010101111111111100011010110101111000011011111011101101010110011000101100101000111000000010101010111100001111101101010010101111101
1001101010110010101101010000100011000111001010010101001010110001011111001111010111011010100110101011101111011011111111110110111100000000000110101010101
1100101011100111101101010110001001011110011010111100011111110100000101100001010100011011111111111000100001011001010101010110110110111111011111111000001
1110101000110011000101111100111100000010111110011001010000010111110001101111111110110000000000110010001011111100000000000000000000000001000011011011111
1000101101100110010101101110001101111111110011111011000111111110111100111111000000110110111111111011011110110001011011101101010111101111011000000000011
1110101100111111010100000111111100001011010111001011011100011000101101110001111110100110011110110011000000011101011011100101110000111111110010101101001
1000111110011000010110111100110001100000000000011011000001110010000111000111111000110011000000011010010111111111110000101100010101110000011110100111011
1010010111001011011100000101111101101011101111111111101100000110110011110000001101100111111111110010110110100010011101100101010111010111111110111100001
1110110000011010010001011101101100111001111101101101101101010011111001100101011000110000000011111010010000001110111100110111111111000000000010000110101
1100010110110010111101000000100101100011000100000001101101010111101100101111111110111010101000001111011111100000000111111111110000010101111110110111101
1001110110111010110001011010001111101000011101111111111101110000001110101010101111101010111010100011000111111110111110101101011011111100000011111100001
1100010100001111100101011010100010111011000000001101000100110111111000000000000000001010001111111001110000000111111010001000000000001101111001011111101
1110111101011000001101001011101000011001011111111000011110110000111110101011111111111010100000111111000111010000000000100011101011111000011111000111001
1000001101111101101101011001101101011101000100001101111011111010000010111110000110001010101010000111010001111011111011101000101000011101000001011101111
1110101111110001100101011100101001000111010001100100000001101111011010010100111110111111101111010001011101101000111011101010111101000111010100000000011
1000101010010101001101000111111101011110011011110001101100000011111111000001100000000001100001010111010000001010001000101110110111011111111111101011001
1010100000110101101111010000000111000010111000011011101101110110110101010100001110111111001101110001011101101111011111101100000011000100000001101111101
1010101101111111100110010111111100010110110011111000101000110000010001111101111111111001101100110111110000100001000001100101011011010001010101111101111
1011101100011011001111010000011001110110011000001011101101100111000100001101111011100011111001110001100101110111011111110111111111010111111100011000001
1011001101010000011000010111001100110110110010111111111111110011011101111000000000001110001011000111110100010001000011000000000001010000000101000011101
1001100101111101001101010001100110011100110110000000110111011010001100001101011011100000111011110000010101011011101001111111101111110101011101110111101
1111110100011001011001011011001111001101110100101110010101011110100111011101111011111110011110110101110101011001101100101111100010100101001100010000111
1000000101001011001101111110011000011101100110101011000000010111110001111000101000111011110110011111000111111100111001100000110110110111011001111010011
1101010101011001100100000011001101000111110110100001010101000011000100001010001010000001100110111001110000110001111100101111100000010001111100101011001
1001110101111101001111010111111111011100000110101101111101011001101111011011011111011111101100001011100101100101000110000011111011010111101110001001101
1011100100011001100011010010110110000110110010100100000101011011001011011011000110001110000001011000111111111100010011010110101111111110001010101101101
1010001101001101101011110110110111011111100110101110111111010001100001001001101100100000101011000011101010110001011001110000000000000000111011111111111
1011101101101101101010110000010011000011001111100011110111010101101011111111000110110101111110011000000000011011011111111110110111011011101011100011001
1111101100101101001000110101000111011111101101001000000001110111001000000001101100010100000011001111110111110011110101000011111111111111101010110110011
1000001101100111101110010101010110000011001100011101010100011111011011011011000110111101101001100000110000111001100000011111000000000110101000010010111
1110101101110110001111011111110100111111100110111001010111111101111001111111101110001101111101101101111011101100110111110100011111111100000011110110101
1111101000011111101000001010110110000110001100001101010000000001101011110101000010100100010101101101100000000110010110000001000101100111011110000000001
1000001101000110001010100000010011010011100110111001110111010100001000000101101011101101110100101100110101101111000000101111111101101101011010111111111
1101111001010111101110101011011011011001111100011011000001010101101111111101101011000100000101100110110100111111101111100000110100000101010000001100001
1111000011111100001100101001111010011100000111011001101011010101100000000000101001101101011100110010110110111110000011111010000001111100000111111101111
1000011011100111100110111111100011000111101111001101101111110111001110111111111011101101111110010110010110001100101000111111011011110101111101000000001
1010110001001101111100000000110111010000100001011001100000110111101100000011011111001100000111111111110100111110101101101101110000000000000000011111111
1111111011011000000001011011111100011010111011111101101011100000100110101000000001101101010000011011111110001010101100000000011011110101111111000001001
1000000000001101111101110011111110111110011001111111101110110110110100101011011111101101111011000000000010100011100110110101110000010100000001111100011
1111101010100111110000011000110000000011001101011011000000110110111101111011111010100111100001010110101110101001101110010101011101010110110100000111001
1000001011101110000110111101110110101111101100000001101101111100001111000000000000111111001011110010111111101011001100110100001111111110011101010001011
1111101011111011110110001100010100100000111001011011111000101110111001101101111011111101111000011010000011111001100110111101100110101011000101010101011
1000001000011000000010100110110110111010011101001000001010000110000011001000011110100000110010111110101000110011101110011100110000000011111101010111001
1110101010111101010110101100010110011011001101011101101011010010101111101101000000001101111010000010111101100111000011000110110110101000111111110001011
1000101010010111010110100101010011011011011001001100111001010111100011001101101010100111011010101010001100110101110111110010110010101011100000110111001
1101111110110000011100101111010110001001011011011110001101110100110111100101101010110111001110101011011001100000110000110111100110101000001011111110011
1100011000110101001111111110010011101101001110000110111000010001110110101111001110010001011000111001001101101010011110110000101100101011101011000011001
1001001101111111100011001100110110001111100011101100101110110101011100000001100010110100001010011011011111001011000111110111111110101001101000011001101
1011011111101010101000011111100100100000111000111110000110110101000111101111111010010101111111001001010100011011010000010000111010101011001010111111111
1011110100000000001101110111110110110111111110011111101100010100011110000010001010111100001100011111110111011011011101011101101011101001101010000101011
1000000110101101011000000000011110100000000011001100000110110110110000101000111010011001111111000000110111011010000101001100101000101100101111010000001
1010101111101001001010111101011000101011010110011101010111110110011011101010001111111100010110011111100000001010110101100110000010101101100110010111101
1010101011001101011110000101001011101111110011010101110000011110110011001010100101110101110011000000111101011110110100101100101010101100101111010011101
1011111000011001011000111101011010000000011001110100011010111011111111011110111101010111110111101111101111010111100110101111101010100110100001011000101
1000110011011101010010011001111111101101010011100111111110000001010000011000001100000000000001101111000011000001110110100001111110110011110101111101101
1010111111110001110111001111100000001111011000001100000110111100010111001110100001010111111011000000011001010100110010110101010011111001010100000100101
1011100000111101100001100110111010101001011010100111101100001111111100011000111011110000001001010101001111010110110110011100010111011011000110101101111
1001111110000000110111110000011011100011110010110010000110111011101101111101111000011011011101010101011110010010100011110001000000011001101111100100001
1011011000101111100001011010110011001110111110011000110010000000001100011001100011110011000101010101000010111011101000011101010111110011000000101111011
1011011010101000001011010010111001100000001100111010011010110110101101111101101000011001101101010101011111101001101101111001110001111111110101100001001
1010000010101110101000011010011011110101011110001010110010110010111000010111001011110011111101110101000011001101101100101111100100010110110101110101011
1111010110101000101110111010111011000101110011011110111010110110001101000110011000011000010111100111011000011000111110000110001111000000010100011111001
1000010111111111100011100010101111110100011000000110011011100011111001010011001101001101000110110110011011001011110011101100100011010111111101000001011
1010111101010110001000111010000110000101111110111111011011101000001101110111100101100101101100110011001111111000000111111110110110010000001101101111011
1111100000000000101111101110101111010100001110000011011000111010111111000110001100101101000001111001100000110010110000010111110011011101011101100011001
1101101101111010100000001100111100011101111000111001011010011010000011110011011101100111101111101111110101111110110101010000010111111111111000110111111
1000000111111010110101011110010111010000001110001111110010110010101000011001000101101110101110101110010101010111100111000110110000000000101110010101111
1101011100000010010111000011000001011101011000100110111110011110101111011101011100111000000010000010111100000000110011010010011010101011101011110000001
1001110001111010110011011001101111010001001110110000000011000110100011001101001101110010101000110110000110110111111110010111111110111000000000011101011
1100111111000011100110011011000001111011011000011101111111010110101011011101011001010110101010110000110110010000001111010000001100001111111011001111111
1111101110011011110110110001110111100011011010110000000001010011101011000101001100011110101010110110011110111010100011110101111110100000011001100001101
1000000000110000010110011101100000110111011010011011111011010110001001010101100101000011101110110111111011100010101000010100000110110111011111101111001
1110110110110101011111011000101010110110001010110000111111110011011011110101001101101000111000110000100000111010101111111110110110100001000000101101011
1111100100010101011011011010111011100110101110111010000000010111010000111111011100101010111110010110001010001011100000001011110110110101010101111000001
1011111110110101000001111010011000110010101000011011111111111100011010000110000101101010000110110010111111111011001110100000010110110111010100000011111
1000101000011101011100001111010010011011111110110000000000000111010011101100110100101011010110110110110000011111101100101111110010110011011110111000001
1110000011000101000110100001010110110011010000011011111111111100011011000110110111101001110110100010000111110110111110100000110111100110001100111101101
1111010111010111010110110101110110011011000110110000000000000110110001111111100000101011000111101010110000000000000011101010011110001110100110000111101
1000010110011111110100011101100100111001110111111010101111111100011011001101001011111110010000101010111111011111101001101111111011011100101111010010111
1110110011001101100101000101101110001011000011100011100000010110110000011001101000011111010101111110000001000001101101101100010011000110100011011000011
1000111001100000110101110100111011011001101000110111001101000011111101000011111011001001110100000110111101011101101111100001000111101111101011110011001
1010011101101010110100011101110000001011001101100001111001011000011101101011000001100011110110111110001101001111111010101011010000100101001000110111011
1111110101101011111110110000011111011001101000110111011101001111110001101001101101101000010100110011011101100010110000101001011111111101101101110001001
1101000001101000000010110101000001111011101101100010000101100101011101111111001100101010110110000110000101111000000101101011000000110100100111100101011
1000011011101011111010110101010100001010100101001000111111110000001100110111101001111111111110101111010100001110111100101111101010000001111110101101001
1010111110001000110011100101010101011110001111101010111010111010101110000000101100000001111000100001111110101100001101100001101010101100000000101101101
1110110000101101110110001111010101110111100110001010000000001010100110111101100101011100110010101100000011100111011111111011101111111001010111101100101
1000110101101111100011011100011101110011101100101010101011111110111100000101101111000101100110101101101111101111000000011000100000110011010001101101111
1010011111000000110110000111001100011000000110101010101000000010000111010111101100010111111111101100100000101100010111011010101011111011110111101100001
1111110000011010010011101111101101001010101100111111111011111111011100010011001111010010111011111110110101100110110001110010101000011001100000111001101
1101111101011011010110100001100101011011101110001111100000000101000111011111111011011000000000011000010111001111111100010110101110111101001010111101111
1000000001011001011100001101001111011011000011011010101101111101101100000000111001011011010110111101111111111011000111111100100010100101011110001100001
1101101101011011011111011111100110011011101011000000111100000101111111010111101100001110011100000100000000000000010010011111110110101101000011011001111
1001101101001001010000000001101111010010001011101111100001011101010110010001101110100011000110110101010111111011111000110101100011101101111011111101101
1011000101011011110101010100100110011011011001100000110101000000010011010100000010101011010010110101010000011000001010000001101111000111111000110000001
1011101101011010110101011101110011001011010011001010111111011010110111111110110110101001010110110111011011001101101110101100100100010010001101100101101
1010000101010000010101000100110111101110011001011011100000001110000000001100110010101011011110110001011011011001100010111101110001111000111111110100111
1111101111010110111101101110111100100011010011010001101011100011111011011101100110101011000010011011001011001100110110000100011011101010000010111101111
1000000011110110000111100010000110001010011001010111101111001000011001000111111100101010010111110011101001100111111110110101111000001010101000001100001
1111101110111110101100001011101111011111111101010000111110011010111101010001000101111011011101111000101011110000000011110100001101101011111101111101011
2000000000001100111111101110000011000110000001011011100000110010000101110100010100110011000000011011111011011011111000011101101100101111000101110111001
1011010101011111111000000011101001101111110101011000111101111110111101100101111111111010010110110000111110000000001111001101100101100000010100000011011
1010010101000000001101011010001011001100000101001010011000000110000101001100000001100010110010011010000011011010100001100101101101101010110110110110001
1111111111111111111111111111111111111111111111111111111111111111111111111111111311111111111111111111111111111111111111111111111111111111111111111111111
