11111111111111111111111111111111111111111111111111111111111111111111111111111111111111111111111111111111111111111111111111111111111111111111111111111111111
10000000001011001010001101010011001010010101110000010101001101100110110101000110010101010110010110100101100000110101010101001101011000110000100011001010101
11110101100001101011011001010110011000110000100101000100011001101100000000011100110001000011000010101101001111100101010000011000000010011011101110011000001
10111111001100000000001011010011001110100110001111011101110011000101111101110110011011011110011110100001100000110001011101110010111110111001100000111110101
10000111111110110110111011000110011000001110111011111000011011010000011111000011010001010011010100001111001010111011010101100111111111101011001011101100111
11101101100111111100111000011111011110101011101010101011111011111101110001011111000111010110000001111110011111101011010101101101000011001000011111101110011
10100100110101001110101011110010000111100011100000000001010001100001010111010101011100000000101011011011010101000011010000000101011111101011110110100111001
10110001100001101000101011011000111101110110101111111111011011111100000001010100000110111111111111001010000101110111000110110000001110001000010000001100011
10111100111101101110100011010011110100100000000001001101011001010101111111000001111100110100111001011010111101000010010011111101011011101011110111111111001
10001001100000001100001111000111100110110110101111011001010011000000000110010111010001100101101101011000001101110110110111101111111001000001100010110001011
11101011001011101111101100011110110110000010100001011011000111101101111110111101010111101101101101000011101100000100011110000011001100011111001010011101001
10000001111111101010100110110010100011110111110111010001110101111101110010101000010000100000101101011000111111110001111100101001101101110110011111001001011
11111011010000000000001100011010111010110101011110010111100000110001010110101011110111101111100000001111111000000111010101111111000100000110110111101011011
10101011011111011010101110110000011010110000001011010100110111100100000000000001110101100110101111100110101111110101010101010111101101111100000011000000001
10001011011011111111100110011011110010110110100000000001110111111101101010110100000001001100101101110010100110100000000100000001000000101110111000010110111
11100001011001100001110100110010111000100111111111111111000000101000111111111111011111011110000000011000001100001101011101111111011111101000001110110011101
10111100001100111100010110110110011110101101011001110011011111100011110111100111110110000011011111111111111111100111111100000011000110100011100010110111101
10011111100001100001000110100110110110100000000011010111001000111011100010101101110011011110001011010101011001110010110001111110011110110111110111100000001
11010110001100111111110110001100110100101111101111010001011011110000110110100101010110011010101001010100001100111000000111011111001010000000011101111111111
10000111111110011011010011100110000101100001111101010111010001011011100010101100000011001000111011010001100110100011111101000011011011011111111101011011111
11110101010100110011010110001110110001101111010101010010000111011000001110000001010110011010011001000100111100111000001100010110001011000100000100000000001
10000000000110111000000011101011110111000001010100010110110011011011111000111111111111000011111011011111110110100011111101111111011000010001110001011011101
30101011110110011111101110001001100001101111000110110110111111001011011011101011001001101001100011000011010100001110100000101010011010110100011111111110001
11111110100110110101101111101011110111100111011100010110001101100000000000000001101011001100111011011110010111101010101110101011011011111111001100000011101
10010100001110000100101010001000000000101101010001110000101100111011111111111111000011100111101000001011000011000000000010100000000000011011111001101000101
11010110111011110110100011101011101111101100011011000111111110110001000000000000011110110011101011111011011111101101011111101111111111110000000011111101101
10010010101010100010001111101011111110100001110001110101011010010111011111111111111010110110100000000000000011000101001101100010000001100111111110000111111
11011000001010101000111100001000011000001111110111100000000011000000000000011011100010010110101101111101010111101111111000101110111100101111000011011111111
10000011101010111110000111101011001110111110010110001111111111111101111111111000110110110110000111000111111110000010110010000000000110101001011110000001101
11010111000000010110101110001011111000100011010110111000011010110000000110101011100000000011011111101110101011110110100111010111110111101011010110111111001
20011101111111010110111011101010111110101111010110001011111000011101011100000001101010101111000101000000000011100000001101111100011101000001010010000101101
11011000000000000100011010100000001010000010000000111001110011110001000001101100001111111000011101101111111110111011111100101110111101011100000110111100001
11111101101010110001110010110111111011101110111010110011011001010111010111111111111101010011000001100111011010101000000001100100010101010111111100100110111
11110111111110110100011010100000000011000000011111110111001100000111111100010100110101000111101111001100001010101011111111101101110100000011000110101100011
11010000000000111101011010110111111111101110110101010101100110110001100110110110010101011101111001100001111010101000000000000100000001101001011110100001001
10011111111101101001010000110110110101000011100101010100101100011100001100110110110000000000011101101111011010000010101110111101111011001100001100001011111
11001111000101000011011101100000010101011111101101010110101101111111111101110100110111110110110101100000011011011110100011101000011111101111111101111111001
10011001110111111111011000110111110000001100001100000100101100010011010100010101100001111111110101101111110011000111111110000011000001100000010100101101101
11011101100110010110001110100101010110100001100110110110000001000110000001110000001111000011100100100001011001011101011011101111110111110111110110000001101
10001000110111010000100110101100000011101111111111110110111101111100111101100101101100011110110101101111011101010101010001000000111110111100110100101111001
11101110100100011111101110101101110111111101100101000000001100001110001111110111111101111010110100000110001101000000000111011111101000101001100001111011011
10000110110111010110001100001000111110110000110001111011111001101000111011000010110101000000110001101111100000011111111110000000000011101100110111010000001
10110110110110000111100111101011101010000110011011010000001100111110101001101110100000011011100100111101001111111110110010111110101110100101100000010111011
11100000000011010010110000000000101010111110110001011010111110011010101011000000001111111110110110010101011101000000011000000111100000101101111011110011111
11111101110111111000100111110101101010101011111101011011110011001010100011101111100000110110110010110101000000011111111011010011111111101000110001110110101
10000001100110101110110100010111101000001001011000011001100111111010101110101001111111100010011011110101011111111110001011111110111101100011100100010000001
11111011110000101000011101000010101011111011001101111100110001110000001010000011011011111010110001100000000001100011100000011010000000001110001101110111111
10001110011110101101001111011110001010110001101101100101100111010111100000101110000000011000000100001011010100001111101111110000111111111010111111010001101
11101100110000001111100110010111100010011100101100110101101100000000101010100000111101011110111110111111111101011010101100000111101100011010110110000111001
10000110011110100110110000110001101010110101101101100101000001111101111110101110000111110100000010000101101111111010000101111101101101110000000111011101101
11110000111011110000011110010111001110110100100000110101011111111111000011111100101110100110111111111101000110110010111100101000101101100111111100000001101
10011110101011011110110011000011011100100101101111100000011111000000010111010111111010001100011011001101011100011010010101101011101100101101011001110111101
11011000000011000110110111110111000110101101101010110111000000010111111110000100011010111111000001011000000110110010110000000000001101100000011011011110101
10011111111001110110110110100010011100001100000000000001101111110000011000111101111010001011011111000010110010011010100101010110101100101101110000001100001
11001011000011000100110110001110110101111001111110101011000011111010111110011000110010111001000001011111111110111010001111111111111001100100000101100001011
11100000011011110110110111100100110100011100000111111111111000011110101100110011110110101100011011000001101010000000111110110001011100001111111111111011001
11111101111001000000110101110110110110110101111101010100011111110110000110010110100110000110111111011011000000101011110100011011000101111111011010001011101
11011101101101111110010001010100010110000000101000000001110000000011110100110100101100110000000110011111101101111111000001000011011101010101000000111001111
10000111000000111011011101010111010110111110000011111011010111111111111110110001100001100110110000110101000111000101011111111111001000000001011111111100001
11110110011010000000010100000101010100001111011000011110000000000000001100100111101011110010011111100000011111110101011101110001100011111111010011101101101
11010011110011111111010101110101010101111001001101001111011111111111111110001110001111010111000110110101111101100101010101010111101111110101000110101111111
10011000011110100000010111000000010000000011011001011011000001010110101011100100100100011101111100000111010101101100000000000000000110000000010010101010001
11011110110100111111000011110101000111111111111101000000010111000010100001110001111101111000111001010011010101100001111011110101101100111010111000000000111
10000000010110000000011010111111110001100000110111011010110000011110111011010100111100110010000011111110010101001100111000010111001101111110001111011111101
11111111010111011111110000011100000100101111110001111111111010110000011000010110000101110111110110101011000000011110001011010001100000101111111111001101001
11010101010011111010111110110110101110000011010111110000001111111110111111000010110100000001011110100000011011000010111001010111110110001011000001100000011
10010000000110110000001010110111101100101000000000010111111101011100001100010111111101111111001100001110111111101010001011111110010100100001011111111110111
11011011011110100110100000000101000111111111111111110101100000000101111111011110001100011101100001100010010101111010111000000011000110101100000101000010001
10011110001100001111110101110101101101010111000110100000101110110001110101001011011001110000001011111111000000001111111011111111101110100101111100011111111
11010111101110111010000101100000000001010101011100001010000010110111010101011010000011000101101111010110011111100011101111101101111010101100000001000000001
10000000000011100011111111001011010111000000001001111111101111111110000001010010111111010101100100000011111010111000000100101000010010101101011011101111111
11111011101111111011111011111011010001011011111011010100111011101011011100000110000101010100110001111001100000001111111101101011110111100101001111000010001
11011110001010010000000000000001110100001000011000000001110010101001111110110000101101011110110100001011110111111110111001100000000000110101101101101110111
10010111100011000101101101111011111101111011001011011111011000101011000010111111111100000111111111111110110110101010101011001011011111110111111000100000001
11000000001000011111001111100011011100011011111001000010001101101001111010001010011001011101011011110000000000000000001000011111111011011111010010101110111
11111110111011010000011010001110000001001110111011111110111000101011010000100000111101111000000000000111101101011010100011110110101001011101010111100011111
10000000001111111011110000100110111011100100001000011100011110000000011101111110001000101011111110110000101111011111110111010100001011010000000011111110001
11011010111110101111111110101100100011001101100011110110110111011111110000000111111011101010000110011010100001000001011100000101100000000110111000000111011
10001111101000000100000000111111110111100101110111100000010101000000011011111101011000001010111111111110101011101011000001010000111011010010011101111101011
11011110000011010001111110001010010110001100111100110111110101011111110000000000000011111010000001110010101110101000011011111111111001011111000100011001001
10010000111011010101000000101011000111100001101001110111010000001011100101010101010111101000111111000111111100101111111000101011001101000101111101111011011
11011110100001110111111010100011110100001011000011010101000101011010101111110111010010100011100101011111110001100000001010000001011111101101101111110011001
11111000101011100110111010101110000101101000011110000000011111111010000000011111111110001000001100000010100100111111011010110100000011000000000110011001011
10000010101010001100000010100110101101001101000000111011001010110000110111111101101110101101111110111110101111111111111010010101011001101011010010111011001
11011010101010101101011010110010101101011001101010001111111010010111111100110101100000111111101010110100001010100000001010111111111100101010011000000000011
11111110101110111001001011100110101111010011001010100101111010110000000001100000001010010110000000000101111000001010111010001000000101111111011101111111111
10000111111111111111101011001111100110011001101010110100000000000111011100001101011110110000111111010000000011111111111011100011010101000110001100000000001
11110101001010001110001001100101101100110011001010100001010101101111111111100111000110000110000001010111011000110101001001101001011100011111011111101011011
10000000011011101000101111001100000110110110011011111011010101000001100011110001010010101100111111111110001010000000011111001011011101111111111000001110001
11010101000000000010100110011001101100100110111110000001111111010111001000011111010111111110000000001100101111111011110101111110000100000110101110101111101
10010111101010101010110011001101000101110010101000110111101011010000011111000001010000001011011011111001100000011000000101010111011101110000001100100010101
11010110001110101010110110011001101111010110001101100000000001010101000011010101010111111001111000001111001101111110110000000001000111111011011110101000101
10010100101000101011110110111111000110000010111101001011110101010111101001111101110000101011100011111011111000000110111111101111111111001111110100101010101
10110110101101101000010111101011011111101010000111111011111101011110111100000100110110000000101000000000001010110100000001100001110101011110110110111110111
10010100101001001110110101100000000011001111011110100000000101000000000111011111110100101011111011111111111110011101101111111111000000000010110100000010001
10111110101101101000010100001110111111011101010000110111010101010111110001000000010110101000001000000000010111001111000000000110010101101000000110101111101
10011000111001111101011101101100001100000001111010010001111111110111111011111011110100111101111110110101000011100001101011111110111111111010111100101000111
10111110111111000001110001100111011110110111100011000111101010110000011110111000111110001100001100011101111000101111111010100000000001011010100101100010011
10110000101010011100111100111100000111110000111011010000000000111011000000001010001100100101111110110000001101111111001010001010110100001111101100110111001
10011111100000110001100001111111010101000101111010011010110111101110010111011011111110101100011000011101011111010000011000111111111110111101100101110001011
10111000001110100101101011000000010100011100001011011010110010000011111111111111011011100110111010111111110111010111111110000101101011111000001111010101111
10110010101100110111001110011011010101110001101010011010011000101000001000010101000000110011101110000000000000000000001100111100101011101011111111011100001
10011010111001100001101100111111010101000101101010110010111011111010100011110100011010011001101111011011111111101111111110000001100000000000110101000110111
10110011100011110111001001110100010111110101101010011010100000011111110110000001111110110011100011011000000011000111000111111111101111111010000101011111101
11111111110110000110011101100001010011000101101111001010110101000011100000101011101111111110001001001101101010010000011101000000000010111111010000001101001
10010110100100110110110001101101010111111101100101101110011101011000110101111000000001010100111111111111101011011011000000011111111110101101110101111100011
11010000001111110100010100101001110101111101110001100111110001001111111100001101101111010101110110111000111111110011010101000001100000000000010100001001111
10000101011100000110110110101101111100000000110100110011000101100000001111111111111011000000000000001011110110000111110111010100101111011111111110111011011
10101111110001110110111110111000000111110101110110011001010100110110100001001011010001010110111010111000000010110000110001010110000001000001000010000000001
11100001100111100100001100001110111100000100011111001011111101111110110111011000000100010010001111101011111111110111100111111110111111110100011111111110111
11110111101100001110100110111000000111011101011010011010110001011000110000001011101101011111100000000010110101011101110000000010000000011101000000000010001
10111110111111111000110110011010111110000101011000110010000100011110010101100000100111000000111111111000000101001100010111010110110101000111111011111111101
10000000110111110010110010111111101000101101011011110110110110110000111100101011111111111111111110111011110000011001111111111110110101010010111000011101111
11111110000000011110110110110101101101100111011000011100100010011110001101111000111101101010000000001000111011001011101000100010100101111000001011000000001
11101000101101000000111100100000000000101100001101011001101010111110111111000010000101100000101111111111101001100000001010001111110100101011011001010111111
10000010101111110101101111110110110101111111011001001100111010110000010001011010110000001111101101000000001111111011100010101000111101101001001011010100011
10110111101000000100000011011111110100110100001101101001100010011011000101010010111101100000100000011111011000011000110110111011101111101011011001010001001
11100011001101010101011110000010000110000110101101101100111010110011011111111010000100101101111101111011111101111011110010000000100110001001001101110111111
10001111011111010101011011011011101100111100100101001110100010011011000010110011010101101100001100000000110100001111000110111111101100101101011111000000111
10101000010111110111011011110000001110011111101111100011101011110001101000111011011101101101111111011010000001111101111111110000000001111111110111111011101
10101101110101100001010001100101100110110101100110101011001011111011111011101110001101100100000011001010101100011000111011010111111111111000100001100000001
10101001000000001111111100001101101110000000110000101001101010011000110000000110101100111101101011011010111111000010000001000000000001101110101111101101111
10111111111101100110110111101101001100101101100101111111111000110011111010110011111110000100111001111010111111101010111111011111111100000100101100101000001
10111000000000111110100000001111100110111111001100001111011010011000101011100111010000110101111100001110101100111110110001000000000101101101100001111011101
11100011110101100000001101100110001100000001101101101000000010111011101000110000010110011111101101111000000001110110000100011111111111100000001100110011111
11101010000100110101101101001111011001010100111101111011101010110000001010110110110011000110101100011011010111010011010101000000000000111101011110011000001
10111111010110100101001101100011110011010110011000110011001011111010101110110110011010010000000101001111110000000111011101101111011010011111011011111111111
10000000010011111111011101001010000110010010111101100111101111011010100010100010110011011011011111011000000101110001011101000111111111110001001011100000001
11011010111011011100000101101011110111011010001111001101000000011011110110110111110110011001000011001110101100011111110111010000110101111011100000001111111
10010010100010000001010101101111100001111111111000011000010101010000010110110000010111011011110111111000111001000001110110011010000000011000101011011100011
11010110110110101011010101111000001100000101111111001101010101010111111111100101111100001000010001101101111101101111010111011111010111110011111001000001001
10010100011110101010010101011111101101101101000110011111010101110111101011101100011110101010111111100101101101100000000001010001011111000111011111011011101
10110110110000101010110101001011001100111001011111000001010101110000000000111101110000101010000010101111000101110111010111000111111101110010000001001110111
10010111111101111110011111101010011110000011000001101011110101000101011111110101100110101110111000000001110000010011110001110010110101100110111101011100011
10111101101001010000111010000000111011011000011111001001110101101111000000000111110111100110001110111011000101011000110111111110010000001100011111000001001
10101101000011000101100000101110001011001101000001101100010101001011101111111110110011001111100110001110011101011101110000011011000111101001000011101101011
10100101110111101101111011101000100001101101101011111101110111100001100111000000011001100110001100100011011001001111010101000000010000100011011001100111001
10110101111110001001000000111110101111111000111001100000011110101011110000011011111101110110111110111111001101100001011111011111010101111111110011110001101
10100000000011111111101011100000100000011101111011111101111000001111000101111111101101000110110110010110011000101100001111000001010111011101111110110111101
11111101011010110100001000111010110110110101100001100001101110100101110100010100100101101110000011000010111101101101100101010111110000000001010100111110111
10000001010000000001101011100010110011110111001011110100001100110001011101000101101111001100101110010111100001111100110001010001100111111111000101100000111
11010101111111101100111111110110111011010001101001011110111111110100000101010000000011011111100011010000111100010110110101111111110000000000011100101111101
11010101101100001101100100000110100000000111001011000000010100000110111111011101111001110010001111011111110001000011111100000000110101010111000001101010101
10010101000001011111110001010011111010110111011001101011000111010100000011001100001100011000100101000011011011110111000110101010100111110011110100000000001
11011101111011111000000101111001011011111100001101101001101111010110111011011001011111111011110100010110011011000000011111101011110000011000110110101010111
11111001000010101111010100001100011011101110101100101100111000010110011111110011000000001110000101010000110001101101110001101111100111110011110010101110001
10101101101010101010011101111110111000000111111110101001110010110011010110100110010101111111110101010101111101101100000111111110110000011000011011100110101
10000001001010000000110000011010101010110101011110101100011010111001000010111111011111110000110111011101101101100101010000000000110101011011111111101100111
11101011011111010101111011010000001010110000001100100110110010011011011000000011000000000101100011011000101111101101011011111011110101011000010100101110001
11111111111001111100011011110110101011111010100110101100011010110001001010110111101110101100111001110010000011001101111000001000011111011010110001101000111
10111110101101101001001110100110101001100010101111101111111111100101101111100101000110101101100011000110101111100101101111111101001011111010110100101010101
10101010101001101101011100001100101101110111100100101000000000001101100000110001010010101100101111110010100001101100000000000101100001101010000111111010001
10000000101100000001110001100111101111000100110001111111011011100111110111100101110111100101111110000111101101001110101101010100110101001011010001011110101
11011010000001101100011011001100000001010001100100011000010011001100000000110100110011001100000011010001100101100110101101010101100100011011010100000010101
11111111111111111111111111111111111111111111111111111111111111111111111111111111111111111111111111111111111111111111111111111111111111111111111111111111111
