1111111111111111111111111111111111111111111111111111111111111111111111111111111111111111111111111111111111111111111111111111111111111111111111111111111111111
1010101011010101001101100110101000110011001001101010000010100110000010101100101100000001010110100110000110101010100101001010010110010010011000011010101101101
1000001010000101011001110110101101100111101011000011111000101111101000000110000111010100000010101110111100101010101101101011010011000110110011001010001101101
1111100011110101001101010100001100001101100001101001101110000001111111110011101101111111111010000100100110100010100101101011010110011110011001100010111001101
1111111011100001011001010101111111101100111101111100000111110111010110011011100000101011111010111101101100111010101100101011000110111011000011111110011100101
1000000000111101011011000000001100000001100101000111110001110110000011011010110111101000000000011000001110111010000110101011010110000000011000011010110110101
1101111010000000010001110111111111101101110000011110111011000111011000000000100001101111111110111011111000101011011100000010010100111101011111111000010100101
1001000010101011000100100011110011111101011011001100101011110011111111111110110111000010110000101010101110001010001001111010110110000101000001101011110110001
1111111011111111011110001110011010000001011111100110101010010110110110110100000101101000111110101000101100100000100011111110111100111111111111100001010110111
1110100011000000000111101010110010111101001110101100001011000010100110100111011101111110011010101010001101111011101111000110011001111010100000101111010110001
1000001011011010101100001010100111101000011000000001100000011110110010110000001000110011010000101011111111111110001110011111000011100010001101101000010110111
1101101001111110101111100010101101001111011111111111111011011010111000000111101010011011011110101001011110100011101011001011111010110110111111101011110000101
1001101011110000101000111000101101011010001010000110011010001010101111010110001011011011000010101011001100110110101011011010101010110000001011001011011010001
1101111010000110111110000010001100001011101000110000111111101010101111111111101111011001111000001001100110100000000000000010101010010111111001101001011011011
1001000011101110100111011011101001100000101111111110000011000000101001111100001101011101101111101011110100111111101111111110101011000000000011101100000001011
1111110110001000110000010010000011110110100001101111011111111110101011010111101100010101101000100001010110101010100000101010101000011101010111001101111111001
1111000100101101111111011011010110111110001101000000011010100000001011000010000111010101101110001111000110000000101111101010001011001111111110011101110101111
1001101111111001000000010010011100101000100111111011000000001110100011111011110000000101101111101101101111111110100010100000101011100110101011010100000000011
1100111111100011011110111111111110001111110010100010011101011111111010101001111011110101101010001000000101000110110110001111111010110000100011000001010101001
1110001100101011111011101101000011101111010110111111010001110000000000000011010010000000100011100011110001101100110010111010110000011111101110011111111111101
1011011110111110100011100101111000001000010110101111111111000101010101101010011111111110110111111010010111000110110110000000110111111011001010110001100010111
1001011010011000110110110101101111101111010000001010101001110101010101001000110100000000000110111111010001101100000011010110100000101000011000000111001110011
1100000000111110100000010101001000100000000110100000000011110111110111101010000001010111110110101100000111000001011111011100110111100011110010111101011011001
1110101010010110101011000101101110001011011111110101101001000110000000111111101101010100110110000111110001111111001010000111110101110110011011110001001001101
1111111110110100111111110000001111111010011000000101111100010100101111110100000101011110000111101101100111000000011000111100010000010100110001010111011011101
1101110100010110110101111010100001100010111111010111000001010111111110100111010111111011110100000100110001111111001101101111010111000001110111000000001010101
1000100001010100000001011111111100001010001100010110011011011100000000110111110011000000000111110110011100110110011100100110010011111111000000011110100000001
1110111011000001010100000001011001011011111001011111010011111111111101100000000110010101110010000011011110000011010101101111000110111100011111110111110101011
1110011110011101011110111100000011110011001011010000011010110101000000110111011111111111111011110110010111110110010100101010010010100111011101010001011101011
1010110100111001011010100001101010000111100011011111011110000101110110000100011011101100000011000011010101000011000101101000111110101101000101010111011111001
1000000001101101010000110111001111101111110111110000010100110000000111110101010010101111111001111000000001111011110000000011101100100101011101010001000011011
1111101111000101111010011111011100000011000110000101110001111011010100000111111000101010111100000011111101011001100111110111100110101101010101010111011111111
1000000001010001100011011000010001011001101100110111110101010011111111111110110010000000000001011110000000011011110110011110101110100000000000000000000000001
1110101111110101101011010010110101001100111001111111000111011000110000000000111111101010101111111111101101000001010110111000000100101110111101110101011011111
1000111110100101111111011110100101011111111011101101111111000011100101010110000000001111111000000000111111110101010000101011111101101011110000111111111110101
1010110000001111010100011111110101000011000011000001111101101011111111111111111111111100000011111010010100000100000110000000101000000011011010101010110100001
1110011011101100000110110000000111011011101001101100000000101110011010101100000111011001101011111111000110111111011111111110000010110110011110000000010101011
1000110010001111110000111101110110001110101011111001110110000110110000000111110000000011111110000101110000110000000000000110111111111110110110101011110101111
1110011111011011000110100001000111011100001110011011111111101100000101010010000111110111010011110001111111111010111010111100000011011010000011101001100000101
1000110000010000010011111011010001111001011000110011000010001001110111111011111110111100000110000100011000011110001110001110111000001010111000101100001011101
1010011010110111010111000001111011000011001101100111101011111111110100101010011000001001010000101101000011000000100010100010011011100000111011111111011001001
1011011111111111111110010101000001101001101000001111111010110000011110000011011111101111111111111001101001111110101010101011001011001110001000010011001100011
1001110101010000101011111111101011111111111110100011010000011111011011111010000000000110101010000011001101100000101110111001011111100110101011110111111110111
1011000000011110000001101010001011000000000010110111010101001010000010101011011011110110000000110110011001111011100110001111000001111111111000000110000110101
1001110111010000101100000000101111110111111011111100000101101000101000000000001110000000110101111111001101000010001111011111101100001011011111111100111110001
1100111100010110101001111101101100000110000001011111110111101111111111111111011000110110110101100000011111011110101100000000111110100000000000001110000010101
1001101111000110111101000001000111101111111011010000010111001011110110100000011011110100110100111010110000010000100111011110010010110101010101111000101011101
1111000100011100111111110101011100111101101011011110111101101010100000001011011111000110011110100010011101011010110011000011000110100101010101010011111111111
1110010111011101101100000101111110011000000000000000011000000000001010101111110000010111011000111110110001010010100111111110010111110111011100000111000010111
1011010000000111000111101111000011000011111011101011010011011111101010101000000101010101111010100000011101111011110000001011110000110001011001010000011110001
1011110101011111110001111011101011111111011110001110000111111111001110101101101111110100000011111111111111110001100101100001111110110101111101110111111110111
1010000101001101011101011010111000101101001111101000110001100000011000101000111100111111010110000011110111000101001101101100011111110101111111110000000000001
1000111101011101010000010010011110000000011001111111111011001011011111111011110110001011110111111000010101101111011000101001000000011111011010010101101101101
1010100001010000011111011000110100110101001101010000010001111111010111111110000000100010111100000011000000001100001101101011101111111111001011011111100100111
1011110101010101000000010011110111111111100101011111011011110100010000101100110101101000001111111011101011100110101100111000100010110101011010001000101110001
1011010111010111111111011010100101001011110000010110011111000001111010000001100101001111101011000000111111001100111101111010110110100000000000100010100110101
1010000001111110000011000010110101100001000111010010110101101011111111101100111111101110000011110101111000011110011001100010110000001101010101101111111100101
1011011111111011111000011000000000111101111100011000000001111110011001111110100010111011111000000101101101110110111101110111100111011001010111000001011110101
1001111011010001100010111110111101100001100111000011110111010110111101011011111010110000000011010101000000000110001101000000110111111111011111101111010111101
1011000000000100001111111111101001111101001101111110000100010100010100011001100000111101101010010111110101010100100111101011100000001001111101100011000001101
1010011111110101011101011001100011010101101101011111010001000001110111011100111010000111101011011110000111011110111111111000110110111011110001101000010100111
1011111101000111110001011100001000000000001000000000011101111100000011010110011111110000001110011011110011001100001101011010010100000001010111101010110110011
1010000000011110100100010111101101010101100011010101010001000001101000000000110101000110101111111001100111011101011000000010111110101100000010111110010111001
1011111111011100111111010100111101010100110110011101011111110111101101011110110000011100111011001011001110000111011010101010001100111001111110000110111100011
1110110011110110000011000110011001011111110011011001011000000111001111110110000110110001100001101000011010110110001011101010100110111100000000101110001111011
1100000110100011111010010111000011110000000110011101010011101101111000000000101110011100111100000011000010011111111011001010101100000111110111111100100011001
1001110100001000000000110011101001100101010011110001011010001000000011010110100011011001100001011010010111000000001111101111100111010000010111010101111111101
1011000110111011111010011000001111001101011011000101011011011010101011110110111110001101001011111110110001101010111111100001111100010111110000000111011110001
1111110100110010000010111101101000011001110011111111111111111111111010110011100000111111101110000000110111001110000011001111000001010000011011111110000010101
1101100001111011111011110111001011001111100110001010101100000110011110000111111110100010000111011101100001101100111001100001111011010110110000000000101111101
1001001011111111000010000111111110011110110011101000000001110011010110101100011000111000111101001111110111111110011011101111000010010110011010101110100011001
1101111010110000010111110000110000110000000110000011111111111011000000111111000011100010110101011000000000011000111011000011010111010110111110100111110111101
1000000000011111010100000110011110111011111111111011000110000000010110110000011001110111100000001101110101011010001011011001110001110110001100110000010110001
1101111101110000010111011111000000100011111000000011010000101101010010111011011111010100001010111100110101111111011011011100011011000111011110110111111111011
1001000001111111111111011000011010101110000010101111010110101001010111100010001100000111011010110001110100001110001111001110110001110001000110110000101101111
1111011011001000001100011101010011101000111010111000011100111101110000111010101110110100011011111011000110111010100001100110010101000101101111100110000000001
1000010011101111100001001101011001101010110010110011000111111000110111101110101000011110110011000001010110010011101101101100111101011101100011110011011111011
1010111110000000001101011001001101101111100110111011111101101110110110000000111111111000111001101011010111000111111111101110000111011000111000110111000101111
1111110000111010101101011111111101101111110111101110000000000000110111010101110100000010101111111001010011010000010011000110101100011010001010110001010000001
1101000110001111111001000110101001111010111101100000101101111101100001110101100001110110100000000011111011010101000111101110111110111111011010110101111011111
1000011111011001011111011110000011000000000000001101111001000000101101100111101011000011111011010110000011010101101101101100111110110100001111100100001000001
1010110000001100000000011011111111111111111011101100001101101101101101110110111111110110000010010111110110010100101000100110001100110001011100110111111110101
1011111111011110101010111010101101011011000011001111111111001101101111000110010100000011010111010101110111111101100010110011011001100101000001100001010111111
1011000000001100101111100000000000000001111111101011011110011000111000010011000111011111010110010101000000011100110110011110001011001101011100110100000011111
1111111101101111101000111110111111110101011110111000001100111110011011011011110000001101010011011100011011000101100111000011011001101111011101110111101000101
1000000001101000001101101111110000000100000010111111100001100000111111110010000110111100011110010001001011101101110100011110011111000110000100010011101110001
1101101100111111111000001011011010101111111000101010111101111010101100111111101100000111011000111101101000101000010101000011000001101100110101110110100011101
3001101110001110000010100000001011101000000010000000000000001110100110000100001001010100010010100001101101111101110101101111101101100110010111110100001111001
1011111011111010101011101101100000111101011011111011010110101000110000110111111101011101011110110111001001010100011101100001100111110011010000010110100001101
1110100000000011111110000111001011100111001111100001110011101101111010100000000001001101111000100001101100000111111001001100110000111001010101010011101101101
1000001111111011010111011100011000110000011000001101100111000111101111111101101011101101000011101011001001111111101111101101100110100011110111110110000111111
1110111110111000000000011111001101100101111111101001101110010110000000011111001001111001010111001111111100011000100000111101101111110110000001111100110000001
1000100000000010110110110110011101110101100110001101100011110111111111010111101100001101110100011000100001000011101111100001100011000111110111011110100110111
1010101011111011100110100011111001000111110111111101001110000100000110000000001101101111111101001110111101101000000011101100101110010001100011010110110110001
1111111010000011101111111011101101101100100000000001100011010111110000110111011000101011000001101100000000111011011110101001100011011011110110000110100111111
1111111111111110111100000010000001100110001101011101101001010111011010011100011110101000010101111001101101100011011110111100101001010000110000101100110000111
1010101111100000000001101000101011001111011001111000101101010100010010111101000111101101010101010011111000111011000000011001101101011010110101100101111011101
1000001010001011011011001010101111100011111101100010101101110111000110100001101100001001010101011010010010011001101011111111001101011010110100110111011000001
1101100010111001111011101110101100110110000000110110111000011100010100111011001101101101011111000011000111001100111000000011011001111011100101111100000011011
1111111000100011000010111000111110000011101101111100011111111111010110110001100100100111111111110110010001011110001010101111001100110011110100001110101001001
1011011111110111101110111010011000101111111111101101000111100000010111111101110110101100000100000100110101001011011111100001011001111000110110100110111011101
1000000000000010111000000011010010111000111000000001010000111110110100000000110100100111110111010110110101011010000001101011111101101011100100101100011001101
1011010111111110110011010111111010100010000011101101011011100000110101111101111101101100000000010100110101000010101100101011110001100000110110100111001101101
1001111100001110100110010100000010110111011010001001011111111110111111110000110000101101110101010110011101101010101101111001011011001101100100101100011001111
1111101111100000001111010110101010011100011111101011000110000011101100000110011011101111000101010100110001101010100100001100011111100111001101111001001100001
1111000011001010100001111111101010110001001111111010010111011000000111110110111001101000010101011110011100101011101110101101000000110001111000001101101110101
1001101000011110101111000010001010110101111010000011011101111111110101000110101111111111011101011000111001111011000110101001011011111011100011011111000110111
1100001010111000100011011000101110110101100011111001010001101000000000010110000000010111011001110010001100001011101111101011110011000000111011110100010100001
1110101010100010101001111110101100100101001010000011111100000010110101010011010111110000001100110110111110101110000000111000111011011011111000000110111110101
1000101010101010111111100000100110110101101000101111111111010111111111110110011100011101011001110100011010111000101101100010011011011001100010101110100000101
1110101010101010110000001010111100110111001101111101010111111101100000000111000111011111001101100110110000001010100100111010110010001100110110101100110101101
1000111110111111100101011110011111100110011111000000000101101000001111010001101100000000011000110100011110111010110110001010011010101111100011100110011101101
1010110111100000001101010100110101110011110000011011010001000010101010010101101111010111011010110110111100001010110011101010110010101010111010001111110001001
1011100011111111100101010001110000011011000101010010011101101011111000110101101011110100001010110110100001101010111000101011111110100000011010100001011101101
1111101000001000001101010101000101000011010111011010111100001111011101100101111010100111101010100110111011101010100011111000001100101011001110101100000111101
1000001011100011011101110111110111010111111100001111110101101000000000101111000000001100001011110110110000101111101011011101011110111011100110100101011110001
1110101110001011011001110110111110010110110001011100000001101110101101100001111101101110101011000011100101100101001000001101010000011010110110101111111100101
1111101100101011011111010100001011011100000101011001010101101100111100101011000001100110101011101111101100101101101011011101011101010000110110100000000101101
1000000111101011010000011111100011111101111111011101111101111101100001101011011011110111101110001000001101100000101001110101111111010110110100101010101111101
1101011100001011010111001000001000110000111100001101000001011000101011001011111000011101001100111010101100101101111100000101000000010011111101101010100011001
1111111110101111111111100010111110000101100001111111101011000010111001111110100011110000011110011010100110101100110001101111111010111001111111001111110111101
1010000111100101000001111010100000101100110100111010001111101010011011000000111011000110110010110011101110101110011011001100000010001100110011100001100001101
1010110001101101111101000010110110111111111111100000111000001011110001110110000001101100011000011010001100100110110001100110110110100110000110001011001011101
1011110100001101011000010111100100010000110000001011100011011011100101100011011100101101111101110010101101101100011011101100010100101111011111101111101011001
1011000101011100000011110110001110110111100111101011001010011010001101001011111110101100011000011010101101001101010000100110110110111000000110000001101001111
1000011111111001011110000011011000010101001111111011011011001011100101011001100000111101110011110010101001011101011011111100011100001110101111011011001100111
1111011000000011111111101111111110110000011000111011011001101111001111010011110110010101011000110110101011011001111000000101011110111100100001011111100110001
1000011010101010100000001110101010111010111110000001010011111000011011010110011100110111010010111100101011110011000011111111110000011001101101000101111100101
1101011110101010001010101000000000100010100000110101011010100011000001011111011110010110000111101101101010000111111000011001100101001101101101010000001101111
1101010000101111101111111101010101111010110111100111111110110110011011111100000011000011010011000001101111010111110010110011111101011101100111010101011000001
1001011111111101111100000001111111010011110100001110110100111111001000110001011000011011111011111011100101110011000110000110101101011001101110010111011011011
1101111111010000000001111100011000000111000101011010100110001100011011111111111010111110000001100011001100000110010110110000000101110011000010110111011011011
1001100000000101110111000001001111111110010111111010110000100001001111010000100010000011110100110111101001101100110010110111111111111011010111100001001011001
1101101010101101000001110101011000001010111100100000000101110101101100011110101110101011000110110110001011100111100110110000000000011001010001101101101001101
1000111111111111101101000101011111100000100110001011101101000101000111000000000011101001110010100011101000110100001111100110110111110011011101000100101011001
1101111111100011000111110111110111101010001111011011000101010101101110011011011011001011000110101000111101110110100000110010100000011011110001101110101001011
1001101010111000011100000001110000001011011100011001101101010101101011010011011001011001110110101101100001100011110101111010110111011010011101100010101011001
1101000000000011011001101011000101011010010110110011001101110101101000011001110011011011000010100111110111110111010111010011110011011000110000101011101001101
1111111110110111001101111111110111011011010000011001100111000100111111001100011001011011010110111110100111111100000000011010000110001010111010101001101011001
1010101111111100011111010000000100001111011110111011101111111110001100011001110011110010010110001100110001101111011011111110110011011010011010101111101001011
1000000011101111000110000110110101011110011000001110001000111010111111001100011000011011010110111110010101100000011000000010100110001011011111100000111011111
1111110110000010010011010100011111111000111101011000101010000000000110011110111101011001110010000111000101110101011010111111110011011011000000110111110010101
1111000000111000110110010110111010101111100001001010111011010101011111111010011001001111000111011100010111000101001010001101000111111011010110100000011000001
1000011010100010110111110100100000000000001101011111110011110111001100000000111101011100011100001110110100010101011011011000010000101111010010110101110010101
1101011111111010011101100111111111101110101111001101011110000110011001101101101111000110110001101000110111010101001001111011011010000110011010110100011010101
1001110000000010111000111110000000000111101000011000000000101100111101001000000110010100110111001101100110010101011101110010010011011100111110011101111011101
1111110101101010100010001100110110101101001101001010101101100110101101011101101111011110011111011111111111011101000111000110111011000110000110110000001010001
1000000101001011111111100001100100101100011001101010111101110010100001010000101100001011111000011001100000010001010001010010011001101100101100110101011010101
1011010111101011011100001100110101100111011101101010011000111011111011111011101101100001101111010011001101110101110111011011011011111110100110010101111111101
1010011110101110000001100110011101001100001100111011011011100011010000101001101101110101100000000111100111110100111111110011001000000110101100111100001100001
1111011100000011111101001100110001101001101110011010001111111011000101101011001100011101110110101101001100000110000000011011101011111100100101111001011110102
1001110001101111111001011001111101101100111010110010111100000001101101000011100101001111000100100001100101011100101010110000101000110110101100110011000011101
1100000101001000000011001101100001001111111000011010110001101011001101110110101101011000010110111011110101111001101111111011111010000010100101111001101110001
1001010101011111101010011000110101100111001110111010100101001011101101100110000101111110110100001110100111000011000101010000110011011111101101100011000010101
1101010101010000001111001110110101001100011000001111101101011110000101110100101100101000110111100100111111111001110000011010011010000001101111111001010110101
1001010101011011011000011000010101101001000010100110001101001100101101000110100110100010110000110001100000000011000101010010110010101100100001100011010010101
1111111111111111111111111111111111111111111111111111111111111111111111111111111111111111111111111111111111111111111111111111111111111111111111111111111111111
