11111111111111111111111111111111111111111111111111111111111111111111111111111111111111111111111111111311111111111111111111111111111111111111111111111111111111
10001011001010000000001101001010100000010011010101010011010010101100001100001100110001101101011011000010100100110011010110110010011001010000110000001010011001
11100001101011111111101100011010101011000110000001010110011000001111101111101001100111001101010001111010110110110110000110011010111011000111111111100010110011
10001100000000000101101101010010111110010000101100000011001111100101001011101011001101100101010111000010000110100111101100110000110001011110110100001010111011
11011110101011110101000101110110110111111110100110101001101010110001100000000010011101001101010101111011101110110101101110011101111100001010110111111010101001
11110111111111000000010000110000110001001111101111111100001000011100110101111000110100011100000001101011101010110001100110111100110101111010110101010000101011
10110101010000010110111101111101111101100011111111110101101101110001111111011010010101110101111111000010101010111101101110010110010100110000110101011110100001
10000000000101111111110100101000110100101000110110100111100000110100101011011110110101010100001101111000000000011000101011000111000001100111100000011010101111
11111110110111000000000110101011110101111110010000001110101101111110001010001100000000010101111001101111110110111110101000011101011111110010111111011000000001
10000000100001101101110000000011000001010011011111101100111001011111101000111001101101110101100011000111000110111110101011111001010110100110011010001110111111
11011110110111111111111010101001111101000111010101000110011101010101000010101100111000110101101000011101111100011010100000001100010010110011010011100110101011
11111111100111111010000010101100110101101100000000011110110000000001111110001111111110000000111111001100111110110000001111011101000110100111010110110110100001
10000000001101101010111111111110110101001101011011001100011110111101010111100010101011011111111101011001100000011111011111110111110010101101010110000110001111
11101111101000000011100000000000010101011111111111100111001011111101010100001010100011000000101001011011111111010110010000110110011010100101000011110110111101
11111101111101111011110101111111000000000110101101110111101011000001010111011000111011011111101100011001101100000011000111110100111010101101011110000110010001
10010100110111000010111111111111111101011100000001000000000001111100010111111101100000001110001111001101101111111000011101100101110010101100010111101100110111
11010110110011101000100000000000000001111111111101101011111011001111010101000000111110111011101011101100000110001111000100110101011000000111010011000110010001
10000000011010111110111101011111111100100110101000111110100001011010000101111110111000000011001010001001111100111000011101110000011011111100000111110111010111
11111111011010011000000111110000000110101100001010010000110100001011110000101100101110101011101011101100001110101111001101011101110010100111110010100100000001
10000000011011011111110111111011010110000111101111011110111101100011111110000110100000111110100011000101111010101100011101011000011000001101010110110001011111
11111111000011000101010101001111110111011101001100001110101111111000010111010000101010010110111011110000011000101111000101001101110011101100000010010111111101
11110101011001110100010101100110100010001101100101101010100111011111010010011110111111000110110000111101110010000110011101101100010111101001111010110110110101
10000001111100100111000000110100111011101001001111000000001101000001011011110000110101011100010101100101011111101111011001001101110010101101000000010000000101
11111101100110001101111110110101101010101101100111111101101101110100011000100110000000000110111101110100001110100110001100011101100110111111111011000111101101
10100101110011101000011100100001000010101101001101011001100100111111001110001100101101101110011000000001111000110011100101000000001100110011000001111100111101
10110000000110000011010110111100011010101001100101001101110001101010011011111101111001001100111111011101001110100110001111111110111101110111111011101101110101
10011111101111101111000000011111010000101100110001100101000111100011010010110111001111011110110001010001011010110011011111110100010100100101011001001101010101
11010101101010111101111111010101111110001001111101101111110000111000011000110010011000011000100111111101011000110110000101000110110101101100010011011101000101
11010100000010111000000101000001110000100011011001000110000111101111001011111010111110111101101100101100011110110011011101110000110101100111011001010100011101
10000111111010101111110101111101011101111001011100011111110110101101100011101000001100101001101001100001001100000110000100011110100001101101001101010101110001
11011100110000101101000000000000001111011101010001000110110110101001111010101110111001101101101011111111100110110011011101111010101111101001011000010101111011
10010110111110001101110101111110100110000000011111101100000000101100111000001100010011001001101001100110110000011110000000110000101110001101001101110101010001
11010100010111101001010111111000110000101011011010101101111011100110101111101001011001101011101100110100110101001000111111111110001010111001011001010101010111
11010111010101101011011110001111111011101110000000101111011001101100100101101101001100000000000110000001100111101110101110011000111010101101001101010000000001
10000110000001001001011011100111010010001000111010001010000011001110110101001111100111011111111111111100111110100000001010111110110010101101011001011011111101
11101111111101101011011011001100000111011011100010100000111001101010100001011010110110001101011001100001101100111111011010110100011010000101001101011000111111
10101101000000001010001011101111111101110010001111111111101101000010110100000000000000101100001100111101100110110000011010110110111011101101011000000010000001
10001100010101100000100010100001110000000110101000010100000000011000111111111111111101101001101101101001101100011111011010110000110011000001010011011011011111
11101111111101111101111010101111011111011100111111010111101101111110101100000000000000111101111101001101100111010000011000111110100110011111011011111111000001
10001001101111010000110000000110011011111101110100000000111101101100000001101011011110011000011000011001101101010111001101101100001111011001011010110001010101
11101100000010000111111111101111011000100101010111011110000101100001101101111111111100110011111111011011001001010011100100101110111010001100000000010111111111
10000111101000101100000000000011001110101111010101111000110000101011100111010101100110011000110101011001101100010110001101100010000010100111011111000001101011
11110101001101101101011101110111011010100110000000101101110111111010110100000000110011011011100100001100100110111100100000111010111111101101000001110100100001
10010101011101001111110101000010001010101111111110000111011111111110111111101110000111010000110111100110101100101001111101100010101011000000010100011110101111
11010001110111101010100001011011101010100000111111110110011000101110101000111111110110010111110100110110101001101101000000001110100001111101111111001011101101
10000100110110111000111011110000000000110111100011100111001010001010100011110000010011010101100001100100101011100111111111011110001111001101101011100001100101
11111110100110110010111110111111111110100011110110110011011111101000111000011111011011010101111100110101101000110010110110001011011001101100000000111100101101
10011010110100011110101100001010011000001110100000000110001100101110011111011010000000000001001101100001101011100110010010111011001101000001011110011111101001
11000000000111001100101111101010111111100110111111110011100110000110110101010000110110110100011000111101000000110011011000100011100101011111000011110011001011
10011111110101011110000010100000101010001100000011000110001100110000110101011110100110011110111010001000011111100110001110111000110001010011111111100110011001
11111000000000000111111010111110101011100111111001110111011111100110110000000011110011011010101111101110110101110011011010110010111100000110110110101110111011
10110010111010111100000000101010101001110101001011000000001000110100011101110111111011111010001100000000110100110110000000011011101101111100010010100010110001
10111111111110110111111110000000001101010001101001111111101011111111000111100010100010100011100111101011100001100011111111010001100001110101110110101110100101
10010101100000010101000000101111101000000101101101100110000011000001110010111010111110001000001101111011001111001110101010000111111101000000110010100110001111
10110100111111010101111110111100001010101100100000110011110111111011011010101010100011111101100000010001101101101010001010111110111000011111110110101110111011
10010110010101010101100111110111101110100110001010111011010111101000000000001000101111010111111111000100001101101011101010101100101110110000100110000010101001
10110011010000000001110011010011001111111111011110101011010011001111101111101011101110000010001111111111011101101010101010000110100000011110001111011110101011
10110110011111111101010110011010011011011111111100000000000110011011111111000001101010101000100001100111010100101010101010110010111110110100100110000000000001
10110011010110000000000011001000111011000110101001010111011111011010110001111011101011111101111101101101010110001010100000111000111100000001101110111111111111
10100110000111011010111011101110101011101100000011110110000110001010011101000010101001001111000100001000010111101010111011101111100110111111111000000000000001
10110111011101111111110010101110101010101111111110110011010000100011011101101000101101011010010001100011000101000010011010101110110000000010111110111111010101
10010100011001110101011000001000101000000101100000000110010111111000000001111110101000001011110111111111110100011000110000000010011110101000001010100001111111
11010111011011000001001101101110000010110000001111010011010110000011111101010000101111101010111111011101010111111011110111111110110000111111111010101111111011
10010100011001111101101111000000110110110110111000010111111111101010001000000110101101101000011000000000000100101001100000000110111101110111101010000011010001
11000110110011010000000011101010110110110011110011011111101010111111101101101100000000000010111111111111110110000011001101101100010101010000100000101111010101
11110000111010000111110110001010110011110111000111010011000000010101000001111110111111111011110110000000000111010111101111111111000000000111101111111101010111
11111110101011111110000000101011111111100100010100011000010101010100011011010111110100000001100111110111110000010110100010010110011101010000000011100000000001
11010000000000111000101101111110000000101101011111111101011111010101111111000011000111111100110101111111111111010010001000110100111111010111110110110111110111
10000111111011101101111001000111111010001111110000110111111010000111001101111001110101110001100100011000001011111010111111110110000011111100010100010000010101
11101100000000001100001101110000000010101000111110110110110000110011101101011011100101011100110110110011100010101000110101100100101001101001010001000110111101
10001111101010100001011001111010101011111010010110110100011110011000001000000000110101010110000000010110111000001010110100110001111111000011110101110010100001
11101000001010110111011101001111111111001011010000110111011011110011101011110110000000000011111010111100001111101011110001110111010110011010111111111110001011
10001101011010011111110111100101001101011111011110000000000001111110101111110111111111111010111011101111101010101001010111000100000011001110101011011011101111
11100111011011111101110110110000011001000110001011111111110100000100101100000100000000101000000011100000000000101011010001010101111111100100000011000000100001
11111100001010000101010110111111001101011100100000000011011111110110000001011110101110000011011000111111111110001000011011011101010111101101111001011111111111
10100110111111110000000110100100011001010101111111011000001100000011101011111011111000111111111011100000000000101011110010001000000011001100011100011010111101
10110000110101011011110110110111011100000111111000011111101111111000001111000001011101111110110010111101111111101011011000100010111111011001110101000000000101
10011101100101011010000000000110010110110110100010110001100100001111011101111101010111000000011000110111011011101000001101111010011100001101000111111111111101
11010000110000001111101111010011010111110100111110111101110111100001111000111000000111110111000011110110000000000011111100011111110001100000011110111010100001
10000110011111100110001000011000010101010101100111100001000111111011001101101111110100111100011010100100111111111011011001010101011011001101000000100000001111
10101100111011101111101111001111010000000000110101111100011100000001101000000011100001101111110010110111101101011010010011110101010001101001010111101111111111
10111111110010100101111011111000000111011101100001011001001111111101101111111010111100000010100110100011000000000000110110110100000100101101110000100000000001
10000111011000001101011000101011010111111000110100000011100000010001000101110000000111111010110010110111111101111110000000000001111111101100010101101111111111
11011100000011100000000010001010010100101101100111111111111111011101110001011111110100000000111000110101100001100000101010111100000001111001110100100000000101
10011001011010001011111011101111111110000101111101011101000000000001100100010100000111111110100010100101111101001010111111111111111111011100110110001111111101
11011111010011011010000011000101101000110101011001010101111011111100111111000111110110010000001110110101011111011110000100100011111110000110111100100000011101
10010000011010010011011011010000000010110001011101010100011111111110001011011101010111011111011000000000010110010100110001101110000000111100000101101110110001
10111111010011010110010010011101111110100100000000000101110000000111101000001000000101010100001101011011000000110001100100000000111111101111111111101111111101
10100000011010010011011011011001000000111111101111110100011111110101101111101111110001010111011111111110011110110100110101010101111111101001100011000000101001
11111101110011111111001110001111101010100000001110000001001101000000000000000000000100000110001010001111111000010110100101011100000000000011001111101111101011
11011000011011101010011111111000101111111110101000101011100000010110110101010110111111010011011000100000000010110110110111001101111101011000011110100010100001
10000011111010000000110000111110001100000011111110101010111110110110100101111111100000011000001010111011110110110110100001011000001101011011110000111000001011
10101000001010101010111110000111101111111001010000101110100000100111111101001100001010111101011111111111100010110110101011011110111001110000010111100010101111
11111101111011111110100011110001111000011101011010101100111010101101011111100001101110101001011000001110001111110010101010001100001100010101000000111010100001
11011111011111011000101000000111011111000001001111111110011111111101010110001101001000100011001111101000100001100110111011011101011111110101111111101110111101
10001011010110000010101111110000000101010101101101111000110101010101010000101111101101101011011000000010101100101110011011000101001011111100000110101110000101
11100011000011111111111111111011110000010100001000101110110000000000000110111000001000111111001111110110101001111000110011011111100000000111110000000011011111
11111011111010110001000000011111111111111110101110001010111111110101101100110011011101100000011111000110101100001101100111000000110111111111110101010110000111
10000000000000011101111111010110001101101011100010100000000000000101001101111111010101110101010000010110111110111000110100010101110000011000011111010011010001
11011110111101111101100000010000100000000001111011111111110110110101101111110101110001000111110101010011110000011101111110111111000101000010111011011111111011
11111000100000110001111111011111101110101100000000000000000100110101111010100000111011111110111111010111000101001100011000000011111101101110000001111000101111
11000011111110111101011000000000001000111101110110101110110111111101010000001110101110000000011100010001101111011001011010101001100001100110110100100011100001
10010111011010000000000011110111011010100001110100101000100100001111000101011110101000110111010111110111001100001101001110111111111011001100110110001001001111
10110100000000101101011010000100011010111011000110101101110110100001101111111010101111111100000101100001100111100101111000000011000011100110011111111111011101
11100101110101111001111111111110111110100011101100101000011100101011111010100000001011011110110000001011101100001100001111011111111000101110111000000000010101
11001111111101001111101101100000101100101000111110111111111111111001010000001111100000010100111010101110000111011101011000000010111011111000000010110101000001
10011000001000011111000000001101101101111111110010110000010001011100000110101100001101000001100011100110101100000101001101101110000000011111010111111111111111
10111110100010110000011011011111100001010001011011111101000100010001011100111001100111111101111001101111111001010101011000100010110101000110010000000000000001
11101011110110111111111110011000001101011100010001101111101101000101011110111011101100111100001101000000001011010101001101111011100101111111010111111101101011
11101011000011101000000000111111011111000001000100001010111111111111110111101010001110000110111001101101111010010101011000011011001100000011010000000100101001
10100001011110000010110101100000010011111011110101100000000000000000100011000010101000110000001101000100001011010111011101111111100110101111110101010101111011
10111011111111011111110101111110110110111110011111101101101101111010001000011011111101100110111101010110111111110001010000000001101111100000110101111111011001
10000001100001110000000111010000100110101111001000000111101001000011011110111111010111111110000101110010000110000111011101101101001000110111110100101000001101
11011101001101111111101100000111110110101011100010111100001101010111110111101100000010110000111100111010110011110011010001101101100011110000010101100011111111
11111000011000000000001001010100000000000000001111110111100111011100000000000111111000110110000111100010011011000110010101100101101010100111111100001000000001
10000011111110110110101101111111111111011010101101010000001100010001111111010000000010000110101100001011001001101111010101101111111000110000000111111101110101
11101011000111111111111111111101110100011010111000000110111111111011000000011010111011101100101101101110011011000110011101100000001010010101010000000100111111
10001111110101101011111111010000000001110011111111010110011011110001111110110010110010000110101111000110110011101100110001001011011010110101010101110111101001
11111101010000000010101101011010101101100110000000010100110000011011000000011011111011010110100110010011111010100111100101011011011010110101011100111110000011
10000000000101101000000100011111101101001111011111110101111111011010011101011111000011110011101111110111010010001111111111011011110010100101000110000000101001
11110101101111111111110111000101100101011101111000000101101000000011110001010000011010000110001100000000011011011100000000011000110110110101101100101101111101
10111100111011010110110011110000001101110000001111010101000011011111100101111111010011011111101101010101111011110111101111011011110110100100100110100100111101
10101111111000010000011010111110111001111111101100010111101111111110110100101111011011011100000111110100001110000111111000011001011111110110110010110111101001
10000110101111000101000000000000011011010101000001010110001000000010100110100001111001000110101100000101111111101100011101001100000011011110010110010110101111
11110110000101111111101011010101011110000000011011010110101101011000001100110100000011101100101001010100101011000110110001100110111110001100110011010000001011
10000111110000111010111111110101001111111111011010011100111001010010111101110110101000100110101101110110000011010000000100110110000011100001110111111010100001
11010000000110000000000000000101011000000000010011011001111111111110100111100110111101110110100111000110110110011011010101100110111001110101011110110011101101
11111011111111011010111111010101011111011011111011001111101001100000110000001110110001100110111111110100011100110010010101110010001111011100000010011111111101
10101110111101011010111000011111001111110011000011011100000011001101100110100011100100111111110101100101000110111011010100110110100011000001011000110110000111
10100100000000011010100011000110011000000111101001110110101000011001111110101111110110001100000001110111101100100001111101100110101010010101111110010110111111
10110001010101011010101011011111001101110011001100110011111101001101011000100110100011011111101101000001101111110101101101110010111110110100000011000000001101
10000101011101011011111110001101011001000111101001111011010111111001000010101100001110011010111000010100100110000111000100011010001100110110101001101010100001
11010101011001010011010111101100001011110110001101100000000000000011101011100110100011010000000010110110110011010111110001011010101001111100101011101110101111
11110101011101011010000000001101101110000110111101101010111011010111001011001100101111111011111010010010100111111100000111011010101100000110101011000110100001
10000101001101010011011101100111111111010110011001101110110001110110011111101101100011000010000010111111110011000001010011001010101101101110101001110110111101
11101101100111110111111111111110000000011100111100111111110111000100110000001100110111101010101010001101100111111101011001101010111000101100111011000110000111
10001101110000110100100000010000111111011110110001111011010001101111111111011110100001111111111010100000110101110001011011101010110011101110001011010111010001
10101100011010100110001011000110100000000110110101000000000101111101011100001010101011010100000010110110011100000111011000111110011000111000101011010001010101
11101001001011111111011011101111101010101100110101010101010101010000000001011000101110000111011010110110110001010100010011110111011010001110111001011011010101
10001011101111100000010010001100001011101101100111011111010101000111110101011110100110110000010011100011111101010101011000000011011111011100011011011011011111
11101001100110001101010111100101101111001100110110010000011111101100000101001110110100100111011000110111010001111101001101010110001101111001001001001110000001
11101101101111111111111101101111001101100111110011010101111010111001101101100011100101110110010010110110000101000001011001110111100101110011101101100010101011
10001101101101011010101000000111011001110001100111111111000000111101001101101111101101100110110110011111101111101011010011000000110000011001100111101110111111
10101100111100000000101110110001111100000100110001111110010110000111100101100110001100110110100011011101000110101010011001101011111010111101101111000010000001
10111001100110101010000000011111100001010101100111010100111111010010101101001111101101100010101011000001101100001111011011001000101011101001100001101111111111
10111100110100111111110101010000001101110100110011010001110001111000100101100011001100110110101111011011000110101100001111101010001000001101101101000000001101
10100111100001111000000111011111101001111110111110000101011100011110001111110111101101111111101000011011010110101101100011001011011101011001111001011010100001
10110110001011000011010001110000001011011000101110111111010110110110100010011111001001100000001011011011010111111101001011011001110101111100011011001111101111
10100000101011110111111111111010101010011111101011101010000000000000101010111110011111001110101111001011011100000001011110001100000101111110110001100000100001
10111110111001110100111101010010101111000000000001001011101010110110101010010100110000011000101100011111011001011101011111101101011100011000011011001110101011
10111000111101011110010100000110101001101101101101100000001010100100101011000001100101001111100111010100010011010001001000111101000111011111110011100010101001
11100010001111011011000001010010111100001111111000111010101011110110101111010100110101011000001100000101111001010101100011100001010011000011100110101011111111
11001011111010000000011101010111110111111011010010000010111111100110111001010110010111011010101101010101000011011100101011111101010111010110001100001111111111
10011010010000110101010001011101000011011000000111101010110110001100001100010111011100001110101101110111010111111110111010110001010001011111100110100010101001
11011111000101111101011011011000011000000011101100001010100000100110111110111100001110111100101100110100010110110100011000011011111011001100001100101000000011
10000101110101100001011011111101001111011001101111011010110110110010000111101111011000000110111001110101010100000001011110110000101110011111011001101010101111
10101100000101001011010010000001011000010011001000011010100100011010101100000000001011010100110011000101010110101011001100011010000011010000001101001010100001
11111111111111111111111111111111111111111111111111111111111111111111111111111111111111111111111111111111111111111111111111111111111111111111111111111111121111
