111111111111111111111111111111111111111111111211111111111111111111111111111111111111111111111111111111111111111111111111111111111111111111111111111111111111111
101100000010101100000000011000010110101010110000110011010101100101101000011000000000010011011000010101001101100000101101001101000000001010001010011010111101011
101111111000100111111111011101110010000000011101111001010101101101101110110011111011110111010011000100011000110111101001011101011110101010111010111000011001001
101011000011101101100000000000111000101101010000110011010101001100101010110111111110110000010111101101111101110010101011010000001111111000001010001110111101011
101011111010101001111110111110100011111111011101100110010100011101101010010110000100000111110001111001111101000110001001010110100001011011111000111000101100001
100000000010100011010111100000001000011011110100110011000101110001001010110110111101111100000111011011011001010000111011000010110111011010101101101110000001011
101010101000001001010101111111011111110001100101110111110001011101011010110110101000000111110100001010001100010111110000010110110111011000000001101100111101001
111111111101111100000000010000001111011011101101100011011101001101001000110010000011111110110101101010111101110100000110111110110100010011111101000110000111111
111001010001110111110111000111011000000010101000111001011000011001011011111010111001011010100101111010000100011101111111101011111101110110010111101100110011111
101101011111010011011111111100001101111110100011111100001011000011011010110000101111001010110100011010111101111000111101000001011101110011010011000110111001001
101000001100000110001000000001100000001010101110000111101111101111000000011011100101011010110101110000000000010010000100011111010101011001011010011100101111011
101111100111110011101111010111111101111010001111110011100101000110010111010000001101011010110101011011111110110111110101111011010101001011010010110101100110001
101100001100010111001100011111000000001010111011011000001101110010111111111011100100011010110000000000000011100001111101100001010000011010010110100000110011011
101111101111010101100111110001111101111000000001011111011001000110001100011011110001111010000101010110111001001011011000001111010111111010110110101111100110001
101010100011010100110001111100110101011101111111010101001101101100111001111000111111000000101101010010011111011111001110111100000000110010110010000110110011011
100010110110000101111101001110100000000000000011000001011101000101101100110011100111110110111111010110110111010101100000010101110101111000000110111100010110001
111000000111110101010001011000110111111011101001111101010101110000001110011000001100110111111011110010000101000000001111110101111111011011111110101111000010111
100010110000100000011101011010100001111111111111110000010100011011111000111011111001100000001001100111110000010110111111000001011011000000011010100101110110101
101011111110111110111101001110101111001100010101011110110110111010101110110000101100001011111011111101000101010010000000010100000011101111111010101101000010001
111111010000011110110001101100000101100001110101011010110000110010000110100101100001111011010000101100011111111111111111111101111110100101101010000001101110111
100000011011010000111100000111011101101111100101010010111110011000101110101100101111011111000110000111111010101101011010101111001010101100101011010101100000011
111101011110011110010111011100001101000010110101011010010110110011111010000111100000000110010010110011100000000100011000000011011010100110001010011101001101001
101111010100111000110101010110111001011110110001010011000110011000011010110010001111111110111110111110101111111101111011111111010000001100111010111111011111111
100010000110101110000001000000101100010110011100000110011110111011110010111110111001010010100111101100000110110101110001110110000111111110101010110110011011001
111011110000000111111101111010001101110011011111101100111010110001011000000110101101010110101101101101111100010000011101010011010110001100001010100000111001101
111011111011110101101000011111100000110110010110101110101010111011001011101110000000000000000000101101101101110111001101010110010110111001111010101111100011101
101010001010000000101110110110001110000011000110100100000010101000011010111010111111111110101011101100000001000001111000000000111110001011100000000000110110101
101011101111111010000000110011101011011111101110110111011110101101111010011010110110010010101000001110111101011100110011111111101100111010110111101111110110001
101011001101100010101010011011000001001010101100000110001010000000000000111000010010110111111111111010001111010110110111100000000110001010000000111000000011011
101001100000001111101111000011111011111000000110110011101000111101110111100011110110100011011001011000100010000011100010110110111100111010101010011011111110001
101101111111011001111111111010100000111111101111100110001011111100011100101000110000001000001100001011101000111001101110100010100110101000111111111010101011011
100000000011111101011010100000101101101000001111110011100000000110110001111011111011111011111001011011111110011111000110001111110110100010110111100000001011001
101111111010110000000000001110000111101101100110000110001111011111111011010001101000001111001011111000110111110101101111011101010010101111110010101111111010011
101000000000011111111011101000110010100111101111110011101011111101010011011011100011100110011010110011100001010100000000000101011000000001010110000000000000111
101011011111001110000011001010011110101110000011100110100001100101011011000000001000110011010000010111110111010001110111111100001110111111010011011111101101101
111110010011011011111010011111001100001011101110001100101111001100011010011111011101111110010111110000100100000100111110101110111110011101010110000001111111101
100010111000011011000010111101100110111001001011101110100001100111001010111111011111101011000101000111101101101111100000001010110010110101010110111111011010101
110111111101001011101111101000110110101101100010101010101111110010011000000001001010000001011100010010100101111010111110111010011010110101000100000101010010001
100011010001100010111101001110110100001101111010101010101101111010110011011111111010111111000001111110101101011000101010101010110000010101011101101101000110111
111011011111110110010001101000010101111001011000001010100000101000000111111001110000011101011111011010001001000011101010100000100101000000000000100000011110101
100001011100000111011100101111010101001100001111101000001011100011110000000011010101110000000000001011101011011000000000001110001101010101110101101101110000001
111100010111110011010110000000000100011111011011001101111110111000111110111001010111111101111010111011001000001101011010101111011111010111111100100100000111011
101001000101110111010111010101110001010000001011100101110100110010000010001100000010010101011111110011101011111111110010100001110111110110001111110101010001001
101111110000000101000101111111011101110111101010110100000101110111111110101111111110110000001101100110101000000011110111110111100000110100100011011101111111111
100110111111110001110000110000010100111111100000100110110100000100000111100000000110110111100000101110000010101001011101100000001110100001101000001100000000001
110100001100000101011011111111010110011000001010001110111101101101111101111111111100000000110111101011011111111100000100110111011111110111101011111111010101011
110111100001111100001001100110000000111111111111100000001000100101100101011001000001101011111110101011010101001101101101100011000001010000101000010111011101001
100000110111111111101011110111111110101010110101101101101011110100110000000011011111111000011010000011000000011001111000110110011100010111101011000001000101101
101010000100000011101011000100110110100010110000001111111000111101100101101000000010111101000000111000011011111111011011110011111111111111111001011101101101101
111111110111111010100011110110100110101010111110111010110011101000001111111101011110101111110111111101001111100111010000011000000000000000001101000111111001001
110101000100000010111010100110110110111000101010001000110110100010101010001111001010101010111111000101011100110001010101111101101010101101111101111111001111011
100001111111111000011000110100100110110011101010111011110000001111100000111010011000100000101000011111110110011011010111000100111111111000000100000000011011001
111100011101100011001110000110110110011011001000001001100111111101111110001011000011101111100011111010110011001011000011011111111001011111111101011101000001101
110110110100001001100111110100010110110001101101101011101101100000000010111011010110101100101110100010110111011011011001000001101100001100011111111101110111101
100100110110101111110011110001000010100111000001111010100000001111111111110001011100000001101010101110000000011010001100010100001101111110110110100100110000101
110101100111111110111010011111111000110111111100011010101111111110100011011011110001011111101010000000110101000000100110111111111100010100000100001101100111111
100001101101000000000011000000111101110101100101111010000000001010101110000010111011010111000000110101111111011110101111101001011001000001110001111100110000001
101100001101111101011000011110000101010001110000001010111111111000100111011110011011110001101111111101101011000010100000001011000011111111111100000101110110111
111101100001001111111111111100110000000100011011111000000010011011101101001010110000111011100000000100000001101010101111111010010110111111001110110100010110111
110101101101100110100000000111111101110111000011101011010110110000000000011010110111101010001111111101011111111111101111010000110000000001100011111111010100001
100111111000110100111111110111001111111101110110100001111110010111111101110000000110001000111011111101000001010110000000000111100101110100001001011011111110101
110111011110000101101011010101100000001000110000001011101100110000000101011011010000100010111010000101101100000011101011010000101100011110101100011000100111111
100000010111110001100010000000101111101110100111101111001101100110111111011001010101101010000000101111111111101000111111111111101101111011100101000011101101011
111111000100000100101000101110001100000000110101111101011000110111110110000011011111001010101010111011011000111111110110000001111111010000110111111000000000001
100001110111110110001101111000111001101010000000110101011101100001000010111001011011111010101010010011001011110000000000111111010000000111111110101101110111111
111101100000011111111100111101111111001111101010000000000000001111011110001111110000001010111010110111100000000101110110000000000111111110111100000111111111111
100000101011111100110101101111000000011000001011101111101110111101000110111110100111101010011010000001001111101101100010101011011101100010010101110000001000001
111110111010110110100001000000011101001101101001100001111000000000011110000000001111111110111111111111011111111000101011111110000000001000110000110111111011111
101000110000100000111111111111111111100111001101110100011111111111110100110110100000001110100000001101000000011101111000010111101011111010000111110011000000001
100010000110111110111111110000000111110110011000110101000000000000000001111111110110111011101110111000011111001111000011000000101000001111010000011111011110111
101110111100000000000001011110110001011100110010011101010111101111101100000001011111101001000010111011000001100111111111101010101101011101110101111101000111111
111000100001110111010100001111111101000110011011000101011111100001111111111111001011000011011111101001111111101100100000111011111001000000010100000000010001001
100010111011100100010110100010001001101100110001101101110000001100011011011011011011011110011101101011111110111101101111100000001101101110111111111111111011011
110110100010111101011111111011101101000001110101101100010101100101010001000000000001000110110100000000000000000001101010111010100111111111101010111000110000001
111111111010000001011101111000101000011100010100101001111101001111000100011111111111011110110001011011011111111111100000001111111110000000000000000010011010111
101100000011010101010000100010001110111101010110101100101111100011011101000101000100001100010111111011000000000010101111111101111000111010110101010111011010001
101001010111110101111110001010100000100001011100101110000001101011000111010000011101111101000010101110011111111000000011100000101011111110010111110001110010111
100011111110110101100000101111110110111011011110100110101011101011011111110111000000010101111000000011000111101110101010001110000000000010110010111100111111111
101010100000011111111110111001011100100001010000110110101011001001000000110111111011000000001011111110010000000111111110111110101101101111111000000110000011001
101110001101000000001000001100001001101011011011100010101001101101101010110000001001101101011000000111111011111101010110110011111111000000001101111111011111101
111111111101010111101010111110100011001001011011001110101111100100101010110101011111000101111101010010101000000000000000010111011011101011111111110111110011001
100000000001010110000011101111110110011011111001100010111100001110111111110101000111101101100111011000001111010111110111000000000000111111100110000010100111101
110111010111111111101011100101010111001110000011001111100001101010000100011111011101101100001111110010100001010000010001011101011010001100101110111110001101001
111100010110101100001110110100000001100011101001100011111101111000110001111011000000100110100000011110101111011111111111111111111111111101101100001100101101011
111111110110000001111100010001011101101000101011001000011000011101110111110001111101110010111111110110100111000111111110110000000101010001000001101101111101001
110000000011101111000001000101001101101101111001101010110010110001100000000100000111010110110110100011110001010000010000010111111101010111011111111001011001011
100110101111001000011101010101011000100101010011001010110110100100111011101101011111011110000000001001100101110111000111000011110100000011011000011011001100001
111110101001111111010001010101011110101101000110011010010111101101100000111111111000000011011010111100110100111110010001010110010101111110001011110000011101111
100000101100110101111101011101110000101111101111001011010100000100110111111000110010110111111111101110010111101011110101010011000000010010111010100111110100001
101010111110010100001001011101110101111010000110011111110110101111100000101110000111100000010101000111111110100001111111111110010101110110111000110111010101111
101111100111010101100011010000010100000011101111000000010110100110001010000110110000101101000001011101111100001100011001111011011111100000000011110100000000001
101101110100000101111001111010111110110110001001101101010111101111011011010010010111101101101111010000010101100101001011010000001011001110111110000101101010101
111000000001110111010011101010001100011100100011000101011100001100001011011000110000111111000010000111000000111111100000010111111000011011110011011101111010101
110011110101000011011000001111011101000110101001101101001110111001011111111101111011110100011000111111111111111001111111110000110010110001011010000100011111111
100111110111111000000011011000011001011100101011100111011000110011010001101000101011100110111110001000111000000011010000100101110111111011010000110001001101111
111100000011000011111011011011001101011001101011001111110010111011000101000010001000101110000110100010000010101001000111101111100001010000000101111111100000101
100001101111111010000011011010011101001011001001101000110110100001101111010110101010000011010110101011011111111100010000000010111011010111101100011111001110001
111011111011001111010111110011010111101001011011000010010010110101000011010010101010101001010100111011000000010101011010101000000000010000101101000001100011011
111111010001100101010001100110000000111101010011101011111110100101101001110111111010101011010110011001111011000101001010101010110101000101100101010100111001001
101100000100110000011011001111101110001101111010001001101011110111101111110001111110111011111110111100001001011111111010101010110111101111101111110110001011101
100101011110100110111111100011000110101101000011011100000001111100001111011100100010110010101100010101011111000000001110101010010010100110111110110011101001101
110111111100001100000000110110010011101101101010010101110100101111100000001110001111111000000111110101000111010110111111111110111000110000000100011111111101101
100111000001011001101111100011010111101101101010110000010110100011001101100110101101001101010000000101010001011100100000001110001101100101010001000000110101101
110001111011011011101101001011010000101101001010110101111111101000011000101100100000011101110101111111010101001110001011011000111000110111011011110110000101101
111100000010011010000001111011011010101101011010100100101011101101001101111110101101000100110100011111111101100011011111111110001101100011011000111111111100101
301101010111011011011011111010001110111001010010110110000000101001011000000110111111101110110110110101101111101111000000001100101111110111001101101101011101111
100001010100011010011000001110100010011011111110100011010101101101001010110110011001111100111100000000000000100001101101111111111010110001011000000100000111001
101111011111011011010010100010110111011001101000101111110111111001011010110111001011010110101110110111111010111101100111101000000000011011111101010001010011011
111111001010011010011010101010110101001011000010111000000000001101111110100011100000000010001010010000001110001101101110000010101111111010011001010101111000001
100000011000111111001110101110110001011001111010011111101010111000000110101110101011011111011011111110100010111001000010111111111100101110111111010100001011111
110111011110111111101000111000111011001101111011000011111010110010111111100110001001000011111011101111111110001101011000011101010110101100000110011101011111111
110100000110011010101110111110001001011111000001101110111010111010011011101100101011011010101000000001000011011111011101000000000000000001101111000101000000001
100101010011011000001000000110101011011011111011100110000010001011000000100110101011001000000010111100011111111011000101101111110101111011111001101101110110111
101111011110011101011101010011101011110000000000101110101010101111101111111100111011011011010110001101000001101001101111000000010100111000001101101100010010101
101100000011000111011001011001101000011011111011100011101110100110100011000110001111001001010010111001011111000011111111101011111101100011100000100101010110001
100101010110011100011101011011101101001111000001101111001100110100001000011111101100011101110110111101000000011000010101101011101111110111111110110111010100111
101101010011010110110001010000101101101100010101100001101101100101011101000001101110111000111100001111011010111101110001101000000011010000000111110011011110001
100101011001010000110101011011101111111001010100110101100101110111000111011011000110001010000111100111111011100100000100111101101000010110110001011111110000101
101111001101111010110101111011100110111111110101100111111101000011010011111111110111011111010000110001101111001111101111111000111110110010011100000101111101111
100110011001111111100101100000101110000000000111110000011101110111111000110101111100000110011010010100000110011011000011001110010010011011000110111101010100001
101110111101010110001100110101111000110101110110000101000100110100000010000000001111011111001010110110110000110001101001011011000110111011010110000000000111111
100011100111010000101101100101010010110101110011110101010101110101110111101101100001000110011010011111111110100111111011000001101111101110010011010101101110001
111000110000000101101101001100010111100100010111000111110100010101000011101101101101011111110011000000001011101100110000010111000101100011010110011101100010111
100011111011010101000101101110110011001101010101110000011101011111101000111000111101000000011011011110100001100001100110110001111101101111010110111101101000001
101001100010010101010111101000011011101101011101100101010001010000001010001010110111110110111111000111110100001011101100011111111000001001110011100000101010111
111011101010110101010011001110111110111001001100001111110101111010101011101010000010111111110000010000110101011011000111000000000011100011111000101110111010111
100011001010011101011011011000010110011101101101101001100100110010111011001111010110000011011010110101100111011111111111101101011000111000001010111000011010001
111001011010110001001010010011000011000000101101100011110110011110110011011001110000111110011010110101110001000101111101100111001110001011011111111111001110101
100011011010011011011010110110010110011010101101101000110011001100110110001101000111110110111110011100011011011100000101110001100010111010000101101011111100101
101011001010110010001011110110111100110010101101101010011111100110110111011000010000000010000011011001010001000001111101011111110110001011011100001000000101101
111011011010011011011010000110001101100110111101001011000000110111111100011011010101011010111111001101011011010100010101011110111111011110000001100011011101111
100010011010110011011011010011011100110110000101011001010101100001101101011011010101111000011101011001001110010111000000000000000001110100111011111111111100111
101010110010011111010011010110011001100010110111001101010111111011000001011011011100001011000001011011011111010001101010111111111111110110001011010000000111101
111010011010110000011011010011011011001010110011011001110110100001110101010001110001011011010101011011000011010111101111111110110111010110111001010111111111001
110011110010011011011011010110001111101111100111011100010000110111000101011011111011011111011111011001101011110000100000100000000000000010011011010111010101011
100110000110110010011010011100111101100001110110000101110101111100010101111110000011001110000001001011101001100101101010001110101111111111001111010000000000001
110100110111111011001011001101100000001100010100101100110111101101010101100000101001100011011111101110001011110100101011100011111111010101100100000110110110111
110101100000001110011111100111111011011110110101101101100111001111110111110110101101001001000000100011101010110101101011111000110000000000110001010111100010001
100100110111011000111110111111010011000011100101100100110100011000000011000100101001101111101101111000101000111100101000011010000101010110011111111101111110101
110111100001111110101010110000000111101000110100101101110001001010101011101110111101000000101111011101111110001101101101001010101111011110111101101000000110101
100110001011000011100000111101010001101011100110111111011011011110101000111000100001010111111010000101010111011001101101101011100001011100000000001101101100111
101111011111101000001110100001110111001000110100000110000011111110101010111010110101010000000000111100000001111111101100101000111011010110101101100001111110001
101100001110111010101000001101100011101110010101010011011000011000101110100010111101010111011010000101010101101111001001111101111001000010101111110100000011011
111110100000001111101101101100101010000011010101010110010011011010101100101010011101110011001011011111110100000001101100000100001011010111100010011101101011001
100000110101011111101111101110101011101001010101111100110110001110101101101111010000110111011111001010111101101011111001111111011001010001110110111111111110011
101010110101010010101000000111101110001011011100001111100011011000101101000001111010110110000001100000001100101111011100000001111101110111000000000110010011011
101010010101011000001110101100000011101110000110100111001001001110101001010111100010110111010100110101111101100000010110111111101001100011101101010000110110001
101110110111001101101111100111010111000011011100101100011011011011101101010011001110100011010110010100110111110111110110000100001111101001101111011110000011101
100010011111111111001000001100010110010111001101101110111010011000000101011111100110111001110010111110000000010001100000101101111010111011000011000111111001101
101111111000000000011110100101110110110001100111001000101111010011011101000110001110110011100110100110111101111100101110100000001000001001010110010000001111101
100011000010111110111000101100010100011011110001111010000110010111010001010111011000111010111100001111100000000101101000101010100011011111111111011010100000111
101110010111111111101101100101111101110001010111000010110011010001111101010100001110100000000110100001111011011111111010101010101110010110101100001010110110011
100011010110000001000001101101000000110111000001011010111110010111101101010110111100111101010110101100101111111011011110111010100011000000000101011010010011001
101001010111111101101011001101010110010011010111111010000111010110000101111110000110110001010011101111101110110001000011110011101110011111101111001010111111101
101011011101111100001011100111010011011001010001100011011101111111110000001100111100100111111011000010101000110111011111011000100011000000100001011010001001111
101001010000000001011000110011010110011101111011110110000001101010000110100110000111110000110011101000000010000100000000001101110111011011111111111010101011011
111011111111101101010011100110011111001100110000110111011111000000110010101100101100000111100110001101010110110001111011111000011110011111011110101011100000001
100001100000001101011000110011011000011001111010100100000001101010010110101101101001010000110011011001010110010100001000001101000011000000000000001010001101011
111111111111111111111111111111111111111111111111111111111111111111111111111111111111111111111111111111111111111111111111111111111111111111111111111111111111111
