1111111111111111111111111111111111111111111111111111111111111111111111111111111111111111111111111111111111111111111111111111111111111111111111111111111111131111
1000000110100110001010101000110110100110110100001101010000011001010000000110011011001011010010100101001010101010000101011001100010100101010101010101100101100101
1111110110110011100000101101100110101100110110111000000111011100010101111111011001101010011010110101011010001010111101011011111000110101000101010101110000110101
1001100110010110111110000001110110101101100010001111111100001001111100001101001011001010110010100001010011100000101100001001101011100000010101010000010110010101
1101110011010110111011101100000000001101101010111000110001101011101001111001011001100010111010111101011001111011101101111011101010111011111101011101110111110101
1000111000000010100011111111101101100001001010011110111111101010101100001100011011111010011010011000001100110011001101011011000000110000011001010000100101000001
1010011101011000110110110110111100110101011111001100101110001010001101111111010000110010111010110011111110011010011000011010011111111011111011011110101101011111
1111000111111110000000000000000111111100000011101110101011101011011001011000010111111010101010011010100111010000111101110011010101010001101011001100000100010101
1001101111000111111111111101010110101110101110000000001010001000001101011111010011011010101000110010001100000111110000111011000100011011000011101111011101110101
1101100101101101000110000111110110101010111011110111100011101101011001001101010111001010101010011000100111110111011110011010010101001001111010001011000000100001
1001110101001101110110111110100110000000011000111100111001101111011100011100000101100000001110111101111101110100011000110010111101111011000010111010011111101111
1101010101101000010110101010110111011011001101101001101100101010010110110111101101111010100100011001011101010001111110011000011000110001111010101010110011101101
1000000000001111010110001010110101111110011100101100000110000010110110100110000100001111110111011101010101010111100100110011111110100101011010101010110110101101
1011110111100000000111101000010101101100110110001111101100101000110100101111110101111101000111001101010001010000110001111010011000001111011010101010110100101101
1110111111001110110011001111000000101001100100111000000111111110110110100110110001101001110001011001011101010111111101010000111111011011011010101000010101100101
1100001101111100111001100101111101101100110110101111010011010000000000001100000101101101011101001101010000010100110001011110101101001010001000000011110001101101
1001100000110110001101110101010101101110100110101101111010011111111101011111101111101000010101011000010111010101111101011000001101101010111011111011011011001101
1111111110010111101001000000000101000000001100101100110000111110111001000101001011000011000001011101111100010101101100001110111000000010000000111011011011011001
1111011111010101111100010101010001111111011110000110111110110000001111110101101011111111111101000101011001000000101101111110001111101110110101101111011010001101
1000000000010000110110111111111101001110000011101100011010111111101011110001101001100110110000011101011111010101101101110000101001001100011111000110000010111001
1111111011010101100010101010101001101000101111000110110000101010101001010111000011110100111101011000001100011111000000011101111101101001000001110111111000101101
1001010010011100111010100000001100101111101101101100111110101010101100000001110111000110101111001101111111001111111011111000011001101011111100110101001110101001
1100011111001001101011111101100110101110000100001110011000101010101111110111000001110010101010011000110111100101101010110011111100000000011101110101101010100011
1001111111101101101001101111110000101011110111011010111110101000000011010101101111011000001011011011100001101101101010111000101110111011110111100101001010101111
1100110011000101101101101011011110000000000000000000011010001011111110000101100110011111101011010000001111001101100010101011100110011110100010110001101010100001
1110111001110001100001101011011000101010110101110110111011100011101100110000110110110001101010000111111000011000111010101001101100110100001110110111100010101111
1010101100111011111101000011000010101011111111111100110010101110101111110110010100011101001011101111011111011101100010000011001110000101111010100101001010000111
1000000110000010111001111011111010111111000011001110011000000110001010000111000110111001101010100100001101001100111000110111100100111100110010110001111010111101
1111011111111010101011011010001111110101111000011011011111011111011011101100010110010011101010101101111101011001101011111100110110000110011010100101000010111101
1010001101000010001000001011011110000000111110110000000000001011010001111001011111011010101010000101110001001101000000101001110000111111001010101111111000100101
1011100101111011101111100000001011111110101000111011111110111001011100110011000101011000000010111101011100011001101011100011011110011010011010001011001101101101
1010110101100000000110001111101011100000101110001111101000010011000110011111101101001111101010011100010111011100111010110110010111001011011011011001100001101101
1000010101111111110111101001100000111110000000100100001110110110010000110101001100011000111010110111010110010110110010110011010101011011011001011101111101100001
1111010000101011000000111100111010011000101110110111011010100011011110110100011111001101110000110001010011010010011000010110000101010000011100000101010000110111
1110000110000001111011110110011111011010111000100111010000001111111100110111011110011000011101100111011011011000110011110111110101000111110101111101011101110111
1011111111010101100010100000110111011111111111110000000101100110110110110011001100110011110101110011010001001101100110010010100001010101100000001101011000100001
1010001101111100001010101110000010010110001011100111011101001100110000100110011110111011000001000110011100011000110011000110111100011101101111100101001110101111
1011101101111110101000101111111010110011100000001111111111101110011110110011001100101001111100011111011001111110100110010000011101011001100000101100011000000001
1011000001010011111011111000000000000111110111011000000010101011011010100110011110001100000111000101001100101000101110111111110101111101101111111101111110111111
1000011100010111100011011011111111101110011101111111101000000011011000110000110111011101111111010001100001101110100100000011100100101000000000011001101110101011
1111110001110110111010001110111000000011001101101101101111111010001110111110110000000100001101110111111101101100110101111110110101101101111111111011000010000001
1000000111010100101010111100001111101111101101001101111100101010101110101000011010110001111101100001001101101110000000101100100001100000000000110001111010111011
1111010011000110100000010111101000000011001101101100110110100011101010100011111111111101010001001111011000100011101111100110110111001111111111111011011010111111
1101111001101100111110110100101111101110011000000110000000001001001010110110111101001100011101100110001110001111000111110000010101101000111010101011001000001111
1001101011000110110000000110101110000111011011110111101111111101101010100000011000011001110100001111011010111010010000111110110001000011101010100011100011100011
1101000001110100011111110110101011110101001110110000111010100000100010110111111111001101100111101010000000011011110110100100110111011111101010111000111001101001
1001111101100110110100010000101010110100011100111101110000111110001000010110101101011000110101000011111101111001110011110110000000011010100010101010100011001011
1101100001110110000111011110101010100001000110101101000110111011101011000010101000001101100001110110111000110011011001100100101011111010101110101011110110011111
1101111100000011101100001010101010111111110100001101101100100011001111110110001111011000111101010110101101100110000011110001111111110010000000001001100111110101
1000010111011001000111100000000010101010110111101101111110111011111100000010111010001101101000000100001101001100101111111011001100000110111101111011110010110001
1111010111111100011101101101011000000000100000000000110000100001010111111010110000111001101111110111101100011101100001101011011101101110001111100001100110100101
1000000000101111011000111101110010111010001010101010011110001100000101111010111110001100000111110110000101110000110111000011011001111100111011001111110110001111
1111011010000100001110110111111111110011011011111111011000100110110101000000011011011111101100000111110000011101111101111001001100110101111010011011010100111111
1000001011010001100010100011011101000110001111010100001101111111110101101011011010001100000111101100000101010000011001101100011001110001101010110000000001110101
1011011111111101111000001110000001101111111110000111100111110011010000111011111011011111101100101101101101111010111100000101111101011011100000111101111100000101
1011001110000001000010101011111100000110001011101101110110100110011110010000110011010110000110101111111000101011101111110101110101010000001101100000001101111101
1011101011010111110111101001011110101110100011101001010110110011010011011011111000010111110110101010010010100001001011000101010100000101101111111011101100111101
1110101001111111011101000011010111111011111010001101010100010110011001010000011111010011010000001011000111111011011001110101010101101100100010100011111110000101
1000111011101000011000011011000101010001101011101001010111000011001100011101110111010110010111101001110101011000001101100000000000100101111110001010111011011101
1110010010001111000011010001010001011011001010101101010101111001100001000101100100010100111101101100100001001011011001110111111111110111010011011000101001000001
1011011011101100011111011011111101010001100000000001010101011011111111110100110111010110101101001110110111011110001101010110000000010100010111011010000011011011
1000011010100001111001110000101101010111111111111100000001010010011010000001100100000000001101100000100001000011011101000110111111111111010000001011110110001111
1111000000001111101100100110001000000101011010011111111101011011011011111100110111101101101101111110101111011111010101110000000000011011011011111000011110100001
1000011011011010101110111111101111110101011011000101010000000011011010000001100001101001101000001100000101000110000101000110111111111001010011011111111011111111
1111011011010000001000000001101010000000010010010001011111011000011011111101110100111101001010111001011101011111010001110111111010001101010110000000100000000001
1101011011111101101111111100001011101111011011111100000011110011000010100101011110110111101011101101000101001101111011010000001010111100000010111110001010101011
1000001110000001000011101001100000111011010000101110111010011111111010110000011000100110000011001111110101011100110011010101100000010110111110110111011111111001
1011111111111111111000000011110110110010011110100011110010110010100000111111001110110011011001100010100100010110011011010111111110110100011000000011110101011111
1111001011011100000010111111000100011011010010111000011000000110111110101010011010010111111011101000110101110100110011010010110111110001000010101010010000000001
1101101010010111111111111101111111010011011010000011000011110100000100101011011011010100110010111110100100100110011011000110100011010101111111101010110111111111
1000101011010110001100000101011011011011011011101011010110000111110110000000011010000001111000010100110101101100110001011110101110010111101111111110000000111011
1010001011010011100111110101010010000000000010111011111111110110010111111101010011101111101111010110110101001110011101010100001011000010101010110110111010000001
1111100011010110110001000001011011110101111000111110101000000011010000001111011011001010100100000110000001011010110000000110111010010110000000000000001011011111
1111111000000000011101111100000000000111101101101110101111011000011011100010000010011000110001101111101100011000011110111100111000110000110101111111111111011011
1010000011110101000001010001111010111110000000000000001010001111011110111011111011001110111111101101111101111110111110110110001011100110011100000000000101110001
1011111111000111111101011101111110011000110110111111100011111011010100100000000001011000101111000000011000110110110010000000100000110010111101111111111101111101
1001001110011110110000000001000000111110011111110111111010110000000110111111111100001101100001111110110011100110011010111111111110111111110111100000001001010001
1101100000110000000101101101101010110000111101000000101010100111110110101010001111100101111011001000010110110011011000000000000011101011010110101101011011010101
1000101010111010101101001101101010110101110101011110000000111110000000000011100011110000110001101111010110110111001010110111101000000000000000000111110001000101
1010001010001010101001101000111010111111000000011111111110101011111010101001111000110111111101100001000010100110011011110000101010111010101010111110111101011111
1011011110111111111011001010011110100000011101010000000110101011000011111100000010000101010000101101110110101100110001011101101010001010101010001100101000001011
1010011000001101010010011110110111111110111111111111010000000001111111010111010111110101011110111000000010101101110111011111101110111111111010100101100010100001
1011111111111100000111011000110001110111110111000000011111111011011110000000010110000001010100111111111000001000000001000000111000000101011111110000001111110111
1011000000011001010100010011111100100000000101111101010100000000000000110101010011111101010110101011111110111011010100010101111011010000000101111010100000110001
1111101111001111010101111111010110001111110000001111110001010110101111111101011010000000000000000000000000011011110101011111101110010101010000101111101101100101
1000001001100111111111110101010111101000000101100110110101010110101001011111111010101101010111010101101011010000011101000000000111111101010110000001100100110111
1111111100001100011100010101000000111111101111110000000101011100111100010110101111111001010100011111001110000111111111011111101101101111010010101011001101100001
1011011111101101110111000000011010010100001000000111110111011001110111010100001100111011111110111011111100110000000011000101101100000001010110111111100100110101
1000001101101101010101111110111111000001011011111111110110001101100000000001101101100011000000100000110110110111101001010000111001010111110110001101001101100101
1111011000000001000000000000101101101101010010000000000011101000111111011111100000001011011011110110000000110000111111010110010011110001110110100001111111111111
1100000011111101111111101010100000001101111111111101010110001011100000011000001011011010001111011110111010110110000001110011000110010100011100111011110110101001
1001111010000000000000001011111111101111100000000001010111011111001101010010101110011011011000001011111110010110111100011011010000110101011110011000000000000011
1101100010101010101101011010000000000110101011011011111101110101101101011110100111011011111111100000000000111100001111110001110101110101000011110010101111101001
1000101011111110111111011111111111110100111111111111000000000000001111110000110101111001100000001010101101101110100010011101111101011111111111111111100111111101
1010101111010000011000010000100000000110110110110100010110110110111010100101100100000011111110111110101000000111101110111000000100001011001000000101110000000101
1010111000000111011010110110001111010100000010000001111110100010100000001100111111101010000000110000111101010101111000001101011110100001100011010000010111111111
1011111111010100001111100011011111111111111011111011000000110111110110101111101000001010110110100110011001010000000011011111111011110100101111110101010100000001
1011100000010110111111110111110000000000000000000001101010011101011111100011000010101011111110110110110011110110101001000000000011111110000101111111110001010111
1110001010111111111010011101111111111101101010111011111111111100010000001111101011111111100000110111111000110110111111011111111110101010110000000001100111010111
1100101111110000000010111001000000000001001011100011010101110111000111011010111111000000111110111100000010010100000001000111111010000010100111111111110011110102
1001111100000101111000001100011110111101111111110110010000000000010100010000111000011010101010101111111010110110101011010000001000111111110011100000011001110101
1101010101101111000011100001010000111101100000111111011110110101010111011010101111111110000000100111111010110011101111011010100010110101011110101111110011011101
1001000001001000011111110111111101100000111110100000001000110111110110010010101010101000111011110000000011100111000101111110101110000001001010101011011001001101
1111110101101011010000000110000001101011110000001111100010110110100111011110001010101111100011000111101011110001010000000010100010111111011010000000001100011101
1000011111111010011101010100111100101011000101111101101010100110001101111111100010101011101010010110001000010111010101111111110110000001010000101111111110110001
1011001011011110110001010110100001111011111111100000001010101100101000000000001000000000001011011100101011110011110100001011011110101100000111100000000010000101
1111100000000000110101011111110111000001111000001111011010101001111111111111101101101101101011011001101011111000011110100000011011100101111111111010101011010101
1001001010101010110101011011100011011011000010101000011110111011010110000000001101001100111001001101001000001111111000101111110000111100001000001011111111011101
1101101111101011100111111010001001110001101110101101001100110011000011111111100111011110011101011111101101101101010010100000000111111110100011011000110001010001
1000000011001111110100000000101011000111111000101111011001111110011000000000001100011011110001111010001000111000011110110111110000000110101001001010000111111101
1111011011011000010101010111101111111110111101111000001101101111010011110101011110110000000100110000111110111011110111100111111110111111101101101111010110101001
1000011010011111000101011110000101110000101101100011100101000011011011000101000110111010110101100111110000000000000000110000001111111000111100100011110000001011
1111001111010111110101111000101101000110000000111110001111111010011110011111010011100010110101111101010110101110101101111010100000000010000111101000111011111111
1000011111110000000101000010111000010110111111111110100000110000110111010000011111111110010111000000000011100010100101000010110101010111110000111010001000000001
1011011010000111110111101011110010110011100011000000110110011011100000010101011010100000110011101010101011001011101111101010010111010000111010001010101101101101
1010011011110100000111001010000110011111001000010101111111111111111110111101010000001011111110001111111001101000111110101010110001010111101110111110101111111111
1011010000010111101100011111110111111000011101010101000000001100010110011001111011111111011111011000000011101011110100101010110111110000000010000111111010111011
1001111101011111111111110100000100000010110001011101010101101001000000111101000010000101000000001101101000101000000001101011100000011111010111010011110000000001
1011101111011100011010110111010110111011111101110001011101001111101010011001011010110000011010101101111101101101101011101001111011000001010001011000100110110101
1010000011010111000000010011110100100010001111111101111001100110101010110011110010100101011010101001010000101001101110111101000011011011110111110010001100010101
1111111000000111110111011010000110101111100000000001101011110000001010100110000110111111011010111011000101111101100000000101010111010000111111110111011110111111
1000000011110100000100000000101111111111111010110101100010011101011110110011110100100000011010111110010100010100101110111111111101111010000101011100000110000001
1011111110000111011111111011101011011010000011110101110111011111010000011110000110111110110011100000110110110001100010001011101101101110111100000101010011111111
1111110100110111111100000011001000000000111011000111011110000000010101110000110110100000111001111010110100011100101111100001000000000111101101011101111000000001
1000000001110101110001111010011111101010110001110110000011111111010101111101100011111110011101000010100110110001100011110100011010110000000101111111101110101101
1111101011100000000101100011010111001010011111110111011000110100010111010000110110000000110001110110110110111011001000110111111111111101010000110011001100111101
1010111110001010110111111011110000011011111101011101111110000001010100000101100011111110111011000110100100001001101010110000001101101111110110010111011110000101
1000000110101110100110111110100101111111010100011000101100101011111111101100110110000000001110010110110110101011001010110101111000000001100011000000000110110101
1110110000101000110110100000001111000000000001001110001001101010101000001110110111101101100110110011111100111001101010010100000010111011001001101101101100010101
1000011010101010100110001110100110011011110101100011100011001010100011100010011100001100101100110110010001111011001010111101011010001011101011100100111111111101
1101011011101010111100100111111111111111110111101000001001101110001010001110111111011110111001100011011100001001101010000101001010101000111111001101100000000101
1001111111001110100001111101010110000100000110001011011011000011101011101111100000000111100011110110000001111111101011011101101011111010010101100111110101111111
1011111110011000101011000000000111110111010100101010001010010110001011000000111110111100001000110011111100000100101110001101111000111011000000111111000100000111
1110011000111101111111101101110101000001111110111111011010110110101011101011101000010111101011111110110001011101100011011000011010001001101010000001101111111101
1111000011101111111110001111100000010100111000110000001010110111111001111011000010110010101011101100011101000000111110011010111110111111111011011111000000000101
1001111010001010101011111010001010110110010010111101011010111101100011010011110110011000001010000001000001101010000011001110100000000000011001001011011110111101
1100000010100010101010110011101010110111000110100001111111101000001011000110000111001101011111110111010100101010111110011110111110101111111101100000000010000001
1110101110111000000010011010001011111101101111110100010101000011101011110011110100011111011001000001111101101110000011010010110000100011110111101011011110101111
1011111111111111111011000000101111101000000101011111110000011011001110100111110111011010001100010111001001100110101111000110011010101000000011001110000010100001
1011011011101000000000010101101100000010101100011011011111011011011110110100000110011000101101110001100011001111111000010110110010101010101001100010101111111101
1001011010100010110101011100111101011111101111000000000001011010010000011111101100111101101100111101111001100000001110111100110111101010111101101111101011011101
1100000000001010100101011001100001011000001000010101010100001111011101001101000110110100100110100000001101111011111110101111100001101110011000100000100010000111
1110111101101010110111110011001011001101011011011101111111011101001101100000010110110001101111111111111001000000110010000000110101001100110010110111111000110001
1011110001001010100011000111101010011001001111010001100000011000011001001101010100100101111101001111000011011010000111101111111101100110011011110000111010100111
1001010101011010101010010011001011001101011100011011111011011010110011101101010101101100111001100000011001010011010000100001000100110110110000011010001111101111
1100000101011111111010111011101011101111111001111110000010011010110110000101011111001001101101101111111101011001010110111100011110110111110101111010100000100001
1111010111000011000011101110001110111010101011000000111011011110011111101111111011111101000000001100000101111101010011111101011111100011000100110011101101101111
1100010011011001111110000000101100010000000011101010100010000011001011111110110000000001011011011110110000000111111000000101000101111011011101111110001111000011
1001010110011111101111111010101111011111111010001011101010101111101000010100000110110101111111010110011101011110100011111111110000111111001100000010100011101001
1011010011000011000010111111101000000000000011011110001010100011001011000001010100100111000000000110110001011010001000001010111111101101011001010110101000101011
1010010110010111101010100101111111101011111011011000101011110110011011101101010101110110010101011110100101000010101101111000000000000001011011010110101101101011
1011010100111100001000110101000000001110000010001010101011100011010010001001110101100011111111001100110101010111101000000011011011011011001001010110100100111001
1011111110001111011110000000010110100111110110101111101110001011011111111011000111110111101010011110110101110110001101101011111111111111101101011100101110011011
1110111110111001010000110111010011101100000010111101101100101111000011111001101100000110001000110000110100111111011100111000001110100010111001000110101111001111
1100010100001100011010100110010111000111110110100000001101101100011110000011111111101111100010011010110110000011010001100010100010001110111011011100100110011111
1001000001100110111111110100110101101100000011101010101001101101001100101010010101000110001010110010010100101110010100110110101000100000001001001101101111000011
1101101011110110100000000101111100001101011011111110111100101001101111101111010000010011101010110111111101101011010101100011111010101011111111100111000011011001
1100101011000111111110101100001110101101110000110000110001111111101000001110000101010110001110100101101001100011011101101001011110111111110110110001101001011011
1001101011010100000000100110101000101101000101100110110100011000001101011000101101010100100010110100000011001011000101001100000010000000000000110101001101001001
1111111111111111111111111111111111111111111111111111111111111111111111111111111111111111111111111111111111111111111111111111111111111111111111111111111111111111
