1111111111111111111111111113111111111111111111111111111111111111111111111111111111111111111111111111111111111111111111111111111111111111111111111111111111111111111
1001101110001101001100110100101010101000100110100110010100011010101001101011001000101010100010101011001010000000110011010110100101011010001010010001010000000011011
1101100100111101100101100110101000001010001110001111000101110010101101001011100011101000110110000001100000111111100111010010101101001011101010110111000110111010001
1000110110011001101100110110001101111111100011011111110001010110001101101010111010001101100000101011110110000100110101010110101100011010101000000000011111101111011
1101100110111011000101100111100001110110110110010110111100010011011000101010110000101100111011101110100011111101100101000000000001011010000011111101000001000110001
1101101110101000011101001100111011000110110110110100100110110111001110101010011011111001100001111110110111010101110001011101111011110000101110001111110111011111011
1000000000001101110101101110011011101100110110000110110000110110011010000010110010110011101100011000110100000000011101001111101110100111111111101010011101011101001
1011111101100101100001100111000010101101110110110110111110100011010011111010010110011010001101111011110001110101110101011011000110001110011011001000111000010101101
1010000000110000101111101101111010101101100110011100011000001010011001000000110111011010111111101000011011110111010101010000011110111011011001101011101011110001101
1010110101111010101010001100000000001100110111001111001110111011011101111110000011011010001000101011111011011111010100000101011000001010001011001001101000111011001
1111111111010011100010111111111111101110000101100101100110001010000000111010101110011000111011101001110011001100000101111111011011111000100001101011101011101011011
1111011100011001101110010110100000100111010000110000101110111111111101100000111100111011100011000011011011011111110100000001111001101101101100101010100001100000001
1010000001010011100110110100111110110101011101100110101010101101001001110110011001101011111001011110001011000101000001101111110011001000101101101000101111111101111
1011110111011011001110000110011000010101110100110011101010000101100011011111011100101000110011000011101010011101110111000110010111100011111111100010001011010100001
1001111110000010011010111110111111000001100110110111001010111101111010011010001110000011111000011110101010110101100111011110110101101111010111001110100001010101111
1100011011011000111000110100001111111101110110100001101000011100110000110011011010101110110011111010101000000000110001110100010101000001000101011111111011000000001
1110110011111110101011110111011000000000000110101111001011110101111110011000011010111110110111110010101011111011110111100101010101101111011101001001011111111011111
1000011010100010101001010000001111111111110110100001101010010100101011011111000000010010110000011010000001011010000000110101110101000011000001011011010101001000001
1111010010111000000011011110111000001111110100001011001010110110100010000110011111110110110101111010111101001111011111110101100000011111011100000001010001101011111
1111011010101111011111001100011111011000000111011111101010110010111011010011000110000010110111110000000111100101010001100101101111110101011111011011010111000011011
1000000010100011011001011001110100010011110100000110000000110110101011111001011100111110010011010101011111101100010111110001100101010000010011001110000101111010001
1011111010110110011100001100110111011110100110110011111110010010101001111100000110100011011001000111010101001111000010100111001101000101000111111111101100110010111
1111101010100000110101111001100001010100110110111110011111000110001011010110111110101111011100011100010101011011110110101101011001010101010000011010000001111000001
1100000010111110110000001011110100010110100100011010110010010010111011010110001010101110000001111111110101011001110100100100001100011111010111111010111111001011111
1001101000011010111011111010111111010100110101111010011000111110011011010100101010001011011100010110110000001101010110001101100110111001010001000010111001100011001
1011111110110010011011110000011011010110110101101000111011110010110000000001111011011010001101110010100111111001010110111101111100000011111111011110101100111001011
1110110000011000110000011011110001000000000001100010101011011000011111011100110001011010111111100110110011001100000010000000010101111001110000010110100101101011001
1100011111011101100110111001100101010111111100110111100000011011110101110110111011001010001010101100010111101111111000111111000000001100011010110100001101101001101
1001001100010100110011101011111101110100010101100011111110111000110101100000001001011010100010000101110101100100101010000001011101101111111011110110111001101100101
1111101111000101111001101001101000111111000000101110110100100011100100110101101011010000101010111101110100110101101011011011001111111010110001010100110011101001101
1010101001110101010011000011000011101100011010000100110001101110110101111111100010000101111110001001000001110000000011111111111001011000110111000001111000101011001
1010101101000000011001101111111011001101111111010101111101100110100100011010110110111111001110111011011111100101011000000101101011011011110101111101101011101001101
1010101101111110111011000101101011011111100111011101101100001100110110110000000110101111011010110011010011001101111011110000000000000001100001011001101010101011101
1010101100000000110011011101000011010110110010001100101110100101110000011111110110100100011010110110010110011111101111110110101101011100101111011011101010101000001
1010001111111110011001010101111011000100111011011001100111110101011101001110000110101101110000110111010011010111000010010110101111011111101100011010001010000011111
1010111011101111000011000001011011110110010001011011001101000101010111100011110110100101011011100101000111000000011010111100111011110111100110110011101000111111001
1000110010101011101111111101010001100011011100011001101101110101010110101001010100001100000010110000010001011111001010011111111001110000101100011011101101101000011
1110011010101010001011011000011100110110010111011011100100110101010110111101000001011001111110110111111111000001111110110101101011010111100101110000101000100010111
1011011010100011101011011111010110110011010110000000110101100001010100011101101111111101001100000001111101011100111110010100101011000000110001011110100010001110001
1000000000001111101011001011010110110110000000110111100001101100000111001000001001100001011111011101010100000110001010110101100011011111100111011000101110111111111
1111111111101100000000011010010100100011111110111110001101111110111111101111101011111100001011011111000001111111111010000001111001000110110000001010001111110001101
1110101010101111110111001011010110101111100000101011101111010010110100001010000011011001111010000011011111110101010000111100110011011110100101011110100011100101001
1000000000000110111111011011000000100110111110101011000011011010010111100011110110011100101010111110010001010101010110001110111011001010110111110111101110110111101
1101101111110000001101000001111101101100101100101011110110001010110101110110000110110001101000111011010111010101010111100010101001011010010010110001100010110010101
1001101000000111011001011111011000100110000110000001100011101000010100100011110010100111000011101001010101010100000000101111100011011000110110111011001110110110101
1011001011111110001101001101001110101111110100111100111010101101110110101010100110101101111000101100000101000101111010101101001110001101100000011011101010110010101
1001101111111000100101011101011010101100000110011111100000000000010110111010001100000100111011101101111100010101011110111001101011011000110111111010000000000110001
1011001000001010110101011001010010101111110110110010111111111101110110110000111101111101101010101100011001111100000111100011000000001110000101101000101101111110111
1111111111101111110000001101010110100110100100010110110110110001010110011110011000010100101010101001110011011001110011111001101111111011011100101011101100011000101
1110010011000101100101100101010000101110110101110100110110011101000100110100110010110101101010000011011000011011111110101101100111011010000110000000100101111110001
1011010110010000111111110001011110101100000001100101100010110101011101110110111011100101001010111110011011000000000110001001101101011010111100111111111111101000111
1010000110111110101010111101001000101101101011110100101110000101010001100110100001110101011000000000111001111011111110111011001100010010100110000011100110100010111
1011110011101000000000000001101110101101111110100001101011110101010111001100111101010100011011111110100011101110001100101011011001010110101100101000110000111011101
1001111011000010110111111101100010101000000010111101101011000001010010011101101001000001110000001011111000000110111101101011001011110110000001101111100111100011001
1101011001111110100110010101111000101011111110110000101011111101011000111000101101011111100110100001100011011100001000000001101001100100111011101111110000111011011
1000001100101110111111000000011110000000000110011110000001010101011011101110101101011100101111110111110110000001111011101100101011001101111110111000110111111011001
1111100110101010111111110101000000101011111100110000111011010100011011000110001100000001101011011100110010101100000000111111101001101101101100010011100010101010011
1011001110101011100110111111111110111111100110011110001110000111001001101100111001010100000000011110000111111001111111100111001011100101000001110110110110100000111
1001100000000001001100001000000000010100001111010100111111110101101011000110100011110101101011110110111101011100000110110101101010110100011111100010110010001101101
1100111011011101100111100011111111010001111010010110101011000000001001101100001110111100111110010110101000001111111100110101101000110101110010101110011000101100101
1110111110011000001101111110101010010111011000110010000001111110100011001111100000001111110011010110101011111010000001100100001011100001110110101010110011111111101
1100101111111111101100010100001011010001001101111000111111101000110111100101101111111011100111010010000000110000101101101101111010110101010110101010110111010110001
1001100010110100000111010001100001010111011100101110111011001101110110110001100011010000110001011010110110000111111111000101011000000111010010100000000000000011011
1101111010110111110110011111110100010010010001101000101011100111100000011100001110000111111100011000010011111101110011010000001101111111010110101111101111010110011
1001010010100100100100110000111111000110110111101011101010110111001110110001100011010000101001111011111111000000100111111101111100010101010100000000111011111111001
1101011010110110110001111011101001110100110011001010101000110101111010110111111110011010001011010000000001011111101110101101011001110100010001111111111000101010011
1000011010100110111011001011000011010101100111011000101011100001010000010101010110111111111010000101011111010110101010100001011100100001110111100101001011100011001
1101000010110100001001101010011010000000110101000010100011001101011110110000000100000011101000111101000110000100000000111100001110001111100000101100011011001110011
1111111010110101100011001011110000101011100101011111110110011000001000011011111101111110101011111111011110111101111111111111011011011000101111101001111001011010111
1010000000110111111001101010111111111010001101000011000011111110100011000000010101001010000001000011110000001000001001100000011001000010000001000011101100000000001
1011110110110001101011001010101101010010111101011111101001100111101001111011110000011000111111011110111101111011111011111101001101011111010101010110100110111101111
1001111100110111000011100010101001011010011000000100111011110100111111011001100111110010010111001010011000101010001001100111101100000101111111011100001110001111101
1011011110110101111001101000001100000011001010111101110010110101111110000011101111010111000001011000111101100010111011110110101101110001101011001110111000111010101
1000010100000101101011111111101111111011011011101101011010110001101011110110100000000001011100000011100000110110101001010110101000111011100001100100011110110000101
1111010111110101001001100000000111001010011001000101011010010100101011000110101111101011110111110110111110100000001011000010100010011110001111001101110110110111101
1101010101000001100011111111110101101011001100010101010000111110101011110010100000111110110001111110011000001010100001111010101111110110111001101101010110010001101
1000000001111100111000111010000001101011100001111100011110101010101010000110001111111110110111011011001101111111111111110010101101010110010011000000000011000111001
1010101101110110011110101000111101100001110100101001110000001010101011010100111010101010110001010011101000110101010000011000001001010000110111101101111111011101011
1011111000000110110110101111110100110111010101100011011110111010100011110001100000000010110111000110000011100000000111111111011011010111100011000111000110001101001
1111111111110110110000101010000101100001010111101110001100011010111010100111101111010110110001110000111000110111111100110110010011000110110111011111011100100000011
1110101101100000111110101011110001101111000010101110101111011000001010110010000111111110000111010111111111110000010110110011000111011100110000000000000001110111111
1000001000001010010100000000111100100001110110101011101011011101101010000110111101101100101101000000100101000111010110111001011101011110000111101101011011100111001
1111100011101111000111111110100110101111000010101011001010001111101011110000000000100101111000011111101100011111110100001100000000000000101101111101001000110000011
1001111111111101110000000110110100100001110110101011101011011010101011011011111011101100111101111110000001111000110110111001010110111110101100000111101110111110111
1011001100111001000110110100010110001111000010101001001011011010100001011010101111101101101000000011011111010011100000001101111110011110100001111111000010001100001
1011100110001100010111100001000110111011110110101011011010001010111101001010000110100101100010101011010110000110111110111000000010110010110100000001111010111001011
1001110011100110111101001101010000011001100110101011000011100000110000011010111100101101001111111110010010111110010110000011010110000111100110101111011110001111001
1011011011001111100000011001111110111011110110101010011110111011111111011000011001101101011110010111010110101011000010111011010110111111111111100000010111111011111
1000001011100101111111111111110000000001100010101011011010101000110000011011111100000000000011010011000000000001111010001111011111111010101101101101110000011000001
1111101010101100110000101011011110111011001010101010001010001011111011000000000001011011111111011001011111101111110000111001110011000000101001100100000101011101111
1001000000000110111110000001010111100001111010101011100011011010111111101111111011111111110101011011010001111011000111101100111010010111100011111101111101110001011
1101111111010010011011110101010101111100110010101011001110011000010110100000011110001110000101010011000111011001110001100110001000111111101110110100000111111100001
1101101111111011010000011100000000110110111000101011011011001011110110001111000100111010111101010111101110001011010111101100111011101100000000010111010011011001111
1000101000101010011111011001011110000000101110101000011011011010100111011011111101111010110101000010101010111011000111000001101000000001011101000011111000001100001
1110101110000011011011000011110000101110000000000011110011011000101100000010100001101000000001101110000000000001101101110111100011111111111111101000001011100001111
1000000111101000000001111010000101111110110101011011000110001011100110111110101111001011111011000110111101111111100000100011001001000101110000111111101010001100001
1111011100001101111100000010110101011011111111110001101111100001110110001010100001100001011111011110111111100011001111101111011100011100010111110111111011011101011
1000000001011101000001110110100101000001001010111101001100001111010110100010101111111100000110011000000110111010011101100100000101000001000110000000111011010001001
1010101101011001010101000010110111110100011000001101100111100111000000111110000101100001111111010011111100011010110101110101111111111111010000101010001111010101111
1010101001111111111111111111111100111101001111100001110011001101110111110111011100111100110101010110110101010000000000110000001001110101111101111111011110010100001
1011111011101010101011110001101110011111100011111100111010011000110000000001010101110101110101000010000111000111111010000111100011010000101111010101110011111110111
1110010011000000000001011100000111010111110110110001101011001101100111111111000101010000010100011000110011010000001110110000111000000110000000000000010110001100001
1111011001110111111101010111011100000101010100011011100010011001101111011011011101010111110001011111111111011011101110010111110010110011111111110101110000111110111
1000011111000100111000000110010111110101000111010000111011011101100100001010011000000000110111110111101010011111111011110000011010011000010000011111000110001100001
1101000001101110000010110011010110100001110100000101100000010000101101011010110011101111100001110000101010110110010000011101111111111011000111111100010011011111111
1111101111111111110110111000010110101100100111101100111111000101101101111000011000100010001111011101101010000000110111111111001100001111101101110110111110001011101
1010101011010110111100001101000100111110110100111001100011011111101100101101110011111110111101011000000000110101100000110011011001111110100000010010011011111000001
1010100000010100101111111111110110011010000110100011111010001010101101100101011000110110001000011011111111111111001011110111011100001000101011110110110000101011111
1000001111110110000011010110110000110011110100111001101011011000001101110001000010000000111011110010110110011000011111010001010101111011111110000000000101100010001
1101101011000110110110010100011110011001000110110011000011011010111000110100010110101110000000011000010011000011110101010111000000111000000110111111111111111010111
1101101001110100110011000111000011001101110100111011111011000010101011100111111111100010110111110011000111011110000100000011011010000011111100110000001010100000111
1001000011100111111011010011111001100001000110000010101001101111101000110010101000110110011100000111010010001111011101111000001011110110101001100101100000001110001
1111111000101101010001111000111100111101110111111010101011100101000011110110101011111111011101111100011000100001010100001101111110000000001011101111111110111100111
1000000010001101011011110010001001100001100000000010101000110101111011100010100010110011110000000110110010101111000001011100000010111011111000000000000011110111111
1010101011101100000001011111101101111101111101101010101011100000111000101110001110011000100111111111111010100000010111110101011011100001101011111111111111010000001
1110101010000111101100010110101000010000101101111010001000110111101011100000111011000010001100010101101111101011110000000111111001110100000001111111110100010111101
1100111011110011111001000000000011011010000111000000100011100110101010110111100000011010100001000000000110001000010101011110101111011101101100000000010001110111111
1001111111010110011111110111101010000011110011111101111000101100000000000000001010111011101011111011111111101101010101000000101101011101100110101111000100010000001
1101101110010110110010111110111011101111110110010111111101101101101011110101011011101000101000011000001011000111010101111010000100000111101111111001010111110111111
1111000011000010100110010000011110111000000011000010100000000000111000010101011000001111101010111111111011110001011100001010110001010000100001000011110011110000001
1011111010011000101111011111010110111111101001011000001010101010011010111101011010100001111111111111101001011111001101101010010111111111110100011111111000000111111
1010000000111110101101010001010000001101111101111111011110101110110010000111110011110100000001011000000011000001101100111010110010100000111111000101011010110011111
1000111011100000000000011100011111101100010100101100001100100110111011110000011111011111111111011011111110010111111111111011111000001111101011011100001110011000001
1110111111111101011110110111000011000111010110100001011110111100011011111101011100001001011101000000000000111110111010101111111110100000000001000101111111110011011
1000100100111001110100000011110110010000000000001011000110000101110000000111000001111011010000011111111011101010100000000110110111110111111011111100100000011111111
1111110110101111000001101001100000111011101110101001101100111100011010111110010100110000000111000000111111100000001111110000000011111101111111110001101111000010101
1110000000101011111100111101101101111111101000111011000110000101011010000010111110000110101111101011100010110111100010111011011110101101000101010100000011111110101
1011111110001010000001100000001000110100001010110001101100101111111010101010000011010011100000101000101110110111111110011111000000000000010000010110111110110100001
1010100000100011110101101010101101100001011010100101100110100000110011111111111001010111101111111101101110110000001010110101111111101101111011010010000000000001111
1010110111111010000100111010101000111101010010110101110010111011111000010101011111010100100000111000100000000111111000000001111000111100111111110111110111011111101
1000000011010000110101100011111011110001011011100101000110110000110010110000000011111110001111101110001011010000011011111111000010000110010101110101111111111100001
1010110110011010100101111011000011010101111001110101010010110111111010010101110110101011100000100011011001111110111010000000011110111111110001000000001100000001111
1010100011000011110100111111111110000111110011010101010111100000001011000100111100000011001010001111111100001110101000111011111111100001011011011101111001101011001
1010110110011011000101100000101000110110000110000111110101111111101110010111101110111111111110101100000110100011101011111000000011001111010001011111110011111111011
1110100011110011110101101110000010110100110111110011000000101111101100110011100100000000000110100001111111111111000000101011011110011001010111000011010111010110001
1000111011100110110111111111011010011111110000111010010110000000111110111000110101111101111100111100000101011101101110001111010100111100000000011111000101010111011
1110100010001100000110110000011010110010000101101111010010110101111000100010000000101111011111111110101100000100000111100001010001111001010111111110011101010101011
1000101111101101010100000110110011111011110111000000010110011100001111110111110110000011000000000011111101111101110001111011010100110011111111110010111001010001001
1011111110000111111101010111111111010000000111111101011111001101101000000101000011111110010111111111010100010100110100001111110111110111100000011010101011010111011
1011000000101110000001011101101110000110110001011101001100011001111011010001011000001010111111011101010001110101111111111101000011010111001101000000000000000001011
1001101101100011010101110000000000110100011011000001011110111100001111110101110010100000011101010100000100000001101011011001101110000010011111110110111011011100001
1111111001001011011101100101101010111110111001010101011000010111011000110100011010101011000000000001101101101100000000001011000011011000111010011100111001001101101
1101010011101011110000110111001011101000100011111111001101000001001110000101110010111001110101101011111101111111010110100010010111001010001010111110001111111001101
1000011111001110111010110011111111101101111001101010011111101111111000110100011010001011100101111000000111011011111110101000111101011110100000000011011100011101101
1101010101101100000011111110110100000001100011000000110011000001110010110101111110101010110100001010110010000000000011101010101000000111110101111111000001110111111
1111000000000111111110000000000001110101001111111011111000011100011010100100110110111000010110111010011000101110111111111111100011110000110100001101111100000000001
1011101011011100001100101111110111100111101000000001101111011110110010110110000011100010111100111111110010100010000110110100001111111111111101100000000101011011011
1000001010000111100001111101110100111110001101010100101000000110011010110100101000101010000110000101010110101110110000110101100110001011101111110101011101001001001
1111011110110100001011110000010110000000100101010110001101011111001010110110101101111011010100110000010010100010100110000000111100100000100110010111001101011101101
1000011000010111101001100101000011010110110111110110111001011101101010100110111111010011011110111010110111101010110100101011111001101011101100111111100101010111101
1101011101011110001011001101110110010100110011000110001101000000111011110100000000011011001100101111111101111110110101111000000011111111100101111101111101000000101
1001010111011011011110011111000011010110110110010100111001011011111110000110101101011001100110000000111100000010111101011110101000000110110001010000011101010110101
1011010010011000001111111010011010010100110011010110001101011000000111110110100111110011001100101110010101101110011000001111101011111110110100000101000111010011111
1011011000111111011000000000111111010110110111110011011001001101111101100100110110111001100110100011000000111011011010100000101000101010000111111111010111110111111
1001111101101100011101010101100000010011111101110111111011011101110101110101110000011101110110101001011010001001110010110101101010000000110000000001010000010110101
1111000001100001110111111101111110110110000000000000101111010000000000010111100101001100110010111011111011100011111110110100101010111111100101010111010111110000001
1000010100111111100000000000001110100110101010110110000110010110111010110100001101011101110111110000001001101111000010010101101010000010110111111111110000011010101
1110110110111000001111111011111000101100111010110111010110110100001111111110101101000100010110000101101111000001101110110100101110101000011110101000110101111111111
1100110011101110101100000011000010111001110011100011110011100110100001011010100101111110110011101100100001101100000111111101101110101011000000000011111111101101001
1001111111000000101110101011010110100011011001101000111110001100111100011000111100000010100111000101111111111110110000000100101000101001101011111111111011000101011
1100110000011011111000101010010100101011000011001010001100100110011001011110011001010111110101010100011101010110010111011111101111101100101000000000110000011101001
1110110101010010000010101010110110101010010110011011011001101100111101001100111101010001100001010101000000000010110001000011001100000101101010101010000101000000011
1111111111112111111111111111111111111111111111111111111111111111111111111111111111111111111111111111111111111111111111111111111111111111111111111111111111111111111
