11111111111111111111111111111111111111111111111111111111111113111111111111111111111111111111111111111111111111111111111111111111111111111111111111111111111111111111
10101000001010000000100110011000000000000101101101111010101100001010100101101001101011010100000000100000110000011011010010000010110000000011000100000010000100101011
10001111100010111110101110110010101101010000000000110000000001101000110100000011101010000101111110001111100111000001010110111110000111011000011101011000111101101001
11011101111011100000101100011111101111010110111110000111101011100011110111101110100000110101000011101110110001011111000000001110111101111101011101111111101000000011
10000000000001111010001111010001111011111111100000110110001110001001010110000100101110111100010110000010100101000101011110100000000000101111000000110110100010111111
11011010110100101011100010010101010000101001001111110100101111111100000011110101100111101101111111111000101111010000011111110101111110000011110110000000001111101101
10010011111110001111111010111100011110101100011100000111111011000111011110100000001101101001111011011110000001110101000001010111111111011001111111111111111101000001
11111111010010100110000000101111000000000001010001101111010001010000001010001111111100001011010010000011110111111101110100010000000001111100011011100100101000011111
10000000011000110011111101101011111110101011011011111101011101111111101011100111010111101000000110111111011110001101111101111010111100101101111010101101101011111001
11110101000010011001101000000010100000101011111111011000010000101110000001101101010101100011111100000000001010100100000100001010111111100111100000000000100000000011
10000111110110111100101111111010111111101110110110000011000110101011111011000101000101001011100001101111100000101111101111101010000010110000001101101011101111111001
10101100000100010110000011101010100101111110000000111111101100000010110011011100011100011000001011111011111111111011111011111010101010110111100101111000000000101111
11100111111111010111111000000000110101011011110111101100111001011000011000010101000001111110101011011000000001011000010000111111111000000000101101011110101010000111
10001111110000010010000011011010000100010011011101001110000011001101000011000001110100000010111001000011101100000010110111101101100010101111111111000010101111111101
11011100011111111000111001011111110111011011001001101011111010011111101001010100010101011110001100011111111111111011100000000000110111111111010110010110100000000001
20010001000110111111111111001100000001000001101011000001000011010000111101111110111101000011011001000000010000011000001010101011111111000000000110111110101111111101
10111111110000010111000111111111111101110100000000010100010111110110000000001100000101011111111011010110110110111111111110111110011110011011011100011011100000000111
11100110100111000000010001101100000001111111111111010111011101111111011101111110101111001100001001110100000010000010110111110011010100111001000001000011001010110001
11110000001100011111010100000111111101011000000000010110011000000000001100010100100001011001111111111111010111011000000000000110010101101011101111011001011010011111
10100101011111001111110110110100000001010010101011011100111111011111011001110110101101111101110111011001110001001010111110101111010100001001101111110011111111011011
10001111110111111000000111110110110100000110101010001111110111111111010011110111101100000000000000011011111111011011110111111100000001111111000000010110001101111001
11011111000100001110111100000000011111010110111011011011000000100000011000000001100101010101010101000000000001111000000001010110111111110101101110111110111000101101
11110101110110111011101111101011111100010111100011010000011010001111011011010111001101010101110111010111111100001110101111010000010110000000101110001000001011101001
10100000010000000001101010111111010111010011001111011101111011101000010011011111100111111100110011111111011111101100101000000101000010111111111011111011111010101011
10110101011111110100000000010100000000010111101000011001000011111101011011000000101110101110011000000000000001100111100011010111011000010101110001110001011010000001
10000101000000000110110111010111111011010101001101011011110110100001011001101101100000000010111010110101111111110101110110010111001101000000100111010111010000101101
10111111101010110110100111000000000011010001111111010011000100111101011011000101101110101111110010111100001100010000010111010001011001101010001110000001010111111001
10111011001010100011111100011011101011011111011011011011111110011101011011101111111000100000011010000101100001010110110001111011001101111111111000110100000001011101
11100001111010110110001110110010001010011101010000010001111011010001110001100111011110110111110010101101111011111100010111101011011100000011101011111111101100001111
11111100000010011111100010111010101011110100000111010111000000000100011011110000000110010000111110101100111000000110110000001011000110111000001000101011100110111011
10000001111010110000001000011011101010000001101100010011101111011110111001100111011110111010000010111110001111111100011011111110010110001110100011100000110110010001
10101011111111111111011011010001111111011011100101011010001100001100110011110011000010011011010110011000101111111110111000001110110110111100101000001010011111010111
11111111000101001000010011010111010000010010001101010011101111011110011011000110011111111110010011111111101000000110110011011011110100000110101010101010111011000111
10010101110001101111011010010100000101111111011001111111000110011000110001110011000000100011011001101100000010101100011111000000011101111110111011101010000011010001
11000000011100000111011011011111101101101000001101100000010111001110011011000111011010001001111100001101010111100111110101101101111000111010100001111111101111010101
11111111000001010000011010011011111001001110101000111101010100011000111001110001110010111100011001100111010101110000100001100111001110000011101011000110000101111111
11111000010101011101010011110000000011100000101101100101111101110010110011000101111010010101110011001111010000010101101111111110011110111110001000010011110000100011
11000011011101010001110111100101010110001010100100110001100000011110011001101100001011000100111001100001011011111111100001010000110000011111101011111110100110001001
10011111111001111101100100001111111111111010110110011011001101010000110011001110101011010110001111110111010001101010001111000111111111000001101000000000110011011011
11110000000011101000110101101000001010000010110011010010011001011110011011100010111010011111100110110001110100000000101100010000011000011111101101110101100110011011
10100110110110000010011100111111100000101010100110011011110011010000111001101011111011011000110000110100010110111101111001111111001011000000101100010100110011011001
10001100100110101010110001110000001101101010110011111010000111011011100011001001101010000011111101111101010110001100000011100011101011011111111001110110011001001011
10100110101111111010111111100101011001101010011010000011101110011110001001101100101110101000001100000101010100111101011000001110111110000001001100011110111011101001
10110100111000000011100010001111011101101011011011011010000011110111011011101001100110101010101101011111010110010111001101011110001100101100011110111000110001111011
10100110011111101010001000101000010001101111011011001111010110000000001110101100001110101011100111000110010110110111100111000000100110101101000011101110110100111111
10101111010000001110111101101111011011001110011011111000010111101011100110000110100011101111001110010110110110000001110011101101110110100101011111101011110110000001
10101101011111011000100100111110010011101000111110101110110011101110001111101110101001100001011100110010110111011011000110111111011100101111000000101011010100101111
10111000010000001110110001110000111001101010011000000100011010001111100110000010101011001101000101111011110011001111101110000000000110111010011110000000010110111011
10001101011110111000011011011110100011101011111111110001011010111000001111010110101001101101101111100001011111100010101000110110111110000011011110110101011100000001
10101101011000110011110010000000101000101011000000000101011110100011100011010110111011101100101010111100000101101000100011110111110011010110000011110101111101101011
11111111111110011011111110110111111101111111111111010101000011110111001011010011111000101101100000001101110100101101111111011101010110010111101000011111110111101111
11111001110000110010000000100111010000000110111100010111010111011110011110010111000011111000110111111000010001101100000000001100000011110000111101110011000111000001
10101011011110111010111101101100000101111100000001010110010100000000110000110001011000001111100011101101011011001101011011111001111000011010000111011010010001101111
10000000000000011111100001101111010100000111110111111100110111111101100101100111011011100001111000001111001001101101011000000011011111011111111110001010111111100001
10101111110101110101001101111000010101101101011100000001100111000000101101001100011001101011000010100001011011001001111110101000000011110101101011011010101110111111
10101100000101000000011000001101110101101100000001101011111100011011101111101111110011101001101011101011001001011100110011111011011110100000101011011000000000000001
10101001011111101111011110111111100101101111111011001001100001011001111000000000111000111111101000101111011011001110000111111111001100101111101011011010111111110101
10111111110000111110010000000110001111001000000011011011001111111100110010101010001010010110001010100001011001101011010000101101100101100011000000000011110111111111
10110110111110000000111110111111011100011010101011011001111110100001100110101011011011000011111111101111111111111000011110000000110000001110011101011000000000011011
11100000000000110110100000000110000101011111111010011011000000001101110100111011111011011000000001100110101111111101001111010101111111100110110001001101111011000001
10001010101110100100110110101100101101110000011011011001101110101001010110100000110011011110101100110000000001100101100001010100100000110000110101011000001111101111
11101011111000110110110100111001101101111111000011011101111100101100011100110110011011000011101110110101111111101100110111111111101110010110011101001101101101100001
10001000110010110011111110011011101101000000010111110001000001101110111110011100111001101111100011110101111100000111100010110011000010110011001101011001100001110111
10101111100110110110000000111000111001110101111101111111111011101000000110111001110011000100101001100100000001010011101000011011011110100110011111001100101011010111
10101000001100110100110101110010011011000101101101011010100000101011011110100011100111010001111100101101011011010110001101000000001110101111000111111111111000010001
10101101101110110101100100010110110011111101000001000000001101111010000011111011001100010101000110101101011110010010100101111011101011111011111100000011011111110101
10111111111000110101110101010010011010100001101100010101011001100011011011011001101001010100011111101101000011010110101100011000100001010000101001011000000000010101
10110110111010011111010101011010111010001101101110110111001100110110011000001111001101110101000000100111010111110010100110111101101100000111100011001110101010110101
10110000000011000110000101001111101111111001101000011110011110011111011010111111011111000101101110110011010000110111101100011001111110110000001001100011101010111111
10100101110111101110101111101101000011111111111110110000111000111000011010001001011000010100100010110110011101100001100110111100000010011011011100101001101010000001
10110101000011001100101100000001110110000100010100010101101111100010111110100011111111110101101010111111011111001100101100100110110111111001000110101111111011010101
10100111101011100110101101011011000000110110110110111101100000001010100100101010100000000101111110000001000011101110100110001100100100001011010011100100001010010111
10110110001110110111111111011111111010100000100000001101101110101010110001101110111111010100000011010101101010100110101110100110110001011011010111110001111111010001
11100111111100000011010000000101011111111110001101101100111010101110011101100100110000010101101111111100111110111100101100111110110111111011110100111101101101111111
11101100000001010110000101101101000101000000101100101101100000101000111100110001111011010100100000011111110000001110101110001100100000101000110001100100000101101011
10111111101101010011010111001000010000011010111001100111111010111010110001111100001110011110101110110111000111111000111011011110111101101010110100001110110000000001
10110000000101010111010111011110110111011011100011001110000010001110111100001111111111000110111110000000010000011110011001010110011000001010011101011100111011101011
10111101101101011100011100011000111100011110001011011100101010101000011001100000011000010110111000110101110111001100111100000110110011111111001101010110001000111001
10000001100101010001111001011010001111010000101011010110101010101010111100101011111111011100001101100100010001011110011001010100011011110101100111010011011111111101
10111101101101111011110011011011011011111101111001110110111010101010100110111001101000001101011101101101111011110110111101011110110000000000101111000111001110001101
11100001101101100010000111110010010000000000110011000000110010101010001100011011000010111111000101000100001000010111101111000110110101110101100001111101111000101111
11110100101001001111010000011011011111011011111111111101100110101010101001001111010110110100010111101101011011000001101000010110110100011100101011110000110011111001
10000101111011101000010110111111110000011010000000000000110010111010111111100001010110100110110001101101001110010101000011011100011110110001101001010111111010011011
11010101011000111101011111100101100101010011010101101010110111100011111000001111010011110000110111000101100011010111010110000101011000010101101100000101010000111001
11010100001011100111111101110101001101011011010100101010100110001011101111101111110110000110010011011101101111110011011111101111011010111101101001110000000111101011
10010101111111110010100000000000011001110001010110101010110010101010000000000001111111110011010111000100100001111011111000001011110010000111001100110101010000000001
10110100001100111000001010111010111100110101010100101010100110101010110101010100000101000110010101101110101100001000001101100000111011010001101101100111010101010101
10011110111110101110101010110010000110011111010110111011110010111111100101110101111100010011010000111000100110101101011001110101100001011011000111110001010101010101
10110000111000000000101110111010101100111100010100100011100110100000001101100100000110110110011110001101101100100101001101000111101011001011010000110111010101011101
10111010101101010110101000100010100110100001011101110110001100111101101101110101011100100011000010111111000101101111011001110110111001101110011011100001010111001101
10001111101101111100101101111011110111101011111001100011011110100001100111000101111001110111101010000011111101100110001101000000011011000111001001110101110111011101
10111000000001000001101001000011000011001010000011110110000110110100110111010100001111100000101010111001111111001111011111110111001001101101011100110100011100000111
10001101010111110101001011111011010110011011111010100111101111111101100001010101100110001011111010011100000001100110000110000001011111101100000111110101000110110001
10100111011110100111011010000010010110111111100000110011000001100000111101011100110100101000111111001111110111101100101100101011001110111001010001011111011100011011
10110110010000111100001111010110111100110000001011111010010101001011100001000101111111111010100101100111111110100110111001101001100000111101010100000001000110111001
10111111010110000001011000010100001110011111101000011111010111101000101011010100011010000010001100110000000000110110011011001011111010000101010101010111010110001101
10001101111111111011001101011110111010111000001101010000010100001101101001010101110000101010100001111010101111110010110011011010100010101101011101010001010110100101
11011101000000000001111111011000011000001110101101111110111111011001111011010101100110101110101011101110100011010110011010010000110110100111001101010111011111101111
10010000010111101101101011110010111110101111101100101110011111001100110011011100110011101100101110100110111000011110110010111011110100101110011001110011000000100011
11111111111111111111101010100110110000101000000110100000110101011001110110011101100110000110100000001100011011000010111011100000010110100011011100110111010111101001
11101101101000000000000000001100111011101110110011111101100000010011011111000100111100101100101111111110111001110111100000111010110110101010000101100001110001101011
10000000000010101010101011011110100001101000100111111001111010111000000110011101100001111110100000000110001101110111111101111010011110101010110101101100110100101001
10101010110110111111111001000010111011001101110100100011000011101010111111000111001101100100101011101100101100010010100001100011000010111110010111000101110110111111
10101010111111110100000011010111100001111100110110001001011011000010001100010001101000110001101001111101101101010110111111101011101010001100110011010101000011110001
10101011101011000110110111010011110101000001100111011011011001101010100111010101001110011011111100000111001001111100000110001001101111111110011011010101111001000111
10101010000000010000010110010110010101110111110100010011010011001110110001011101011000111000000101110001111100000001111111011101000000001011011011011111111011011101
10111010101101010110110111010011000100110100011110110110011011011000010111000111110010110010111100010100011001010111100110000111101110100011011011001100000000000101
10011011111001010100011101011001110110110101001010010110111001110010110001011100000110100110000101010101011011010000001111011110000111111110001011011001010111010001
11011111000011110101011000011011100100110111100000110110110011111010011011011111111111111100101101111111011011111011011000000011010000001100101001001101010110010101
11110101111010110101011010110000101110100110111010110110011010000010111011000101000001101110111100001011011000011001011011010111011010101110101101011101110110111111
10110101111110000101001010100101111011111110011011100110111011010110110001010101110100000000000101111001111101011011011011010110001111111011101101000101110110011011
10000001000111110101101110110111011011101011000000101110100011110100011011010100100110101110111111000011100001010001001111110011101101011011111001011111000010110001
11111100010000000111001100110110000010001010011010111010101010100111001001010110001111101000000011011110001101010111100011000110000000000000001101000001111010000111
11110001111010110001100101100111011000100000110010000010111110001100011011111110100011001101101000000011011001010001101110010110110101010101111111010111000011101111
10010101001010110100110100110011111110111111110110111111100000101101001110101000110110011001101101011111111111110101001111110010100111010100101011010001010110000001
11011111101010111110100101111010001100100100000010000011001110100111101100000010110011001101101001011101100001111101100001110111110011010110000001011011010100110101
10001100000010000011110111001011101110110001011010110111101000101100101101101010011010011001111101000000001100000111110111000011011001010100111111111011110110100101
10100001101011011011100001101110000111111101001110110101111110111110001101001011010011001100001101110101011111110011000001011110000011011110111111000000011111101111
11111111111011001010001011000111110101011101100110100000010100110000101101101011110111011110101000010101000000011111101011000011010111111000000001011011111100000001
11111111011001011010101001110010000000000000110010101011110001111110101001001001100110001100111010111101011011000000101011011011010011001010101111111011110111101111
10100000000011111111101011011011111111011101111011101000011100110000111101011100110110100110110011101111001011010101101001011111010111100010100010101000010011000001
10001010101000001100001010000010101000001100011000101010110001111010110111011001100100110011111000000111011110010100101111000001011110111010110110001011000110010111
10101011111101011111101111111000000011011001001101101010011011100010100000001100101101100111000011010001010111110101100011011111000010111011100000111111011111110001
10101011010001001100111101011111011010011011101000101010110000111011110101011110111101110001111011111111000000010111001111011111010110000000110110000001001100000101
11101010000101101101100000010101011111001011001101111010011011100011000101011010110000011011000010101111110101010001101110000001011111011010110010111111111001010101
10001111010111111001111111010000000110011010011001011011011001101010010111011000111010110001101000000000111111010101100011010111111101111011110110000000001101011111
10101000010110100011000000000101010110111111001100011001001101001010110110011101100010111011001110110110000001110101101011011110100000110000010100101101011111000001
10101011011100001001110101101111110100001100011001110011100101101110110110110001110111100001101000010011010100110111101110000000110110010110110101100101000001101111
11111010001110101100011111100110000110100110111100011110111111101000010100111011000011101100111010111010011111110011000011011111110010110010110101101101011111001101
10000011011000111110110010001110111100101100000110111110111010001010111111100001111000101001110010001011000000011111110110000010010111111010110111000101000011100001
11111011110010100000011010101000110001100101010110000000000011011110001100001101000011101011011110111110010101011101111110101000110000110010011100011101101110101011
10000000111011111111000000101101100101101101110100101010111110010100101111011001101001111010000000000110110101000000000010101010000111111111000110111101000000111001
10110110101111010000011010101100110100111000110110101110000110110001111010011101001100011011101011010011100101101011101110111111011111011101011110000101010110001101
10011111101101011110110010111110110101111010110100100110101100110100011000110001101101011111001011011111110111101000100011110100000000000001110000101111010011011101
10110001000000000000011110001100110101000010011110101110100110110110111110011101111001000001101110000000010011001101101111100001011111101111000101100001110111110101
10011100010110111010110000111001111111101011010000100010101100011110110000110000110011011101101100101010111110011111000000111011000011111101111111001011000001100101
11111111110110110010011110110011010000001001111101101010100110111000110110100101111010001111000110111010000011001011101101110010010110110101011001111001010100001111
11110111000010100110110000100110011111011111110001001010101110100010110110110100011110100001110100001110111111011000001101100110110110000000001011111111110101100001
10000000011011110110111110110000110111001111000111011011100011110111110010100110110000101100011110100110000110001111100100110011110000110111100000000101100100110111
11011111001000110011101111110110110000011001010011001001101001100100000111111100111011111101011000111111010110100011001111100110000110110111111111111100110110110111
11110000011111100110000000000110110111001100011011011101001101110110110001100001100000000101111110001101110110110111100000110011010110110000001110100001100011110001
11111111011001001111010101010010100011011001001001000101011111000110110111111011101101011111100000111101111100010011001010110110010110110101111010001011111001100111
11000000001101100110011101011011101010001011011011010111011000010100100000001111001001000011001010000000000101010110011010110011010011100100000000111110000011110111
10010110111000001111111001011010001110101011011001010011001110110101110110111100011011011111101110110110110111110011001111111011011000101101011010001111110111000001
10111111111101101010000011001111011100101010001101010111111111111111010010100001110010001101101100010010010110111010011101111011010011100101011010100011010001110111
11100000000001100011110111101101010001101011011111010010100000001010000111110111000110100001100110111111010000011111000000110001011000111111010011111000011111000001
11111101101011101001100101101100011011001010000011011000111111101011010001100110011100101111001100001110010101000101101101111011011110111011111000110011001011110111
10010000111011001111110000101001001111011011010110001101100000000000010111111111001111100001100110100011010101010001100101100011110000000000110010010110011001100101
11000101100001100110000111101011011000011011011111011111110101101011010011000000011011101011110110101001010101010111001100111000110101010110110110110011000011110001
10010100110101001111110001101110010010111011001100001010110101001011010110011011110000001111010010111011111111110011111101100010110111010110010110010110010110110111
10110110110101011000000101101100110110110011011110100000011111101001010110111011000110100000011110110001101000011000000101101111100111011100110010110100110100110011
10010100100111001111101101001001111110011010000111110101011000001011010011100001101100101111000110011100000010111010101100111000001100000110111111110110110001111001
10111110110100011000000101101100110000110011010100000101111111101001011011001011000110100011010011110001010111110010111110001101111111011111100000011110100101011111
10110000010111001101101111001001111010011001111110101111101011101011010001101111101100101111011000011011010000010110000011011111000000000101001011011000101100010001
10010101010011011111100001111101111110111100011000100110001010001011111011001100001001100001011010110001010111110010110110001010011111010000011111111010111001000111
10110101011001111010001100110000110000001101011110101111101000101001101011011001011101001101010010011011110001110111111111011000111000010110110101101111100011010001
10110101001100110000101111110101111101101101110000111100000010101100001010001101110001101111011011001000110100010100101010001101110011010010000000001101001110011101
10010111011001111011100111011101100000101000011010110001011110111001011111011001000101100111010011101010110110110001100011101101100110011010110101100001100011000101
10111100001100101111110000011000111010101101111110110111110000011101110110001101110100110001111110001010100110010100001110111001001110111011111111001011001010010101
10011001011001100000000110111101100011101111110100011110111101001100000011011111111101100100110011011010110011010110100100011011101100110000000001101110011111010101
10111101011111111011010110001101111000111000000001010000000001011111101110001111000000110110000110001011110111010110110001110010101101100101011111100110111001110101
10100111000110000010010100111000110010001111111011110111011011000001101100100101111101100110101111011001100101010010110100110110001100110111011010111110001100000101
10001100010110101011010110110010110111011000000000010100011011011011000110101100000000110110100110001100110001010110110110010010100110010011000000000010100101010101
11111111111111111111111111111111111111111111111111111111111111111111111111111111111111111111111111111111111111111111111111111111111111111111111111111111111111111111
