111111111111111111111111111111111111111111111111111111111111111111111111111111111111111111111111111111111111111111111111111111111111111111111111111111111111111111111
100110101101000000010110101010001010101001000011010110101101111110101000011001000010000000110110001100011010100110100110100000110100011001111000101011011011000000001
110100000000010101000100000000111010001101110110000000101000111100001101111101111011111110110010111110110000101100001100001111100101111100110011100000000000011111111
100111111101011101110111101010110010111001000011111110101010011001101100110100111010110100000110010100011110100001100110101001101100101110011010101111111010111110101
101111001111111111000110111110011010011101011001101100001111001111000001100110000010110111110110110001010100101100110011101011001101101000110000000110011111110000001
101101101010110110010100110100110000110101111100001111011001101111101100101111011000010001100100100111010110100110111111001001101101101011110111111110110101011110111
101001000000100111110110010110011110110001100111100110001100101001111110001011111101000111110110111110000010101111101110011011100101100011010101010100110000001010001
101101111110110011100011000000110000111100110010101111100110101101010110111010101111101110100000101011111000101011000011001010110000110110010001010101100110111000111
100001100100000110101111111110111110100110011010001101001100000000000000011010001011001100111110001011001110000001101001101010100111100011010100000000001111110010011
111100110110110100000110101110011010110011010011100000011111111110101011011011100011100110110011100001101000111111001100001010110000111010000110111011111001100111001
101110100111100001110110000000110000011010011010111110111111010011111110000010110110101100110111111101001110111111111110100000010111101000101111111000011011001101111
101010001101001011000111111110111110110010111010011010001100000110010111111000110100101110110010110001100100000001011111111111010011001011100001101101111001011100101
100011011001111111110101001010000110011000110000110011011111110111000001001110110110100110011010011101110001111111001100000000010110011010111111001100001100000110101
111000001100110101000101101010111100111101111110011010001010000001111101011010000000001100110000111000011100101001011111111111000011000000000101101111111001111100001
111111101101100101110000000000101001110001010010110011101011111101010000001011011101101110111110001110110001101011001010001101110110010110111101100011101100010111101
101000000000110000011010111110101011011100011010011010100001100001011111101001111111000000011010111100011100100011011011011001110010111111101101101110101001110011101
101110111101111110110011111000000011001110110010110000111100111100010101000011100010011110111000011001110101101110011000011011011000100011101001100010001100100110101
101111111101101000111011101101111011100100011010100101101001101111000001110110111011111000101111011100000000100111001111010011010010001010001011001110111101101100001
100011000001001110001110101111111010110110111010111101101100101000011101110110101010101110000000001111111101101101011110011011000111111111100011011010000001000110111
111001111101101100111110101010000000000000110010101001101110001111110000000100001010101000111101100111011100100001011011001011010011101101001110000000101111011100101
101101000000001110101000000011111111101110111010001101101011101010000101110001100000101111111111110101010101101111011001101010011010000101100011011011111011001101101
100001111111101010101110101000011001111010101011101001100011100000110111000101111110000011000111000001010101101001010011100000111111011100110110001010010011011001001
111101101000000000001110101101000011010000001010101100111000101101111111101101000000110111110101111100000001100011000110111011101110001101100110111111000110001101011
300001101101010111011000101001111000011111101010100110001011111111001100001111111101110110000000011001101100110111011100000001101011011000110000001101101111101100001
111100101111111111011110111111000011000000000000001111101010110111011001101010000001000111101011001111111101100101001111111011000011011101100111011001101011000111011
110110101010101000001011100000010111101101101111101010000010110101011111111011111111110101111111101111010000110000011010001011011110001000110001110011000001101110011
100000000000000011100011111111111100000111001000001011110110110100010010010001001110110100110110101001011010010111110011101011001011011011100100111001101111000011001
101101011011010110110110011110000111101100011111101011010110110111011011011101100010100101100010101100001111010010011000001011011010001011110111101011001011111011011
101101011010011100010110110011101101100111111000000000000010100110011010011000111000110101111010000101111000011000111110100010000010111010110011000001100001100000001
111101010011011001000000011011001000111100001111011010101000110111000010111110101110000001010011110000001111011011110011111010111010000000010110011111001111110111011
100001011011111011011111000011100010011001100111011111111101100101111010011000000011110100011010111101111010001001011011000000011110111111000000111110011000111110001
111011110010000010011000011010111111001101001101110110000000110001100000111110111000000101000000011000110011101011010001101111110100011111101111100010111011101011101
101111111111111011111110111000000001101111101101100011011110111011111110000111101111101101110101000011111011000001010111000110110101110001111010101110110011001010101
101101010100011111110110100011010111101010000000111011110110101010101000111101000100111101111111111001101011111011000101110010110000010111011010000110111001101010001
100001010111000110010100101011010011000000111110001001100000001010001110111001110001110111011010111101101010010001101101000110000101000000011010111110011011101000101
110100000001110011000001111111111001101111110111101100101010100000111010101100110111100110000000000001101011011101100101011100101101011111111000001010110010100011111
111110110111111011101111001101101100001000000000000110111111111110101000101001100100001111111110110100000001011100110101011001100111000001101010111010011010110110111
101011100011001010111110011000001111011111111111110000010101100000001110001100110101100110000000100111111100010101100000001011111111111111000011110000110000000000101
100001001001100010111011001111100000001100000000000111010100001110100000100001110111110111111010111111111111010001110101111010011101100101101111011110011011111010001
111101011100111000000001101011111111011111010101010100000001101100101010111101000110000101011011110000000001000111011101101000110101001101100001001110110000001011111
100000010110111101101100000000011110001010011111010111101011111111111111100000011111110100011110011111111101110011011000000011100001101000101111011010110101111111001
111011010000000001101110111111000000111011011000010100001110011011010100110111011010000101110111001000101001111001010011101110110111001011100110011000000101110110011
111111111110101011001011111100011011110001111111011110101111000000000001111110001011110101100001101110101101000011010110111010110001100000101110111101101100000010111
100000000000111110011011000001111111011100110111110011111001110101011101011011011001110100110100101010101101101010000000011010000101001101100100001101111111111110001
111011011110010111111000011111000000011110000001111000011101100111010000000000000011010101111110000000000100111011101111111010111111011111110001011000010110101110111
110001111011010010101111110000010110110011010100011111000001111100011011010101101000000001101100111101110001110001000000110000000011011011010111111011110100000000011
100111101011111010001111111011011100000111111110110110010100111111001111111101001101010100100111111111000100010101101111111010111110001011010010110001100001011011001
111111000000110000100000000010011001010010101100100000111110000111111100000001100111110110001110000100010111000100001000101011110111011001010110100111101101001111101
200000010110011101110101101010111111011000000110001011111011010101100001011011111100000011101011110110111111011110100011100001000011000011000100101100001111101101101
101111010011000001000101101010101010011111101111111110010011110100001011011011000001010110000000000011101101111111111000001100010111010111110101100001100001111100001
101000011111101011111101001010100000110000000011110111011010110111111110011111110101111111010110111011000001000101010011111111011101011110110100001111111100000110101
111110111110111110101001011111111111111011110110000000000000000000000000110110110101101101111100101011111101101100011000000011111000001100000001100000111111111100101
100000100000000000000011110111111000001111110111111111010101101010101101100000000101000000100111100010000001101111010011111110101011111001011100101010000011100111111
110101111110101111010110000010101111101100000000000000010101001111111000101101011101011010001101101011111101100011011010011110101000000011001101101010110110101100001
111111011111111110011111111000000000000111111111111111111101111100111101111001111111111111101000111011000000111010011000110010000011010111111000101011100000000101111
111011010000010000111000000011011111010000000001101111100111000001100111011111110110001110001110010011111110000011010011111000110110010100111101101111101011010000001
110000011111011101100010101111111111110111010100000000001111110111001111001111010111101011101011010110110111111011010110110011100010110001100101100000101011011101011
100101000000000111110111111000000001111100010111101111101100010110011001011000000011000000000000000000010000000010000000110111111111110111101101101101111111111001111
111111101110110110111100000010111100000001011111111000000111000111001101001111110111111111111101110111000111111011011010000000101111010000001100101100010101101100001
111010111000100110011111111011100001011011111000000010110101110000011001011001000000110100011111111111010100000000001010101010000010011011100101111001010100000111111
100000000010110000110101101000111101111111000011011111110100000101011100001100010110000111000011011101111110111110111010101011111010111111111111011101000001010011011
101010101111111110000000101111111001110000010111111001000001110111001111100111111111010001111011010100101111110000001010111000001000110110111011000111011111111000001
101111111001101111111110001101101111011011110110001101101101100100011010110011101011111011111011000001100111011010101110111011011011110000000001101111011110101110111
101000011100000001000011101101100110001111100011100000000100111111001000111000000010110001000011111100110010000010111110001111111111000101010100000001010000000010001
101111010111110101011000001001110111100110111110111110101111111101101110101110111000011101111000101110011011010110000010100000100101101111011101111011111011111111101
101000000010111101111111101101010000110000000000000000111010100000000000000000111111001000111110000011010000011100101010101111101101100111001111011110110000000001101
111110111000011000101000000000010111111101011111111010100000111101111110101011101011100010000000101000000101111001101110100000000000001101111000000110110111111100111
111100100011000010000010110101000010011111111100000011111110101111010111111110001010001010101110111110110101000011001110110111111110111100010010110000110000000110001
101001111011111111101011110111111010110111000001010111011000101010000101000111100000101010111111100000010101011011100011100011000011110101110110011010000111111100101
100011011110100000001110000110001010010101111111111100001010001011110101110011101010101010100001111110111111010010101011001110011000000001010110110011110000010111111
101110000110111101111111110011100000110100000110101111101110100000000000011010101010111011111100000000001010011000111011101011001011110100000011111111000101000101011
101000110100000001111011100110111101110111110100000110101111110111101101000000001110100011000001011011011011111010001110000000011000010101111111010101110111010000001
101101100001010101001010101100000001010101100001110100000001011100000111101110100110111010011011011010010000000010111000101010111101011100000101000000110011011101111
111000110101111101100000111101010100000100111101000001010100010001011100001100101111111111110001111011111011101010001101101010000101000110110000011101111011001111011
111101111111100001111110010111111111110001101111111101010111010101010001011110101001001101100101000001100010001110100101001011101111011100011011001100110001100010001
100111101100001011011111000011000000000100001010100001010100000111111111110000101101011000001111101100110110100010110111101001100110000101001001111001111011101000111
101111000111111110000011111001111111010110100000001011111111010011000000000101111000000010101100001111110110110110110001101011110011011101011011111111011111001110001
101101110100000111111010000011011000010011111111011010101100010111111111110101100010101011100101101010100110010100100111001111011110000111111000000010000101011110111
100100000001010010100010101000000010110111011111111110000001011100111011000100111011101011101111101000001110110101110001100000000110110000001101101000101101111000001
110001111011111000001000111010111111111100000000101111110101000110000010010101111111001010000110001111100010010111000100110101011100011101101101111101111101101101011
100111111110101110101110111011111101011110111110000001100111010111101000110111101110011110101100101100001010110110010101100101000101001101100100010111010101001101011
111100000110100000111000100011000001010000100000101100001100011101111101100100001000110100101101101110101011111110110100110101011111101100110101000010000000011001001
111111110110111101100011111001111100011111111010101001100101011100010001110111100010110001101001101010111000101100010101100101000001100101100101011000101101011111011
100000000000000111111111100011100001000001101111111011101111110111011100011111111011111101101111111000110011100001010100110101101011001111110101111010100101001011011
111111111011010000000000001110111111010100000100000010100011000001000001111000010011000001001000110010011000110101010110011101101001101011011100001011110111100011001
100000000001111011101101011110000000010110110001011010001001101100010101100011000111110111111110100110111101110101011111011001101111100001011110111000010000101001101
101110110101100010001001110000101101111110100101001111101111111111010101101001110010111110000000001100110000011101000001111100100000110100000010011101111011111100101
101100100111001111011101100101100111100000111111011000000110000000010101001111100110001011010110101110110101000101011100001110111111110101101111001100001000011001101
101111111110011000001111001111101100101010110000001111011110110101011101011100001111100000011110100110110111010101001101011000000000011101100001101101011010111100101
101000001100111111111010011010111110001110111101011000010000110101001101011001011000001011111000101100111111011111011101110010101110110000101011100111110010011001111
111111100001101111100000111000010100101100100001111110110110010111101101011011001101101010000010111001100000000110000101000110100010110101101000110000011010110011111
110111111011000000110101100011000001101001110100110100011100111110001101110001100111111110110110001101101010110011101101101100101111100100111010110101001110011010101
100000000001111110111111110110011101111100010111100001011110110000101001000111111100000000110110101100111010110110000101001110100101111110111111100101100010111110001
111110110101100000101000000111010000110001111110001101010000111101111111110111000111111110100100111110110010010110101101100110110100011000000000111100111111110011011
100000110100110110000010110100011101110100011000111001011101100001000000111101110000000000110101110100110111010111100101110011110001111101010111100110011011010110001
111111100101100011010110100101010001100111111111110011111000110111111110001000011111111111100101100001100110010001101101000111010101101101110000001111000000000010111
101100001101111110011111111111111011111110110111000111110010111100000000100011000000000000001100111011110110110100101101110110000100100100010101100001101010111110001
100001101111010000111001100011000001100000110101110011000111101110101010110111101011111101011001100011010110110101111001100111010110001111010101111011101010000000111
110101111010011110001101001001111111111110000000000110010110000100101010100100001111001101111111111011000110011101001100110011010110100001110100001000111011011101101
111111011011010000111001111100010110101111111111110011011111010001111010111111011101100000001110100011011111001100011001111011110010110100011111101010111110001100001
111100000000000111101101010001000000000000011100000110010000011101100010100000010000111101111000110110000101100101001101101110000110110101000000111010000011011001111
110110111010110100000100000111010111111111000001010010111011010001001010110110111110000000110010000011011101001101011000101000101111100101011110001111101010001100001
100000011111100101010001111110010100000001010101110110101010010111111111100011110100110101111111101110011000011101011101100010100000101101000011011001111011011110101
111101010000001101110100110000111111010100010101000010100011011110110101110110000001100101011000000011010010110001000100110110110101101101011001001100001010001100101
111001011101101001000110110110011000011101011101010111111011010000010100000111010100110100001111101110011010010101011111100011100101001101001011100001011110101001101
100011111111001011101100010100110011011001001111110001011111111111010111101101110110100110111100000011011011010101001011001011110111100111011110111101110111101101101
101011000000011001111111011110011010011101011000000111000110110110000110111100000011110100010111110111011010011101100001101010000001101100000000000100010001101001101
101001111101001111011000001100111111010001111011010001110010100000110000110001111111111110110101110001001111011000110111001010101011100110110101111101000111101100101
101101000001011000010010100110010101010100001110011011011010111110110110000111111110100000110000000111100110001101100001101010101011001110010100000111010110111110101
111111110111111111000110101100110000011101011000110010010000011011111110110100000000111110011110110000110111101111110101101111101001100011011110111111010010110100101
100110111110101010010110111101100111110001011110011011000111000001011100010101010110000000110000110110111101100000110111101101001100110111111100000001011000000110101
110000000000000000110011110111111101111101110000110011111100011100000001011111111111110101111010100010001100001101100000111001101101110001110001010111001101101100101
100101111111111111100110000110101000000000111010111110000001111001101101110011000000000101000010101110111001011101110110011100100101100100011101010011011000100111101
111111101100000000001111010000000011010110011010100100111111100011001000111000010101010101010110100010001101010111000011001110001101101101000101010110011110110000101
101010101001101101100101111111101010010010111111110001111000001001101101101101011111110101011100110110100101000011010110011000101101111001011101110011010010011011111
100000000011111111001100000000001011011011111101011011000011011100101001100111110000000111110001100100101111101011011111011010101100001101000111111110000110110000001
101101011000111011111110111101101111010011011000001111111011110101111101110110111101010100000100110101111100001001000011010011101101111111010000000011110110111010101
101101010011100000000111111001100001011000011111100000011110110111010101000110000001010101010110100100110111011011010111011001111001101001110110101001110110001110101
100111011110001010110101100011001011111101110111001111010110000011010111110000101101011101111111110110000011010001010001111100001100000011000010101100010010100110101
101100011111101011100000001110011000001101100001111000000011110111010110000111111101010000001100000011010111011101010111110110111101110111111011101101111111110010101
101111010001001011110111100111011011111000111100111011101000010101010111011111010101111101011001010110010110001101010011000000011000110101100001100100000001100111101
100110010101111000011100001101010001111111110110101111111111000000010011110001000001100001001101010011011110101111010110010110111011100001101101111101101100110001101
110011111100000011110001011001010111000010100000000100000000010101010110011101110100110101011001011111011011111000010111111110110000110111001000111111100110010101111
100110101001010111011111111100010110011000001110110101010101010111000010110000000110110111010011111110000000011101010001100000010110110111101010000000110010111100001
101110100011110101010000000001010111111110111111110111111111111110011000111111010011100011011000110000111111000101011011001110111100100000101011011010011010000110111
111100001010111100000111101101010101110000100000000110101010110000110010000000010111110111111101111010000001101111010011101110101111110101101110001111111111111111101
100001101010001111111100000101010100011111111101010000100010111101100111011010110000110001100000110011011011101111011000111000000000110100100011100100000000000001101
111111001010100001011110101111111111000000000001011010001000000001001100011010111010100100111010011011001011000101111110001101010101100110101001110001101111111111001
110110011010110100000000100110001101101101011011010011011110101101101110110010100010101110110011011111101111110000011000101001010100110110101011000111100000111110011
100000111111100110101011101111101000001001111111111110010000101000101000011010110110100110011011010101000110000101111101111101011101110010111001110000110111100011011
110110101001001111111111001100000011111011101101101110111010101110111011001110100110101100110011010000010011110111111100110001000111000110111101000101110000101111001
100100001101111101010100011111010110011111001101000000100010111000011001111100110011100110011001110110111001100000011001111011010111010110001111101100011010000001011
101110101000000000000001011000011111001101101000011110110111100010111011000001111010001100111101110100001011001010111100110011010001010100100011000110110010101100001
111010111010110111110111001101011011101000000011011100011100001011100001101100011010100110110001000110101011011111100110100110010101011111101001101100010110101101011
100000011010011111111111011111110001101101101001110001001111011110001011001001010010110110111011010011101111000101101100110011010101111100001111000110110100101101011
111011011010110000000000011010111101000001101101000101101011110111101110011011111011110100011001110110000001010000000110110111011101110101101111110111111110100101001
100011010010100101111010110000011000011101101001110111000001100000000111110001110011000101001111110011010101011011111100110110000111000001100000110011011011110111011
111010010110111111111111111011000011011000101101100001101011110111110001111101000110010101011000000111110111010000000110010011011100010101001011111000000001100001001
100010111111100000000101001111110111010011111111101101101001011100000101000001010100110101001101010000110001111010110011011110000111010101101000110011011111001011111
110110100011111111110001011001000100010111000000000101101101000001010101110101010110010111011101010101110100110011110111111011011111110111101010111001000111101010001
110011111010101110011101011100010110111100010111011101001101011011110101100111010100111100010001110111100110011000010001100000000001100110001010011011010000101000101
100110010000001011000000010111111110011001011110000111100111111011000101001100011110011001010111100000110111001101110111001011011111001111011111001011011011111101101
101111000111100000010111010001111100111101010000101100110100000011010111100110110000111011010110001010110011011101111111011111000001101010000001101110011000010100101
111000010100001101011100011011010110100111111110100110011111010111111110101100011110110010010111011010011110011000000001110100011011100011011101100011001110110110101
100010110111011001111001000011000000001100111110101110111011111110101100000110110000110111010100011011000011001101101011110001011011001011000101110110011000000010101
110111100001111111101101111011111101011110010000101100000010101010000001010110110101100110010111010001101001011001001110000101001011011110010111011111110010110111101
100001101011001110001111100000000001110011000101111110101000000000110101010011100111001111011100011011001101001101100011110101101010000010110010000011100111100001101
110100111011101011101011001010110100110111011101100100111110101010100111111000110100011000011111111011111111011111001000110101101010101010011000101000110011001011001
100110111110000000000000011010100101110110000111110110110100111010110110110010110101001111000110000000000001010100011111100101111010101010110011101010111110011001111
110100100000110101010101111011110101000000111100000000110001100011100100000110110111011110010011101101111111110001000000101101000010111110011000101111100000111100001
111110110111111111111101000010000111011010000111111101110100101011001110101100100100011000110110001000000010111011010101100101101010000110110010101101111010000110101
101011100110000010101001101011101100001010111100000001100101101010011000100111101101011110110111011010111110001001010111001101101010101110110111100000110010111100101
100011111111111000101101101111100110111011110110101011001100111111001010110011001001000110010100011110000010100011010011101101001010100011100110001101110110000101101
111010101011100010000000111110001100011111000000101011100110110000011010011001101101011100111111110110101110110110011001100111011011101111110011101101100100110101101
100010001010111010111101110000100101110110010110101000110011111010111111011101101101001101101000000000111111110111111101101111001110000000011001100111101101111111101
111011101010100011100000011010101111000000110100101010011011000010011000000100100111011100001110111010110011000000001101101100011111101101001111001110001001100000111
100000000000001010001110111110100001010110110101101010110011111011011101010101101100010001011010100010000110010111111001101101000011000101100011101100101100001010001
111111110101011011100010100100110101010110111111111010010110000011000101010101000110111011110000110110101111010000111101100101101001101111101110111111101001011010101
110110111111111111110110110001100101011110011010110011011111111001101101011111101111100000011101110110100110010110001101101101101111101011000010001011001101011011111
100000001010110000000111100101110101010000110000000110011101110011000111000010111101111011010001100110101111010111011000101101101100000001101110111010011101110000011
110101100000111111110011001100110111011101100110110011010000010111101100011110010101010001011101110100100001110011001010111000100110110111000000000010110000110101001
111111111110101010000111101001100001110001110110111010011011000110000111000111000001011011110101000111110111110110011010001101101100110011010111101111100101111101011
101011000000000000110001101101101011111101010100101011111111101100101100010100010100000000110001110000010000010110111110100101000111100110010001100000110100000111011
100000011011010101100101101101001011000000010110100011000000000110101101010101010110101010110100011011011010110100000010110101101100001100110100110101100110110001001
111111111111111111111111111111111111111111111111111111111111111111111111111111111111111111111111111111111111111111111111111111111111111111111111111111111111111111111
