1111111111111111111111111111111111111111111111111111111111111111111111111111111111111111111111111111111111111111111111111111111111111111111111111111111111111111111111
1000110101001010110101100000001100001100110100000110011010000011010101101001000000001000001101100100010100001010110001101001101010110110101101010101101101010110110011
1110110000011000110100101110111111101110110111101100111011011110000000101101111011111011111001110001110111011010110111101100101000000010100000000000101100000010011001
1000011011001110010110111010111000000000010111000110101001000011110110101100000000100000110011010111100011010010100000101110000011011010001111111111101101111110111011
1111011010011111000100010010101111111111010100011110101101011010010111100111111011101111100110000110110110000110101111100111010110010000111101111111000000001100101001
1000001011001011110111000110000101110100000111011100000000011111010101110100010000000001110111110010110011011110101100101100011111010110000000000001011111111110101011
1101011111100001110101110111101101000111010001010111111111001101000001010111011011111111010101010110110110010010001101101110111101010100101110110100000000010100100001
1111000110111011000000100011000101110111111100000011000101011101110111010010011000111100000001010110010100110110111100000000000101110110100010010101010111110110110111
1010011110000011111110111001101100110001101111111011110000000101000000011010110011100111111101010010110101110010110001111111111101111110101111011111111101100110100001
1011010011011001100000101011001001111100000101011000011110110001111011111010111000001100110101010110110101000110111100001101110101011010100001000110101100110110110111
1000000111111100001110000001101011100001010000000011110011111011111001101010011011111101100000000100110101011110001111011100000000001011110111011100000110110110010001
1111011101101110101000110101001010111101111111111001010111011011000011101011000000011001001101010001100101011000111000000001011111111000111111110111011100110011010111
1001001100101011111011111100011000011001110000000011010101010001110110000001011111111101011111110111110101000011111111011111110101101011101001100110000110010110000111
1100011001100001010011011111001101111111011110111000010101011101010011111101011011011001111010000100110100011000101101000010110100000010100011110100111111010000111101
1001001100111101011010010000011001001010001100101111010101011000000110110000001011001100101011110101100001111111101001011110110101111110001001100101110110000110111001
1101100110011001011111011111011011011011011101100000000001011110111100111111101011011001100011100101101100011001001011011100000000000111011100110000000011011100101101
1111110010111101001110011100001011011010010111001101111101001100000110011000001001001100110110110101000111111101100000000110110101111101001101111011011110000111101101
1010111010011000011011010001101011000011010010011111000000011111101111001111101011011110100110000000011110101101101110110000011101110101100111000001111010111101000001
1010101000111101110010011111000001110110011011111111111111011101001011101011000000010110110111110111111010001101101111100110111111010101110011111100101010101100011011
1010101110101101011011001011101111110011010001101101110000001001100010101001101111000110000101000010101010111000001011111111110110000000111001101101100000000101111111
1000101010101000011011101010101110010111010101100000011111101011101110101011001011111111010001110110001000001011111010101001000011011111101101100000111110110000000001
1010000010101011000010100000000011010110010111111111010100001010101100101001100000110101111101000100111011111000111000001100011111010011000101001111101010010111111111
1011011000101110011000111111101010010011000010111100000111100010101110101011001111100001110101110001111000001011101011111001110001010111010101100011101000110110111011
1001111110000111011010000011101111000111110110100001010011111000101000001000011110110111000000000111101011101011001001101100011011000001110100001000000011111110000001
1101000111011101111111111000000101110100110110111111111000111110001111101110111010100011111110110010101000111001101011101001001011011111000001011110101000011000101101
1111110100001001101101011111010100010101100000110010100011100011011000000100000000001110001100110110000011110011100001001101111011010111111011001111101101000011101111
1011000001101011101000000011110111000000110110011000101110101011001011110111011111111111100111100100101110011010110111011000101001010101010001011000101111111001100001
1010011111000010101111111010100110011111110111111110100110111011011110000000001010001010101100110101111011000000110100001101101011000000000101000011111010111100101111
1011111010011000000110100000110011011010100001010100110110110000010111111111011010111010101001100001011010011111110001111001000000011111111111011001010000000101101101
1000101011111111110110111110110110001010111011010110000000111110110101101100001000011010101100101101000000111101100100110011011111110101111111110011000111101111111101
1110101000101011000010100100000011100010110010010111110111101110110101001111101011110010101101100111011111100101001111110110001010110100000101111111101110111111011001
1110001110101010011000110001111011001110011010110011010010101000110101101011000001011000101100101110001100110101100011000000100000000101110000011001001100010101001101
1010100000000011111101111111100010011111010010011010000110101110110000100001110111011110001101101011100110010101001001110111101111110001011111111101101001110001011001
1011111110111010101000000010111011011010011010110000111110001100011110101111000110001010111100000001110111010101011111000000100000010111001011011001101011010111001101
1011010000100000000011111000101010001011000000111010011011011110111010100111110100111000101001111111000011010100001101010101101011111111011001001101000011000011011001
1000000101110111011111000010101010111001111110001110110010011010110000101101100001101110001100011101110110000001100000011111111111100101001101011000010111011110001101
1101010111111111110000010110001000011101011000111100011011011010011110101000110111101010111001110100010000111101111110111010111110101101101101011011110110011100111001
1001010110101101111110111100100011010101011110110101111000010000110000001101110110000010001101100111010111110111011011100010101010101101001101011011111111010110101101
1101111100000001000010011111111110000001010110100100001111011110111111100000010010111010111000101100000000000110000000101110001000000101011001010000011010000000000101
1111000001011100011011110110000000101100000100110101111101010110101110111111000111100010101110100111011110101111011111101000111011111101001100000111111010101111011101
1011111111110111111011010000110101101110110110110101011000000110101000100111110001101000101010101101011111111101011010101011110000110101011001101110101010111111011101
1001000000110110110000011111111111001000100100000000011111101100101110101100110111111110100000000000000001010101001010000000010110000000001101111010000000010001110101
1101111010000000111011010111000011111111110001010101110011000110101010000110100010001110101111111101110101010101100000111101000011101011111100011010101110110111110001
1001010011111110011111000101111000110000011101111101011001101100101011101100111000111010000000110111111101000000111011101111101000111110110101111010111111110010011011
1100000111110111010101110101011101100111000111101000001101001110100011100110111011101011011111110010001111101111101000000000111111111110110000110000011001010110110001
1110101100000000000000100001010101111111110111000010111001101010111010101100001011001001011011010110111001100001001011111111110011101010011110000101111101000000111011
1011111111010101010110101100000101010000110000011010101101101010011000000111100001101100011001010110101011001111011000001110100110001000110110111100101101011111100001
1001010111111111111100001101110001011110000110111110101001101011001111101100001101101111001100000000001011101000011011111010101100100011100100011101101101000010110101
1100010000110001111001011001100100010011010110110100000011000001011000100110111101100101011110111111111001101011000001001010000111110110110101110111101000011010000111
1111000110011011010011011011101101000111111111100001101001110111001110001111110001001101000000000001100011000001011111011010110011010110000101010010101011001000110001
1011011111010000000111110011000101010000000001001100111100110101011011101011011101101101011110110111101110011011110000000000011110000000111100000110101011011010110111
1011010000000111010101111011110111111011010100011111110110110101001010101010010001101100001111111110101110111001110110110101001011011111101110111100000001001010110111
1001011111111111110100011110100110101111111111000110100000000001011000001011000111001101111001001100000000001101011100011111101011010110101010101101111111111111110001
1101110110000000000101000100001100000001101000011100001101011100001111101001110101101000101101101101111111111111011001111111001001010010101010100100011110110101010101
1001100000111011010101110001111110101100001101110110101001110001100110001100000000001010100000100001011101110011000011110101111011010110101000101101110000000000011111
1101111111111011110111111111111111111111101111100110101111100111110111101111111101111011111101101111000000011001110111010000110011010100000010100000000111110111000111
1000010111100000110100000011001101010000001000001100101000001100000000100100011100000001010000000011011111110011110100000101111010010101101011101111010000010001011101
1011000100001010110111111000011001011111101110100101101010101111111110110111010001111111011011111111010011011001010101011111111010110000111111000011111101111111111101
1011010001111011110111011111011100011101101111110000111111111010111100010101011101010011001011100001010110001101000101111010110010111110110110011110001111000010110101
1010011011000000011101010101010111000001001011011010111111011010100001000000010101000111100000110111010100111001011100100000011010101100000011011010111011011110100101
1111111001111011111000000000000101111101100011000011101010010000111111111011000000011111001111100011000001101011011001101010110000001101111110000000101000000100101101
1101000011011011001111111111110101000000001001101001100011011110100010001111111101110110011001101001011111101011001101101111100101111000001010111010100011111101100001
1000011010000011101111000000000001111110101100001011111001010000111011100110000000000011001100111101000110100001011001000101001101110011111000101111101000000000001011
1011001111111110001000011111111101111000101101011111011101011110101000001111111101111111100110010000011110110111011100011100011111011000000010000101101101111111111001
1111011101110111101111001100000000000011101001010100000000000000000010100000000000100110001100110111111010110101001101111101110011010011110111010000101111000000111111
1101110000000000100011111001110110111011111101110111111101111110101011110101111011101111101101100000101010110000011000000000000110011000111101111010000011011111100001
1000011111010110001001101101100011100010000001100001110001000000101000011111100010101011001000111011101010110111111101101011111111010011101000101011011000010111101111
1101110101111100101100000001111111001011110111111011011101011010101111111100001000000001100011110000000000000001111100101000100011000110100011100011111101000000000101
1101100000101111100110101011000000011110000100110000000001110011101100110111111011010100111000011011010101111100011001101111101110010000001111101000101101101110101101
1001111110000111001111101111111111110100111110111111111101111011000110000000110011010110101011111011111100001101000011111100101010111110100110111010001100100011100001
1100101011110101111100001000101011100001100000100000000001000001011111111110000110010100000000000000000110111111010110110101100000001111101100011010111111101110001011
1110000000000000110110111010000000001101111110001101010111101011111000000000110110111110101101010111110100001011011110100000001101100001100001111010000000111111101001
1010101011110110110111111011110110101111010111011001110100001010101111111101111110110000100101010011011111111001001010110111011100110111001011101110111111111001111111
1000111111111110010101101110000110101000000000001101000111011010000101010111000000011010101101011000001011100011100000000011110110010111101000000110000001101011010101
1111110110001011010000000100110011111111111101111111101111111111110000000000010101001110100101111101111010001111110101011000000011010000111011010011010100000000000001
1101100011100000000111110001111111010000000001100000111101101000000110110101110111011000101100011000000000111101010101001101111111111110001001010111111111111111010101
1000001001111111010110000101010000000110110111111110110000000011110110011101100110001101101101011010110110000000010101101100000010000011011111111100011010101111111111
1101011100000000010011101101011111111111100111101000100101101010000111010000110100111001100101011110010010101101110101111101101000101001110101111110111000000000011011
1101010111101111111111001001000000000001111101000010001111001011110001011101100110011100110101000110110110111000111101000111101101111100100001010100000011011111000001
1001010100001111110000011101101111111101011001111110101100011111000101010001110011010001111101010010010010011110001100011110000100010110001100000001110110000001101111
1101110001101000011111110111111101000000011101011100101101010000011101011100110111111101011001110110110111001011011001000011010111000011011101010100010010111011100001
1001100111101011000100100111010100010111000000000101100111111111001101000110110010101100001100010110011101100001110011010111110110011001110111110110110110001110111111
1111001110111111110110101100000001111111111111010001101100101000011001101100100110000101101101010011001000101100011011010000110010111100000001111111111111100000000001
1100011000010100000000101001111011101001000000010101101110101101001011001110111111110001111101110111100011111111110001010101100110011001111111000101001011111111110101
1001111101000001010110000011111110101100011011011101101000101001101001100111111010100100011000010001101000000111111011111111111111001101000000011100011010010000010111
1011101111101101011111010110000000000001001111011001001110000011001111110100000000001101001101010111101011110000011010101011101101101000011111111001011010110110110011
1110001000001001011000011111011011101101111100011011111111011001101100111111010101011101100101110011001000110101110000000001000000101101000000000011000000000011111001
1100100011011011001111111100011010000111000001011111000000011011101101101011110111111000111101100111101110011100011101010111011011101101011011111111101011011001111101
1001101001111111011000000001011110101100010111000110011111110000101000000000000100000010001100110001100111000101000101010000001001100111011000000000101110001100110111
1101101111101000011111110101010111100110110100010110110000000101101101110111010101010110111101100101110001011111101101110101011011110100001101010101100010101110000001
1101101001000011010100010101010000001100110110111100100110101111111111000110011111110010011001101100110101000111111101100111111111111101011101010101110110100110110111
1000101100010111110111000101111010111110100100000110110111100000110000010111010000000111011101100101100111101101010101110001110101101001000101110100010011101100011111
1101111111111110110100010111100011110100110110101110110100001010111101011100010111110001001100110100110011001000010111011111010000001101101100110110111111111111000001
1000111000000000010001010110001011000001100110100011111111011110011001111110111100000101100110010110110111101011110010001100000101111100100101110110000000000001110101
1011100011111011010111010011011111111101110110101111100110000011011111000000110001101101001111010110100101000001010110111101101100110101111111100011011101101100010101
1000111010000010000011010110011000000001010011101110101100101011110000011010100100101101100110010110110001110100000000000000111110000111000110110110001111100110111111
1011110011101111010110010111110011111101000111111010001001101000011101011110110101100100110011110110110101100101101111110110000010110111011100010100100010111111101011
1010000110001000010011011100000110100001110100000000100011111101011001010000011101001101111000010110100111001100100000110011011110010000000001110101101000010100100001
1110110100111111010110001101110100111111111110111111110110000101111111111110111001101111100011010010110001101101101101111001001110111111101100011111001011110001101111
1111111111100000010011101111111110000000011100100000000111010000110111000000001101000011001001111011110101100101101100110011100011100011111101111011101000000111000001
1011001111111011010110001000000010110101000001111111110011011011100000010101011111101011011100011001100101101111101111111111001111101110110100000001101010110000010111
1011100100011111010010101111011000100111111011000000000111111011001101010101010000001011011001001111101101001100000111011101100100001110000101111111001011100101110111
1000110110110100011010111111110010101110100010011101010011000001100111110101010101101001001101100110111001100110110000000000110001111000101100010101111011001100010001
1010000010100001011111111000100111111000001111110001011001010100111100000101011111111011111111110000011011110110111011111010011011011011100101000000111110011101010101
1111011000001101000101101110111101011111111101111101011011010101110001110111001100011000010100000111001011000110011000001011011000001000110111111010000011010101011101
1101111111011001011100001010001001000000000000011001011010010101000101100001111001000011000111010001101011011100111010111111001101100010111110111111010111000101001101
1001100000001101000111100000101101011101010111000011011011011101101111001101100011110111011100010111001110000111101110110001100111101010011000000101111110011101111001
1100001101011111011100001011100000011101111111101011010011000111001000011001101010000001000110110001101000101100000000000111111110101111000011010001110011111100001111
1110111001001100000110101001110110110111111000001001110111010111011011011011111111101011010110111011001110100111101011010011011100100011011110010101011000110110100011
1000110011011110111111101111011111110000010011011011000100010100010010001010000000001010011100001001111000110001111011011000000001110110000111111111011010000011101001
1010110110011000110110001000000000000101000111110010010101011111111010101111111011011110111101011011011010110100011001111101010111111100111101101010000011111111101011
1111111111011110110011101111110111010101110100011011010101011100000010100011000011001100000101011000011010100101011100000101111110101110001100000000101001000000111001
1110000000000011111000001000011101110111110001111110011101010111111011101011101111011001101101111101001111110101000110101100011100000011100111011111111100010110001111
1000111111011111101111111111001000111111000100010111000111110111100001101010001000001101100100010101011100000101010110111001000001101111110010000000000110111111111001
1101100000001110100000100101100010011100010101110000010110100000001101101011111111011001101111010001011001010101011100001101011011100000011000110101111100000001101101
1000110101011000111110110000001011010110110111111101011110110101100101101010000000001101100001111011011011010101001101011001011010111111111101100111101111111111001101
1101111111011010000000111111101111010110010000001101011000000101001101001111101010101001101100110001110001010101011001011101011000000000011001110000000001111111011101
1001100000011110111110000000001100000000111101011111001101110111100101101100101110111101100110100100011011111101011011001101011010101111111100111111010111000000010101
1100110111010000100000101010111111111110100111010111011001000110001111000110000110000111001111110110110011000001011010011001001010101010110110001111110001011111000101
1001111100011011101101101111111000000000001100010100001101010111100011010111101111010111100000111100011111111011011011001101011111100000000110100000110100000001110001
1101101001010010000111111100001101101011011101010001011111111100001001111101101000011100001111100001000010110011011011011001000110001111010110110101111101011100010101
1111000011010111111100000001100001001011111001111101110111000001011011101000001110111101100000110101101110100110011001001111011100100111110010110101100101000111010111
1111111111011111110111111111111101011000001101110000110101111101001110000011101000110000110101100111000000110011010011101100011110110000011110011100101111010001110001
1101010000011010010011011011000001111101111000011010110000000001100010101010001010010101100111101111011101111001011001111111000011100101000011000110000001010111111011
1001011010110011010110000000010101000000001101110011111101010101101011111010101011010101110000111000000111101011111100001100011000110101110110010011101111110000011001
1101010010011000000000111011010111101011011000011010000001110100101010000011101110010111000110001101110110101111100001101101001010110100011111011110001110110101011011
1000011010111111011010100001110100001001011101111111011100111110111111110111001000110001010111101001100000000011001011111111011011100111111010000011100000011111001001
1011000010010110001111110101100101101011110000101101111001100000000110000100011010010101010001111101001011010111101000001100001000110000000011011110001011111111111111
1111101111110000101100000100110100111000111110101001101100101101101111011110111111011111010111011001101011010110001010101101011011111010111111000010101011110101101101
1101111101011101100111110111111101100011101100000011000001111101111011111011101101000001110110001100111011011110101110101001001000001010000101010111101000000001100001
1000000000000111001100000111100001001000000110101010010101100000001010100000000000010101000010111111100011000011100110101101011101011110110001010001101110111111001111
1101010110110000011101110000110101101101111100111111111100111101011000001111010101111101101000000011111011010110001100101101011001001110111011111011001100110101100001
1001010100111110110000111011100101111100000110110101101101100001111111101000010100101111001101010110000011011110100110111001001011011000001110101111101110000000001111
1101111110100000011110100000111111000001011100110001100000110100110111001101010110000001101001111111011010000011101110001111011111011010100000000101000110101010101001
1111101000101101110000111011100000010101000111110100001101100110000001111111010100101011001100101011001111101111000010111110000001111110111010111101101111111011100011
1010001110100111000110100001101111110101011100000101011000110100101101100000010110111001100110000001011000000001011110110000111100110000001110000001100101011110001001
1011100100101111101100110101101100000101001101010101001101100110100101001010110100001011110111101111011101010101000110011110000110110101011100110101110000000011101011
1000110001101000001110010101000111110101101101110101101000110100111101101110110110101001100100000011000111011101010010110000101110011101010111111100110101010110001001
1110000100101010111000110101111110000101101101100101101010010110001101101000110010101101101111101111101100000101011111110110100010111101000000001101100101011111101011
1000101101101010100010010101100000101101000101110101101010111111011001101010010110111100101001100000111110101101000011000100101010110001101101011111101101000110101011
1110101101111111110110110101110110111001011111000111101010100000001100111110110010110101101100001011111011111111101001110110101110110101101101000000111101111100001001
1000101111010111010100110111010110110011001011010000101111101111011001110100110110000101111111011000100000000111001111000110100111111101100101110110000100111111011101
1010101000000010000110010100000110110111101000010101101101111111011011100001110011011111011000011010001101101101100001101100110000110000101100010011111110000011001101
1010101010101000101111010101011110011101001010111100111000010001011010111011000111001100011111011010101100100000110101100110011011111101111111011000000110110111101101
1111101010101010101011010101011000110000011110001110110011000100001010000011101100011001000000011010111001101010110111111110110000001101010001011101110010011110001001
1000001111111110111000010111011010011101110100100110011110010101011011011001100110111111011101110010011101101010110000001100011011011000000111010000011111011100101101
1010101100000100100011010100011011000111000001111100111111111101010010011100101100011000011000111011000111001010110101011001111011001101101111011011000101110110101003
1010101001010001101001010101011001111111111100000110110000000001111011010001111110111101010010001010010001101010110101011011000001011000100001011001111101100010101011
1011101101111111101101111111111111110101000001111100011011010101111110010100010100011001110110101111010111111110110101110011101011001010101111010011110000001110101111
1001101101100000001111101010000101010100011100000110110010011111010111110101110001001101100100100110010000000011111100011010101001011010100111011000000101011000100011
1101101111110101100011000000110001000001010001111100011011010011010100000100011011011001110101101100110110111111100001001010001011011110110001011101011101001101101001
1101111011000101001011101101110100010101111011110111011010011000000001010101011001011101000101100110011100111100110101011110111011000110100111110001001111100111101111
1001011000010101101000111100011111010101100000000011001110111111101101010101001101000101101101001111000110100001110101011000100001101100110011111111011011111110101111
1011000011011101111011110001111100011101111011111001111100100111001101010101100111101100111001100011011100001100010101001101101011101101111001011110011001010010100001
1011111011011001000000011111010001011000110000001100011001110000011101010100110110100110001111110110000110111101111101011001101000100101111100000011000011010110110111
1110100011011101101010110000000111011101100101011001110011000110111001111101100000110111011000000010101100000100000101111011001010101100110001111110010110000010010001
1000001011010000111010111011111111000111110101001100011001111110001011000001101011110001001101110110101110111111111100001001101010100111100100000011010000110110111111
1110101011111011100010001110000000010110000101011101110011100000111001111011001000010111101101000110101000000000001101111111101110110001111101111010010101100000001001
1000101001100001101011011000110101011111101101000100011010001110111011000001101111010000111001110010101010101011011000011000000010110101000001111111010100110101100011
1111101100111011111011001111111101000001111101101101111010101000001001101011000011010110110011000110101110101001001101111101101111111111111100001110010111111100111111
1101101101111011000011111111010001011011000001001100001010101011011100111010010110010010110111110010101100101011011000010111101101111000000001011011110000000110000001
1000001001100001111010000000000101011010010111011110111111101011001111111011011111010110110000110111101111101111011101110000000000110011111011000000011101101100101011
1011101011111011110010101010110101001111010100000110110101001011011000001111000001010010110110110101000110000001000100011110110101111010000011010101000111001101111111
1010001110011111011010111010110111011000010111010110000001111001111010100000011011110111100110110100010100101011010110111000010101111111010110011101010001101100010101
1010100011000000000010011010100001001101010100010100101011000011000010110101001001100001101100010110110110101001010110001010110100110000010011000101010101001101000001
1111111111111111111111111111111111111111111121111111111111111111111111111111111111111111111111111111111111111111111111111111111111111111111111111111111111111111111111
