111111111111111111111111111111111111111111111111111111111111111111111111111111111111111111111111111111111111111111111111111111111111111111111111111111111111111111111111
100011010000000000000000110001100000110101100110011010110101010000110100011001010101001011000000000010101010101100110010110001100100000101010011010101000110011011011001
101000010111010111011010010100101101100000110100111010100000010111100111001101000000011001111111101110101000000110011010011100110111110100011010010101011111011010001011
101111011111111111111110111110101111111110110110101000111111010110101101011001111111000011011010101000101111110111001010110001100101000111010000110100000110001010111011
111000001101111101101000011000000011010000110100001011101000000000101101011101011011111011010000100011101101000101100000011100110101110101000111100101111111100010100001
111110100101010101101111001111101111011110110101100000001111111101101100010101010010011011011110101111101101110101001011111101110100000001010111110101010110111000001111
101111110000000000100111011101000101000100010111110111111110010001101110110000000110110011001110100010101101010000011110000001010111110101110000110101010010011101101001
101000000101111110101101010101101101110111000011000100111011010111100110011111010100011000011000101110101100010101011111110100010101111101100110100000011000110101111011
100011110111111010100001010100001000100110011011110101101010000010101111011011110001110011001110101100000110111111001011011111010001001101001110111110110011100101011001
111111000100000000111100010111101110001111110001010001101011110110001010001010111100111011100010000110111100011011101011001000011100011001101011101100011000110100001101
111100011111111110110111000111000011101101111011000111101001110000100011101010100001101110111011011100011001111010000011101111000111001101000001001110110011100101111101
100110110000000000000000011101110110000000010000011101001100000101111110000010111011001110110001001111001100101011101010100101101101100101101111011000011000110000000101
101111111010111110101111000101000011011101000111111101011111110111100011111010110011011010011100011001011110000001101110110000000000110000000100011110111101111011111101
100101001111101110111101110100011111111111110000110000001101100010111010000000011011001011011001001101010011101111100110111111110111111011010001001100101101011001010001
110001101101000000100000000111011110000001110111111111011000001110101011010101011001101011001111100101010110100110110010001101000010110001111011011110101001011100000111
111101100000010101101111110111010011111011010000011001001111100110100001011111010011001011011010110001010110001110110110111001111000011101110001111000000011001101111111
101001101011011111111101100000000110100010000101111101100001101110001111111010011011100001011010111100010011011100010010100011001110110111011101101101111001011000001101
101100111111110000110100001111110110111011110111010000001111101100111000110000111010110111011000011111010111000111010110101111011000010011011001001111101011011011111101
101110010100011110110101011111000010101001110010011111100011001110001011111110010010110011011111010100000001011100000110001010011011000110001100011010101011001001101001
100000110110110100100001010001111010101100000110110000001001100011101000110011011000110111001100000110110100010111101111011000111111110011100110110010000001100011001011
111110110110100110111011111100000000001111110010111111101101001110000011111010011110110101100111011111111111000001101011011110001100100110001110111011101101101110011011
100000000100110100110000110001010110100101011010101100000111100010111001010000110000010000110100010011011011110111001011001111100110001111100100011010111101000111011001
110111010001100110111011100101111111110000001010101111010010101111111101011010011111000111110111000111000010010001011011100000110011101100110110110000011001011101001011
111101111100110100101010111111110011010101101000000001011010101001100001011111000000010010100011011101111011010111011000001111100111100110110110011011001100000001011011
101001110101100110101110101010011001011111001111110111110010101011111100001101111010111000110110001101100000000000011111100110110010001100100110111110011111011111000001
101100000000101100001110101011011100011111101010100101111010100000101111011000011111100011100011100001111111011111110101101100011000101110101100101111001011001110011111
101111110110100111011010001010000111010101101010101101010000101111100101001111001100110110110110001111001100010101100101001111001101111010100101101011101010011011000101
101000100110001110000011101011011110010101001010100101011101101000110000011101011001110100000011100001100111010000110101011011101000110000101100101010100010110001101101
101110110011011100110110100010010011000101101010110100010101000011111111010100001101100110101000110111110101010111110101001010101011111110100110100010111010000111001101
101010111110000110011110111011000111110000101010010111010000011111101010000110101101101111101101100011110101010001010000011000000011101010101110101110110000111101101001
100010011011010111001100110011110011011110101011010000011011111000000011110000111001101101101001111001100001010111011101111010111110000000001100000110111110001101001011
111000110011110100011101100110111010011000101010011111000001101111111001111110011101000100101100111011111101000001010000101110000111111111101110111110001110111001100001
111110111010110111010101110110100011011110001010110001111011100110010011001100110101101101111101101010110000010111011101101100111100110110001010100011011010101101101111
100000011010000000010100110100111010001011101010111011000000101111011001100101100000001000111001101000011101111101011001100110000110100111011010001010001000101100101101
110111001011111111000101100110110010100000000000011001110111101111001100110100101111101101101100000011110000011100011100110100110100110000010011101111101101100101100001
111101101010100000010101101110111011111011110101010011000011000110011110100101111011001001101111111001100111110001110110110101111110111101000110100110101100110001101111
101001000000110101110001000100011001011110111101111011111001011111001100101100110001101101000101011011110011011011010010100101101100001111110110110110101101111100100111
101101111110111111111101110111011101010100011100101001101100001100011110001110110101101101011100011011000110011011011000110000000111101010000110100010101100101110001101
100000000000101011011101100001010100010111010110001100100101111111000110100110011101001101011001111011110111011001001101100111111101100011110100001110101001101010100101
111110111110101011010101111101000111010000000000111110110000111001011111101100110001101001011101100001100010000011011101110000001100111010000101101010001101101010111101
100111111110101010000000110101011100010101010110110100011011101100001101000110011101001011000101101111111000111111010100110111111110001011110101111011101001000000000001
110101000000000011111110000000010111011111111110010111010010100111100001101100110000011001101101000110101110100110000110100001011011101001010000011000101100010101111111
100101101111110110011011111111010110001011001000110110011010001101111101101110011111011011000101011100101100001111011100110111010001101101000111111110000001111111101011
110001111000000011000011101000010011101011101110110000110000111001000101100100110000011011011101010110100110111000000110000000011011000101110100000111111100011010001001
111100011111101111111010101111000110001010100000011110011011111101110100110110011111011011001100000110110110101111010011110111110001110101010101111101010110110010111011
101111000100000011011010100011101111100010111111010100111001101101000101100110110111001011011111110110010100000101011110110101100101010000000101011000010110011010000001
100000010001111001010000111001000000001110110011010110101011101001110101110110010101011000001100100011010110111100001100110000001111011101110001001111010111010000101111
110111111111111100011110111101011111101010100110000000001010101100000000010011010000001011100110110110010110000111100110100110111010000111000111011011010011000111111101
111100000010001111000000100000011000000010110111011111101000100111101111010110011011111111110110110111010100111100110010001110111011011111110101011010010111101110110101
101111111011101011111010001101011110111000000101111000001011101101111101000011010001110110010110110101010101100110111011011011101010010101100000011000110001101000010101
100101010000000000000011011111110110111011010001101111100011001100010101111000010111010100110100110101000000001100011011010001101000110000111111001101110111100011110101
110000011011111010101110010000000000100010010100000101001110011111000001000011010011010110110110000001111010100110111001000101001011111010011011101000000111001010010101
111111000010000010101111110111101101110110110101110101101010111001111101101110010110000110110011101111011011111100001101011111011000011111000001000011111101011111010001
100000010111011011101001111110001111111111111111000001000010100011001100111111010111110000110110101011010001011001111000000011001011110101011101101000111001010110010101
111111011110011001111100011011100110101100011011111101111000110111101110011000010000011110110110101001010111011101001101111110011001100101110101001110001101010011010111
101011010000111011011001000000001100000111011000000000101011100011001011011111000111010000010110101100010110010101011000100111011100110001110101011100101100000110000011
100000010101100011001111010101101101010000000011111110000010111010011001001101110111011111010110000001110011010000010011101100001101100111010001111001111110111111111001
111011011101111010011010010111000111110110110110000000111010000011001101011001010101111110000011101111100110011111010111000111100100110110010100100011011010010011011011
100001111001011111010000110011101111000110110011010111110011011111101000001100000000110011111011000100110011010000010001101101101101100111011110111000001010110111010001
111111110011001100000110100110111001110010110111111101011000000111101111101110111110111000110000011101100111011110110111100101001100001101011100001011111010110101000101
100110011001100110111111111100111101110111111111101000000011110011001100000011110000011101111111000100110110011000010110101101101101111001010111101010110000010101011101
110111010011110111111011101101100000000011011011000011011011000111011111101111011101001101011101011101100011001110110010001101101000111101010101000010011111000101000101
100010011111010101100000000101111011110111000000011011011001110010011010100110010111101000010100011001111001011010011010111001101011101100000001101010110101110100010111
111011010110000000001011010000011111111101111111111011011101111011001010110011010010001111010111001100111100011011000010001100101001101111111100111000110001110101111111
100000000000101010111111111101110110001101101000000010001111000010011000000110011011011000000101100101100101110011101010111110101011000011010101111110011011010101101101
111010101011101011110101110000110111100000000011101111011001111010111111110111010000011110110100110000110101011000101000011010100000011110000001101110110001000000000101
100011111111111111100001011110100101111111110110001000010011100000010110100011011111010111100001100110100001011011111111001010001011111011111011001010111100011111101101
111111111000010110111100000000001100111001111100101111111000001111010100101110010100010011111011110111111100001000011000011010101011110011011011101010100111010101111101
100110101111000000001101101011101101101100011111111101111111111000010110000011000111000110110001100001100110101011111111001010111000011011000000001000101100010000010101
110010101010011010100001111111101101100111010111100001010101001111010000110111101100011100011100110100110000111010110011101000011111110011101111101110001101110111110101
111000001000111111111111010100001100101111010000111101010101011100011110100010101111010110110101100111111110010000011001000011001100110110111010100111011001100000010101
100011100011110101010110000111100110101001011110010101010101010111010111111010100110000010110100110110100011010111111101110111100101110110010000001101001100110111000001
110111101011100000010111110110001100101101000111000000000000000110000000000000001100110110100110010010111010000001110000100000101100100011011111101101011101100001101101
100100001110111111000101010100100110101001110000011101111101010011011101011011011110110110110011010110110010111100011110101111111110101110001001001101011001101111111102
110111011110110111110100010111110010101011111111110111101101011000010001111110010100100000000110000110011010001111110110100111010110100111101101101101011011000101010111
100011111010100000100111010101011010101011011010100010000001110011011100110111000111111011110110111100110000111010110110101101010110101101001000000000000001101101010001
111110100010111110110110000000000000001011010000001000101101111110011001100001011100111111100010101110111101101000110000001101000110100101101111110110111111001100010111
101000111000000000000011101011011111101001011111101101101001011000111100111100011001100110111000000110100001101011110110111001011100110101100110111100010101101101110101
101110001111101011111010001111111110000011011000111001001111001010101111100111010011110100001111101110111101101010011100001101010110110001001100001110110100000000100001
101011100000111010001011111110100000101000011110100011101111101111101011001100000110100111100011001010101100100010111001111001010110011101100110100000000001111101101111
101011001110011111101010111010111111111111001100110111001000001101000011100110110000110001111001101010001110101110101100110011000110111001101110111110101111001111000101
100011111111010100000000100000000000000000011001111101111110100000011001001111100110111100111011001010111010001100001110010111110100110011001011111000111011100001101101
111010110011010111111110111101111111111111011101011000110011110101111101100101101100000110101011101010011000111111101011000010110101100111100001101110110001001111000101
110000111010000110111110101111100000000000001001010010111011111111101000110101111111110010000000000000111011111001000001101110100100110101110111101000011011011001110101
100110000000110000000000101010110101111111101011000111101010101100000010000000010110111011111111011011110001101100011111101010110101100101010011001110110001001100100001
110100101101100101011010000000000111101100000001010011101010101111111111111111010000000000000111111011011011100111010010101010110100110100010110011010011100011110101111
300110101111111111111110101010101100000001111011110110000010101011100000000000000101011011110001100000011010101100000110000000010101110110110100110010110101110100000001
111110100110110010000000101110111111101111100000100111111010100010111101011101011111111111111101111110111010100111011111011101110101100110010110011000110000010111011111
101011111100011011111010111111111000001110111110110101110000110110111111111111111010011000000000000000001010101100011011111101100000110100110100111110010111110110001011
100001011001000000001111110011101111011010000100000000000110000010100110110000000000111111010111111011100000100110110001100000001111100001110001101000110001110000100001
111100001111111110111101010110001001110000110111101010111111111010110100011110111110101011111111000001111011101100000111111111100110111100011101101110110111011011111011
110110111110100000000000000111101101100111100000001011101101010000000101001111111100001010011000011011000011100101111111011010001100011001110001101100010111011011011111
100000101010111110101111101100000000101111001010101110000000000101110111100011000001100000110011001111111010101101101101010010111110110011011101101111010000000000000101
111010000000101100101000001111101010001000011111111111101010101101000010110110011011111110000111111110100010101000101100011010101100111001001100101000000101010111110001
100010101010000111111111100111101111011111010001011000001110111101101000000110111111010000110101101010111010101011100111001010100110101100011110101111101111110011111011
111010101111110101010100001100111000010111111100001101111100100000111111110011100100011010011101000010110000001000110101101010101100101001110110101011001010111110011111
100011111101100000000001100110111110110001110111011001000111111111100000011001110111000011111001101000000110100011100101101000001101101101010110000011011010011100110101
111011011000001011011011110000000000100100000000001111110011110111101011010011000011111011000011101011110111111001101101101011101000101001010011101110010000110110110101
110011000010101111011011000101111101111111101111100011011010100000111111000111011000000001101000111110111101011011000001101010111011101101010110101011010111100110000001
100111111010111110001111111111111001001011111110001110000000111101110000010001111111010111111110010100010001010001110111101010010011001001010010100000000000101100111111
101100001111111011101100000000001111100000100011101000110110010000000101110100110001111101010111010111011101011101100010100000110111101100011000101111011011100110110101
100111101101100001111111111111101011111110111000001110100111000110101111111110011101101101010010000010011000000000101110001110100101001101111110000001111110101100000001
110011000000001100011011010000000001100110000011100000110101101100111010001010110000001101011011111011000010111110101011100111110101101100110100111111101100000001011111
100111110101101001000011011111111011001111111111111010110100001101100011101000000111101000000000000000010111100010001011001101010101001101100110110001000110111111111011
111101011101111111111010001100000011101101000000111111111111101101101000001110101100001111111111111111111101101000100010011101010100011000110110000111011100100001101001
111000000001010100000000100001111000001000011010001101111011100101001111101010111111101100110111110000110000001010111000110100010111001110110110111101001110101111101011
101101010111000111101110101011000010101010111111100000110000111111111000000000011010101110000100000110011111111111101110010111010101100110110100001101011010100011000001
101111111110010010000011111111111111101111110101111110111110110110100011110111110000000011110101011111001111010101000111000011010101101100100001111101011000001111011011
100010101100111000101110000001001101000001010100000000000000000010111010000111100101101000000101111001100000000000010011110110000101100110101111110000001011111100001001
111000000111101101100011111101100000010100000001010101111111111010110011101100001111101111110111100011110110111111110110000011110000001110100001011101111010101001111111
100011110000000001001111000000001110111111011011110101000000000000000110001110101100001100010011001001011111100110100111111011000101011100101111010101101010000011010101
101010000110101011111110011101101000101100011011000111101101101110101111111000111111111001000111111101011001110000110101010011111101110110101011010101000000101111000001
111111111111111110100000110001001110100001001111110001111101101000101101011111111000011111110101000000001101011010000101011001011000110010000000000000011110100000011111
100111101101010100001101111011111111101101011000000101000001001101101100000011100011010110110101111011100101011111110000001100001010010110110110110111000010111011111001
110010100101010111011111010011000000001001001101111101101011100111111111111010110110000000000000000000110000000001110101100111101111000000011111100111101111111000000011
111000110000000001110110000111111011011111011001000001101001111111011001000010011111010110101010101101111010111100000111001101101100011011111111110101111101001010111001
100010111010111011100111101100000001110000011111011100111111010100001101111011011000010110111110101101011111111111111111100000000110111111000110111101010000011110111111
111110001111110011001100000110111011000101001100010001111001000111100000000000001111010110100000111101000000000000000000110111110100000101011110101100000111001111100001
101100111100011000011101111111111110010101100111111111001101010000001111111011100101011111110111110111111111111111101110000100100001010001001010100110110111100011101111
101110110111011111011001000011101110110100111110101011100001111010101000000011110101111100000100010111110101111100001111111110111011111111011010101100010000111000101001
100100010100000000001111111000101011100101100010101000111011101111111111011110110000000111111111010101000000000001101010110000100000101101011000000101111111111111101011
110101000111111110100111110010100011001111111000101101101011001110011000011110111011111110111100010101110101101101111000000110001010000000001101110000000001100011100001
110001110000100011110101011110111000011000101110101000000000011011001111110000000001010100000111000000011101101001000010110100111010101110100000111101111111001110001111
100101111110111011010101010100001111111110100000001010101101001010011100111111111100000001110101111101111000111101101110110110001110100010101010001100000011100000100001
110101000000000000000001010101111001111110101101101111111101101011010110101000100111111111000000000000110010000111001000110100101100110110101110111001010110001111111111
100111111111111010111100000000100011011000111111000100110111101011000110101010001100010111111111101010011111111111111110110111100110110010101100011011110000101111010001
101110100000111011111101011110111010001110011011110101100011000001110110000011101111010101010110111111010111101100010100011100001100110111101101011000111010101000000101
111010111110100011000001111000000000111011010000000100001000010100110111111110000000000100000000010100000010101101010110111111011001110110001111001010001111100010101111
110000000000001011101011000010101010000001011110110001011010111110000010101111110101110111011111000111011000101111010000100010011101010100100011011111111101101111101011
100101111111011010001111111010111111111101011000100111111011101011111000000010111111100001111010010000011010000110000101111000110000010110101010000000001000100001100001
110101100000001010111001000011110101110000000010101110000011000000000011111000001010001100110000111010111111101111010101100010100101011110101110101011100011101101101111
100111111010111110111101111011000001000101010111111100110111111011011010000010100000101110000111100010110000000000010111110111110101011000100010101000101001101101100001
110110011111110100100000111110011101110101010110000001111100111111111110111011110101111000101111111111111011110101010110000000110101010010101111101101111111000101101011
111111000000000001110110000100111000000111010111111111101110000000110110111110000111011110111000011101011110000101010110110111111101010110111000000100010101101100101011
101011111111110111000111110001101101010011111100000000000100111110100011101111111110000000011101000000000000110101010111110000001101010100001101010110110000111001111001
100000000010100110011101011111100001011010111111101111110001100000111011001010011011110101010111010111111010110111011101010101100101111101111001010110000110001100001111
101010111000001111010000001110111101110010010101101000000111111110110000011011000000000101110000010111100010100011010000000100101101110000001101010011010010111001111111
111111111101011101111111101010000001111111000001111101111100110100000111000000010111010101111111111100001011111001011111101111100111000101011111110110010110001100111001
110110001111111001101100000000111011010101011101000111101110000001010111110101011111011111000011110001011111011101110000000000101111111101000000110010110010100110001101
100011101010000011000001101010011110000001111101011100001011101101011101000101111101111010011000000101010100000000011110101101101001110001011111100110100110110110100001
101000000000111000011011111111010000110100110100000111101010111001010000010101000001110000111111110111000110111101111000100100111011000101110000110011101110111110110101
111101010101100011001110000000011110111110000001101101000000000011111011010101110100010110100000000110010110011001100010101110110000011100000110011001100010001011100101
111111110111110110011111101011010000011111111111000000011011101011000010010111111111000111111111010111011110111011111010101010011011011001010010111101101110100001110111
101011000010110111010001001110011111110110111111111111011011001001110111011100000000010100000000010100010000100011000010101000110001010011110111101101100010110100010111
100000010110111100011100011111111000000100000000000000010001111111000011111001101101010110101110111110111010101001110110111110011011011001100000000111111110100101010001
110111010000011111011001110000001110110001010111111111011011000101111110110011111101010111111000001100101110111100110100111000110001111100110111010001011111111111011011
111110011010110000010011100110100011111101011111000000001110010000000000000110110001111101100010111001100000001110100101101110111011001101100111110101010001000001111001
100000110010110111111110110100111000001101110000011010111111111010101010111100000101000000111010001100111111100110101101000000001111100001110000010100000111011100001011
110101111010111110101100011111100011100001111110110010110000101111111111111001011111111110100010111001100000001110100111101011100010101011000101010110110000001111011001
111111000011101000000001011010001001110101011100011010111110000001011001100011010010100000001110001111111111100011101110001001101110001001110111111111100111111011111101
100000010110001110101011000011011100011111010111011011100000101100011100111011111010111110111000100110100000001110000010111011111111011011000000000000110000010000101101
111011111111100000101111101000001111111111000000001111111011100111010110100010001010101010011101101110001010101100101111100000011000011001110101101110100111110110001101
111110001010101010111101111111111011010101110111101100001110001110000000001010100000000000110001101000111011100111100011001011110010111100110100100111110000000011100101
100111100000001110100001010100000000000000000110001111101111111010101011011010111101111101111100111010110011001100001001101001100110011001100101110001011010101001111111
110000001010101111111100000111010111111101010110101000000011011010101110010010110000110001101101111110111010011111011111111011110110111100110100010101000010101100011001
110111111111111000000111101101011111000001010110111101011000000000111110110110011011110101000000001100001111011011000110000000011110001101111101111111101011101101000011
100111000101011111110110101101111000010101111100010111011111110110110000111111111110100101011011011111011101011000011111111011110000101100110000000000111001100111110111
110100010000000000000000001101101101010111101110110000010000000110110110101000000000001101010011000011011000011010110000000000011111101101111010110101100011110000010101
100101011101011010101010100000000001110111000000011111111101010100110111100011010101011111111001011010011101111111100111111011000110000101101011100101101000010101010001
111101111111111111111110111011101011000100010101110000000001110110111100001001111101011111000011001111000111110000001110000001110110101111000000110101111011010101010101
100001100010110101000000100011111001110111010100011011011011110111101111111011000001001100010111101100011100000101101100110111000110100111101101100111010001111101111101
111101111010000101111111111000110011000011010110111111111010011101101010100001111101100111011100000110110111010101001101100111101110110001101100110000010100110001101101
111001000000110001100000000011100111110110010110100000100011000000000000001011000001111100000111110100100000010101011111110001101000100101101001100110110110110100000101
100011111111111100111110110110001101000011010011111110001111111111010101101001101111010111011101111111110110111111110100000111111101110111001101110111111100011110101101
111110111101000001101000100110101101111011011111010111011000001100011111001101001000000111000000001010000100101110110111110000001101000001101100110000000111000110111001
110110000001111101000010111111101101010001110000000000001110100001001011101111111111010000010101011000101101100100000000011011111001110100101001110101111110010010001111
100000110100000000011010110000001000000100110101010101011000110101101000001000000000010101010101011010101100110001101101000000001101000101101011000100001100110110100001
111111111111111111111111111111111111111111111111111111111111111111111111111111111111111111111111111111111111111111111111111111111111111111111111111111111111111111111111
