1111111111111111111111111111111111111111111111111111111111111111111111111111111111111111111111111111111111111111111111111111111111111111111111111111111111111111111111111
1000000010101010101010010110011000011001100101011000000000001101000110101101010101000110101000010000110101010010000001101011000010011000110110001001001100011001000010101
1010111000000010100011010011011111001011110001001111111111011100010100001100000001011100000011011011110101011011011111001001111011011011100110111011011001011100010110101
1111110011111000001000000111000111011011011101011000111010000101111111100111111100010111111110000001010001000010001010011011000000010010110010000011011011110001110110001
1101100110111111111101101100011101011001010100001110100010110000101101110010110101110011010011111011011101111011011000110001011111010110011000111011000000011101110011101
1001110100000010010111100111011000011100000101111010111011111101101100111010110001100110010110000000001000110011001110011011110110000000111011101111101111110101011110001
1100111111111011010111001101001111000111010000110000110000000100001001100000111101110011010011111111100010010110011011010001100011011110110010101101000001100100001011011
1001101111000000010101101101011000011111111011111011111111110101111011111101101000011011000110110000001111010111011011010111111011010010111010100001101111110101011010001
1101100101111111000101000000011101001101100001010001100110000001011001101101101101010001110110111011011110000011011000000010110000010111101000001111100110000101110010111
1000110001101100010001111101110111101100001101011100110000110100011101001001001101111101100100011110010011111011011110111110110101000101100011111101001111010000111010101
1110111101001101111100000000110111000101111100010101111111111111010101101101011000110101110101110111111010100000001110101010111111110101110111010001011111110110011010101
1000010101101111111111011110110101101111100111010100110001000000000101101000011110100000110101100011100000110111011010100010011000000000110101011101010110111111001010101
1011000001101011010111110000010100000110110111010110111101110110101101001011000110111011100101111010101010000011111010001110111101011011110101010000000010011100011000101
1011111011000011010001111111010101111100110000010110101000011111101101101111011100000010110100110000111111110110110010100110100101010001100001011011101110110110110011101
1110100011111011010111010100000000101001111111010110101011111100000101001101010110101010000101111110010011100010111010110110001111111011001111001111000010010110000111101
1000111001000001010110000001111110101011001100000100100001010111110001101001010111111011110000100111000110001000001000011110111011101011011101100101110110110100101110101
1110001101111100000011111011101010101001100111110110001101010100111101101101000011010000110110101101110111111111101011001100111001000000010100110101110010100001101010001
1011101001100101011011001110000000000011110001010011100111010110000001101000011110011011100111100000000100011011101001111110001101111110110101100101010110001111111011101
1010000011110101010001100011011011011110011100010110001110000111111101101111000110110010110101110111110111011010101100110110111001100000110000110101010011100000110010101
1011111001100111111101001111111110000011001101000011101011110001110101000111011110011010100000111111000011011000001101100110101101111110100110010101010110001111111000001
1000101100110010101101011010101000101111101111110110101011011100000001101101011010110010110111101000011000011111101000110100001100110100001100110001010011100110111111011
1110101101110110001101000000001111100101001010000100000011001110101100001101000010011010110001101101111011001100001011100101111001110001011111111100010110101100011011001
1000101001100011101001111111100011110101101011110111010110011011111111100001110110111000011011001111101111100111101001101100011100011111011001100111000010100101111010011
1110000011111010001101101001001110000000101011010011110110111001010101101111100000110011110001101010101110110010000011100110110110110111001101110100011110101100101000111
1011101111101000100101101101100011111110001010000110100110001100000000100110111011111010011101101010101000111011010111001100000110110101011100110111000100000101101101101
2010000011001111110001100001001110111110111011010010110011100111111110001110111001101010110001101000101110101011110101011101111110000001011001100110010001111101101000001
1000110110011011000100111101101010100000110011111010100111001110101011101010101011000010011011101101101100100010110001010100011100101101010011110000111111010100001010101
1111100011011001010110000000101010111101111010101000110101100100101010001010101001111000110010100001101110111010100111000101110111101001010110110110101110000110111011111
1001110110011011111111111110101000001101011010101101100000110110000011100000101100110010011010111100000010101010110011110100000011111101000000011110101011011110001001001
1100000011011001101000000000001111101000001000100000111110110011111010111101101001111011111010100101011000001010011001010001111110010001011111110000001010001010111011011
1110110110011100001111111101100000001111101110111101100100111010000000011001001100011001110000101111111111101000110011000101101011011100000000011111101010111000011001001
1011110111001101111010000001111110101101100100001100110101101011111101001101011001110011000111100110100100101101110110011111001001010110111111110111000000101010111011011
1001000101101001110011111111010011101001110111101001110001101000111111011000011011011001110110110110110110000001010011010011101011000000101011000101111011101011100000001
1101110100001011011010111011011011001100110110101101011011100011100110001101110010011011000010110110000111101101010110000110001001111110000001110001101000100001101111011
1000110111100001010000101010001011100110000100000000011010111000110100101000011000110001111010010011110000111101010011011111100011011000101111011101001011101011100001001
1010000101001111011110001000100000110011110111111110110010101101100101100011111110100101100010110110111110110001010110000011001011011110111010011000011010101000001111011
1111110101101011001110100010101010011001100000000000010110001001110101101111011010001111001000010010100000111101010011011111101111001100010010110010110000101110100111111
1101000000001011011011111110101111001100101101010101000011101011000111000101001010101111111101110110111010011000010110000011000110011111010110110111111011100111110001101
1001111111100001011001001111111101101101111101111111110110001001110011110100011011100101010000110110001111001111010111101111010011001101000000110000110000110001011111101
1101010010111011001101011011011000101001010101000000000111101011011001000001110011001101010111100011101100011010000011000101011110011001011011110111100111100111011000101
1000011010111010011000001010011110101100000111111111110101000001001101111101011011101100000100110111100111000011010110011100001010110011111001100100110110110000001110101
1111000000100010111111101011010000001111101110000110100001111101011001011000010001000111110110110100110101111011110011001110111010011000101011001101110110100101111010101
1111111110111010111101001011011111101011000011110000111101100000000011011111000101011101110000010001100001101010111001011010000011011101100011101101100100001111110010101
1001101000000000011001100000000110000011011110011110101101111111111011001101011111010101010101010111111101000000000011011010111110010100110110101100110001111011011000001
1100001101110101001100111111110111111011010011010010101000110000011001011000000011010001011111010101001101011101011010000000001011010001100110001101111100000001011110111
1001100000111101111110011000000010110001010110011010001110100111001101011101111111010111001010010100011101111111111010111011111010010111110110111000110101111111010100001
1101111010100000110011001111111000011011010011010011100100111111011101010101101010010101101011010111010101100110110010001011011011000001100110011101100000010101010110111
1111011111111101110110011001111101000001011001011001110110011000010100000000101011000101001010010000000001101100011010111110001010011011110000110100101111110100000000101
1010001100110101100011001100000001101101011011011011000000110011000001110111100011010001011011000111011100100001011000000011101011011110111110110110100101010111011111101
1000100001100001001111011111111111111101010001011001111110011111110101000011101111111011011011110100011110111111011110111110101010000100011000100100101101010110011011001
1111111101111101101100001101101011000001011100011011110000111101111111111000101001100001000001100110110000001010010000010100100011101101111110110110101101010010110000011
1000000000000000000111011000000001111100010111000011011110100101011000000011101011111101011100110100111101100011011101110110101000001100101100100110000000000110011101111
1111111111111111110010001111111011100001000010011010011000001100001011111011100001011000000111100111101111111010001000000100111111100101100110110011101110111100110000101
1010000000011000000110111110000000111101111000111110111111101111011111010000111011001110101110111111100011011011101110111101111001110000101100100110101100100001111011101
1011111101000011010000011011011101101111111110110110101000001010010100011011101001011000111010001100111000000000101100101101101100111101100110001110100110001111010000001
1011110111111111111011111011111001000100001100010110101011101011010111001001101100011010010011011001101111111110001110001101101101100000101111100100001100111011010111101
1010000110110001100010110010101101110111011101110110101110001010010101100011101101111111000111011011001100000000100010111000001100111110000011001101011111110011010001111
1011101100000101001000011000001001100100001000100110100011101011010100111000101001101100011110011011100111111111111000101111100101101100111110011101111001100110000111011
1000000001011100011111001111101100110111101110110110101110000011010101101011100011100110111011000001101101110101011101101011110000100110110100110101101101110111011111001
1110110101010001010000011101000101100011001100010010100111111011010101000010110111001100000001101111000001010001001100001010111011101110010110000000101100110011010101011
1000110111110111111111001001110000001111101111011000001100100000010101110110110001101110111011001101111101011101011001011010101001100100110000101011100110010110000000001
1101110100111110110101101100111110100110100000011011011110111111010000000000110111101011110001100101011000001101010011111010001100110101111101101110001100110011011111111
1111011110101000000000101101100011110110111101010001001100001000011011111011100010101011000111101100000010100101011001100010111110110001010000101000100110000111000101001
1010001010101111101010000000111001010110101111010111111111101110110010000000110110101001110111000111111111101100011100001110100010011100010111101101111100111110010100011
1011101010101001111111111110101100000010100111010010100011101100011111111101110000100011000101101100100101000110110101111100111011001101110010111101011001110011011101111
1011000000101011010100000000100111111010110100000110101110100111010110000001011110101111110101101110110001110110000101101001101001100100011000011001001101011011001000001
1011011010001011010001011010001110000000110111101110101010110110000011111101001110100101010101000110011101110110110101100011000011110101110011111101011000001010011011111
1001111111101010010101010011101010110110000000001000001010100011011110000101011000001100000100011111000101000111100001110111101001010101100110011000001111101011010000101
1011100101101011011111111010000000110111011111101111011000101000001011110001011110111111110110110011110101110101111100110100111101010000110011010011101100000001000111101
1010110100000000011110110011111010011101111110101110000010101101111010111101001010101101000010011010100100000000011110110101111001010111111001011000111111101011011111001
1000010111111111010100011011000010111100000000000000110111111000110000010101011010101101111010110010110111101110110000100000001101010100110011011011100000001111000101011
1111000101111000010111011011011111110111011101110101100001010011111111000001011010101100110000011000010100111100011110110111111001000101110111011000111111100101011101001
1111110101000011010101011111111101010101111111111111110111011011011011101100011010101110111110110011110101110111011010110110001100010001010101010011100000001100001100011
1001000000011010000000000110100100000001100000001010110011010011001010111111000010101010000000011011010101000000011000010010101001111101000001010110111111011001111001111
1100010111111111110101110010110111111101001110100000000110011010011010110001111000100011111110110011000001111110110011000110111111110001011111000000011011000011101100101
1101011111110101110111111000000000000001111111101101110111011011001010110100000011101110011000011011111101100110100111110000011000000101000101111011111001111000000110001
1001110000000000000100000011101111111101111001111111100000000001101010111111111010101011001110111001100001001100110111111111111111110111011101100000110011011011111111011
1011000101111101010110110110001000000101001011010000001010101100001010000111100000000011011100001011111101011001110011010010101101000011000101110111100110011010110101011
1111110111000001010100100100101101010001101010000101011011111111101010111100110110111011010111100011000001010011010110011010101001110110011101000110110111010000010100001
1101011111011011011110101101101111111100000000101111111110011010100000010110011110101110010100101111111100011011010011011010101101000110110001110100010101010111000101011
1000011101111111011100111111111011110111010111111010000011000000101011010111010010000110110110100101011111010001010110010010101001101110011011100111000100000001011111001
1101000001100101110111100010111001000000011111010011110110011110001010000101011000101110110010101101010101011011000011000110101011001010110011001101101101111111110110011
1111101100101101100000111010101101111010111000000110010111110000101011010000011101101010011000100101000000000001110111011100100001101000011001100001101000011010100011001
1000111110101100111011101010100000000011110010110111010101100101101010011111010101111011001110110001101010101101000101010110101111101011111011001111001011110000101000011
1010010100001110010000001010111110101011000110100000010100111111111111110010000000110011100110110101001010101000011101010110000111001001101011101001100001010110101111111
1111000111101011000111100000000011111110010111111111000001101010111101111000101010011010110110110111101011111111011000000110111100011011100001100011001111000111100111001
1101010000000011111100001110101111111110111101011100010100000010101000000011111110111010110010000011001011000000001101111110001110110010111011001111011001011101001101101
1001111111111000110001011100100110101011101000000001011110101000001111111111111000101010011000111111101010011111100000101010111000110110011011101110000011001101011100101
1101101010101011111101110110110100000011000010101011111011111111011000000000101110101011001011110010111011010011111101100000011110110100110010101011011110011001010110101
1101100000000000001111100111100111111001111011111110110001010100001110110110100000001001101011011000011011111000000000111110110100110101111010000010000011001100000110101
1000111110101011100010110000110011111011011010011100000100000001100000011110111111101011001000011101111110101101011110011100010101100000101011011010101111100110111110101
1010000000101011001000011101111000000000001111001001011110110111101010110010111010101011100011110100110110101111111010110110110101110111101011111010111110001100001010001
1010101010101011011111000000101111010111011101100011010000111110111110111010100000001010111010110110010100101010101010110100110101010011100001100000010010100111011010111
1010101111111111110111111101100001111110000000001011111111101100001111100000110110100000000000010100110110101000000010000110010100011010101111001011110111101101010000011
1111111111011000100101001100111101101011010111101010000000000001011011001110111111110101011011110110110000101111011011101100110101111010101101111001010011000100000101001
1110011010001110110001101101111000100000010100001011111111101101001010011000001101011111111010110000011110001111110001001110110001101010100101010011010111110001010111111
1011001011011100011101101101100010001011110101011110000001111111101010111111101000011010101010011111010110111000110100011000000111000000001101011011010011000111111110101
1011100000000111000000000001111111111111111111110011111100000000000011100000001111010000001010110010000000111110110111001110111111110111100101010000000111110110101100001
1010111011110111111111111101010110001100011111000110010111111111111011111101101110011110100000011011111011100100011111101000101101011101101100011101111110100110000101011
1000010010000000001100000001010010111111010101110011010111011101000010011111100011010111111110111010100010110001111101000011101101011000000101110000001010101100101101111
1101000111011111100001010100011000000110010100110110010100000001111011010110111001010101000000101010111000011100110101101000000001001101111101011110111000000001100000001
1111111101111011111111111111011111011111010110100011010111111100011000000000101100000100010110000000110011110001110100111101111111011001101100011000001110101111110111111
1010101100000000000110101000001101011011010100110110000000000111000010111110100111110001111111011011111001111011010110010000011000011100100111011110111100100000010000001
1000100111111011110110100010101101000001010110100011101111110111010111100000101101111011000011111010110011000011000011011011111111010110101101010110000110111111010101101
1110101101011111000100111011100001111101000000111001111110110100011101111010000101001011101110100000010111111011111011010011011001010100101100010110111100000001010100111
1100001000000101110110011111001100111001011110101011011000000110110000110011110001101110001100111110110011000001101011011000001100000110001110110100010110111111111111111
1001100011010001010111010110011110001011110100000001001111110011111110111111111100000111100110101010111001111101101010000011111111101111101010110001000000000000000000001
1111001010011100000100010100110000100001100111111011011101000111010000000110000001110101101100000000101011010101100011111000010100101101100010110111111111110101110111101
1000011111111111110001000001111111111100110011101000001001110101000111101111010100110000000111101110101000000000111011101011110110101101111000110000000010111111111101111
1111001101110111111101011011101011011110110110101111101100000001111101100101010111100101110101111000101011101110001000001001100100001100110011110110111010001010000000001
1000011000000000000001111110000000000000110100000110101111111101101000110001010100111111100000111010001111111110101111100011110111100110000110100111111110100000111010101
1101001111111111010101000111111111111110000001110000101010101001101110010111111110111010001110101111100110111010100110111001100010001111101100101101001100101101111111111
1111111011110100010111110101011000000000101111011110000000000011101011010100101000000011111110000110001100101011101100011101101000100101001001101000011001111111100101011
1110110000000111111110000000001111101101111010000011101101101001000000000001101111111000000000110011100001100001000110110000111111110101101011101011111011010010001100001
1100000111110101101010101011100000001101100011110110000111111101111101011101101100000010111111110110110111111101110110010110010101100101000000000001000001000110111001011
1001010100000000000000111010001110101001101000000000101110000001101111111001000111101111100101100000000001100000000110111111000000101101101011010100011100011100001101111
1011111110111011101010110010101111101111111101101010111100110100000110101100010011111101110000111111111011111111110000011001111110101100101001111111110110111110111100001
1111110000100011001110110111111011111100010101001110110001100110110000000111011000010101011110111100000010100101011111001011100110101110101111111111010110000000110101111
1101011110111011011000011101100000000001000001100110111100110100011011110000011101000001000010000001110110110101010111101011001100100110100111010101000011111111100001001
1001010111111111111110111000111111011101010111111111100001100110110010000101110111111101111000111111000110110101000101101001101110101100101101010000011111111010001100011
1101010101101110101011100010111000000111111100010001110100110011111111101101000010110101010011110111110110100001110001000011001010000110100000000101001100000000101101001
1001000001100000101011111010001011011110100111000100000110100110001000001001101000000000000111010101000110110111111101111001100011101100001110101111111001011111111111111
1101101101111110000010101111100011011100001101111101110011101111101111011100111111111010110100000000010000000011010001001101001110000101111111111010110011001100011010001
1001111101010111111010101111110111110001100000000000011010001011001011011001100000000010110101010101111011111011011101101101101011101100001011010000000111111001110000101
1100110000000011000000001010000011000101110101011010110010111011100000011111111101110111110111111111111110000010010000000001001001000101100011010111111111110011111011111
1110000101101001111011100000110111110100011111010011110111110001001011010110111111000101011110101011010111101011011011111101101101101101111110010000001011011011010001011
1000110101101100000011101101100111110101111100011001100100000100011110010010000000010100001100000000010011001000011110000000001101100000110111000111100000011001010111001
1110010111001110101010001000110011000111010001011011110111110111111000111011011111111111101001011111011001101011001111111111100100001010000000010000101111111011010110011
1000110100011010101110101101100110011100000111011011011110111100101111100001111000001011101101110000000011111111100011001110110110111111111011110101111101010000010110111
1101100110111010101000111101001111011111010110010011010000101110000101110100101110100000000111100101101011000000001001100000000010000000001111111111010000011011110110101
1111110100100000111110110001101000010000011111011011000110001011101101011110001011111111110011001101101001111111111100001110101010111111111100001011010111110000000010001
1010111111110101100000011101111011011110110001111111111100100000001100011010100001011011011010011111111100100000110001101111111010110000010101111010000011110111011000101
1010101011010101111010111101000010010000011100000101001001111011101101110010101100000000000000110111010110111010011100111000000000000111110000011000111000000111010011101
1000000000000101000010100001111111111010111111110001101111011111000001011010111111101111110110100101010110100011000001111111111101110011110111110010001011010001011000111
1101111111101101111011111101111110101010100000000100000010000101111100011011110011111101100011110000000000001111101011000011111000011000000000000111011111111111111101111
1001100000000111001010000111000000001111111111111101111000110000011111001001100110010001001111011101101101011101001011111010000011001010110101111111110110000000001100001
1101101011010111101111110001111111100110000111111101001111100111010101100011110011011101111101011111111111110100011110000000101001111110010100000010110000101111111110111
1101101010011100000101010111011100001111110000000111100011110100000000001001011000000000000000010110000010100001011000101010101011101110110110111110110111100111110110001
1001111111011001010000000000010111100011000111110110111010100110110101011101000011111111101111000000101000001101011010111111101000000011100100001010110000111100000111111
1111000000011111111111111111000110101111111111010100000000001111100101110101010111000000001000010111101111111101110011100001111010101111111110111000000111111001010000001
1110010101110110100000111111110000000010110000010111111010101000001111000001111101010111011111111101111110100001100111111100000011101110101010000011011101101011110111011
1011111111000100001010000000111111111010111111000001110011111111111011111100101000011100010000100000111010110111110100000001011001100000000010101001000000101010110001001
1001100011010111101011010110000001001010010111110100000111011011111000000001101110111101111110111110000000000001011110111011010011001111101010111011111010000000011111101
1011111001110110001110010111111101100010110101011111111110000000001110101101100111100111101000000000110101110111000000100001111001100000111010011000001110101011001010111
1010101101100011111111010100100000001000000000001010000011111101101011111100110000001110001101101101100111100011111010111011101011110101111110110011011111111111100000011
1000000000110111100000011110001111111011111101100000101000001111100001010001111111101011011001001111110100001001111111110010000001010100000010110111111000000001111101001
1101101110100000111101111111101000000010000000110110101101100110111100011100110100000000001111101000011111011011000101000110110100010111101011110000000011111111011111111
1001111110111011101111110101001011101010111101100100111111110110101111010110000001110101100010101011111010001111110101010110100101011111101111100101101000000000000000111
1011011000110010100010010001111010001010111111111110110000000000000000000000110111110111111010101011010011101100000000010011110101001100000000101111001011010110101010001
1110000010111010111011011100000011101111100010100000011111110101111111101110111111000100000000001001011011100111101010110110000111100110101101100001101011010011101010101
1111011010001010101010011001010110001101111000001110110101100111000000001000011000011111101101011100000000001100001011100111110001110010101101111011001011111011111011101
1001111111100000101011011011111111111000100010101000100000001100010111111110110010110000000111110110110111100110101111110011000100011011100100111111101000011000011001101
1011101101110110101011011010000000000010001010101101110101101111111110110111111011111101011100100000100110001100101000000111110110110001101110001100111101111011111101101
1001000000111100001010001111111111111110111011111111011101101000000000000001101011001111111110001010110100100110101101101100000110011011000010100001111000001000011000101
1100011110101111101011100110101101100100111111111110001111101101111101111101000001100010000000101011111110111100100111111111110010110001011011101011100010101111111010101
1111010000000000000010110110001101110111101110101100100000000111011111000000010111111000110110101110000000110001111111010110000110011011001000111000101010111111101111101
1011111110110110111000000011101000000001000000000111111010111110000111111010111101011010110110111111101010100100011000000000101111010011011011111111101010010000000001101
1010000000111111111111111011101111110100010111110100111111111011110001101111101000000010110011100000001111110110111010101101100101110110001000000001101011000101101100101
1000101110100010000110000000001101111101111110000001101101100001000100000101100011011010010110001111101110011100101011101000110000110111011011011111101001101101100101101
1111101100101000110011101110100000010001001010101101101100111100010110110000001001110011010110101000000011001110001110001101100111100100001011001000111101100100101111001
1000000111111101111000000111101111011111101011111001100110001111010011111101101011000111010011111110110111100000111000101100110000110111011111100011110111110101100111101
1010111101010001000011011100001000010111000001011101110011101010011111010001001111110100011111100000010000111010011110100111111011100100000000110110100000010101110000101
1010100001011101110110001110111111000001101100000000000110000000110000011101011110100110110010111101010111100010110000101100000010111101010110110000001110110100011011111
1111111100000001000110100111111010010100001110101111010111110110111111000001111010111100011000100001110110001010011110100110101000000101110010110101111111110101110000001
1000000110110101010011111101000000110110111011111111110101111111101110010101000010101001001110001100110011111011000110101111101101011100011010110100010000010100110110101
1111101100100111110110000000011010111110110000000000110101001000000000110101101000000011101000111110110110000010010100101100000101001101110010110101000111111110010010101
1000000001110100100111111101011010011100011111111010000001100010111110010111101010110111001111111010010111011011011110111111101101011000011010100101011110101010111011101
1101010101100110001100000001010010110001010000000011010100001010100000110110001010100001101000000000110011001010011000001100000101001101001010110101000000000010001000101
1111111111111111111111111111111111111111111111111111111111111111111111111111111111111311111111111111111111111111111111111111111111111111111111111111111111111111111111111
