11111111111111111111111111111111111111111111111111111111111111111111111111111111111111111111111111111111111111111111111111111111111111111111111111111111111111111111111111
10010000001000011001101000010000101010101100101010000000000101000000110010101111010110100010101010100000000001100000010100101111011001100000000000110101001101100110101011
11011111100011001011001111010111100000001110101011111011111101111110011010000110000000111000101010111111101111101111110110000110001100111101111010000001100100101100000001
10010000001111101001101010000000111111101010100011100011010101110100111010111111101111100011101010110101000111001101100011101110111001101100110010101111110001101001101011
11011111111100001011101011110111101110000010110110111001000101010001110010000101001000111010101000010101011101101000111010001100011011001001110111111011110111101011111111
10010001100111101011000001100011001011101000000010111011011101011101011010101101100010101010001111010100001100001011110011100101111011011011011111010001100011000001010101
11011100110000000011010111111001101010111011111010101011011000000000000000111000101111101011011010000101111111101001100110110100110001011010001010010111101111101100000001
10011001111111111000010100111100101000011110001010101010011111101111010110010011101101001001011011110000110100100011001100000001111011011000111010110011000101100111111111
11001101101000000011110101100110101110110111100000000011001101001100010111011001101001101101011010100111100110110110011111111100110010011010011000000110011101001111110001
11011000101111111111100000110000101100110011111111111000011001111111111101011100101011001100011010101100101100110111000111011110011010111011110011011110110101011100010111
10001110101001101100001110011110101001111010010000011111011011111011101000001110000001101001000010000101101101100001101101000100110010101011010111111010110101010101110001
11100000101101001111111100111000101101100011010101001101000011000000001111101010111111101111111011110100101100110111000101110101111000000000000010101000110000000000110111
11101110001100011010110110001110100000111010011111101000010111111111100000001010011011000110110001000001101110000011110101100101111011110111011000001110111101111111110011
10001111100111011000000011100110001111110011011010001011010100010000001111101011011001011100011101111011100011111001100000110000110000011111111111111000010100001011011001
11111000001100000011111010110011100101011010001011100001111111011011101000000000000011010110110001100011001111000011111011100111111101001100110110111110110101111000011011
10111111100101011010001000011000110101010011101000111011111010011111111110111111101001010000011101110111100101110111101010110101010101100110000010001100110101011011110001
10100110110101111111101011011101100000000110101110000001010000110000000111100011111101011111001100110101101101000011000000110101000000101100110110111101100100000000011101
10110000000111101100001111010100110110111100100010111101011110111111110101110110010101011010011001100001100101111011111110110001011111111110111100011000110001011111001101
10011110110011001111101101010101100111111110101011110000010110101100010101010111010101001011011011110101101101100000011000110111001001010110011001111101100111111011111001
11011011110111101010101100000001110001100100001111011101110100000101010001010101010101011011011010111100100100111111001110100010011011010111011011011000001100101000110011
11010011010110000000000111101111010111110110100110010101100101111111011101010000000101011011011010101001101101100101101000001110110000000011011001001101011110100011111001
10000110000111111111110110000110010101100111101111010001110000101010011000000111110000011011011000101101100100110100001110101110000111111110001011011001011000001111001011
11010011110100011010000111110011010100110101001010010111011101101011001111111100111110110001011110001100110101110111011011101010110000110111101000000011111111011101100001
11111000110101111011110101110110010001100001101011010110001101101011011101101101100000111101001100111110000001010000011001001010011011110011001011111110101000011001101111
10101110100001010011000100000111000111111100000001010111101101101010010100000100111110101100011110110010111011011101001101100000111111000111101000011110001111001011000111
10101000111100010111110111110001101100110110111100000011001001101011000111110001110000001101110100011011110011011111011100110111110101101111101011110011011110011011011101
10101110110111010101100101011101100110110111111101111111101101101011011110011101011111101000110110111011011011010110011001100000010101000011000010011000000011010001010101
10101100110000000100110000000000101100110101000001010110000001101011001010110101011011000011100110001010010011010100110011001111010001011111111010110011011111010100000001
10101110010101010001111010111110100110100001111101010111111100000001011010000000010001111000110011101011011001010110110111011001111100001110100000010111110010010111011111
10101011011101111101011111100010101100101111000000000011000111111101010011010111011101000011111011000010001101010110000101001100101101111010111110110101111011000001110111
10101011001111100000010101001000001101101101111111010110011100000000000111111101011001111001101011011000111101010100111101011001101101101010110100010100011001110111110101
10001011100110001111000101101111100101101001101000011111001111111110101100101001010011011011100001111110110101010110010101011011100101100010100101000001111100110011010001
11101001001111111011110000111111110101101100101111001101100001111111101101101101011001010000110111101000000001010110110101000010101100101110110001111101011001111001010111
10101101011100010001111010011000000100100110100100011001101111000001101101001100001101010101100110001111010100010110110101011110000110101010011011111111000011100011000001
10000000000111011101011111011111110101101110110111011011000101110100000100011111100001011101101111101011111111010010110100000110111100000010110000000001101110111000011111
11111011011100010000001101010001110101101100000110011001110101011111110110110010111101011000001011001010101000010110010101101100110110111110011011111111001010101011110111
11011110010111011111101000011101000101101111110111011011110101001100110110111010101001001111101001100000101011010110110101111110010110111100111000000001101010100000000101
10001100110110010010101110110001110000100011000000001001010101011001100000010000101101011010000011111011101110000010110101011111000110000001110011011111000000001111111101
10100110110111011000001100011101011101101011111110100011000000001101111011011101101000001011111001100001101100111010110100001100011100101111100111110101101111011100110101
11110110010101001111101110111000000000001010011111111001111110111001010010011101101101111011011011110100101110100000110001101111000001111101001110110000100011110101110101
11000111010101011000001010110011111110111110110011111011110100011100000111000000001100110010011000110110100111111110110111111011011111010101100000011011101110100100100001
10010000000101011111101010111111000000010100011000100001010111000111010100010110111110011011010011111100001101001110110000011011001100000101001011110011101010101101101111
10110101010001001010001010101101111111010111001110110100000110011110011111111100111010111011011010111111101001100000010111111011011101011100011111100110001000000000000001
11111111011101011011101010101000111000000011101100011101111111001011011101101110000000001011011000010101000011111111000000101001010101111110110100110000111011111111111111
11010000011000001010001010001101101111011110000111011000001100011011010000101011101101111010001101110000011111000000010111101011010000100110110101100111101000010001110111
10000101001101100011101011100001100110001011110110011101111111001001011110001010111000101011100101011111010001111110110000101011010111101100010100101101000011110111000001
11010111111000110110101010111101101100100001100011010101100110011011111000100010111101101011001100000111010111001010111011101011010011001111000101100100011000000011011111
11011111000011100000000010101000000001101101001010010000001111001001101101111000000000101001100110111100000001101000100010100001010111101001011100101101111110101001010111
10010000011010001101111000001111111011111101011111011011101001011011001111101101111110001011001110000111110111001101111010101111010110101011010101100000010111111101010001
11011011111110101111101101100110111111010000010110000000111101011011011010000111000100100000011100111101010101100101000010000011010110101000010101101111000000110111000111
10010011000000101000000000110000101101011111010111111101100000001011001011101100010001111110110110001100000001101111111000110110000110101011110100000001010111100011011111
11111010010110101101010101111010001001011100000011011000111111011011011011000111111111011000110011011111101111000011000011111111110010101010110001101011111110110110011001
10100011010100101111110101000011101101010111110110001010001101011011001001101100100010001110110110010100100011101111111011001101011000101000010111111001101100100100110011
10110111111101101000000111110110000000010100000111011111100101000001101101000110111011011000010000110110101110100010110010011101011011101010110000001111000110101101111001
10110110101000111111111111110111011111010111110011010011101101110111001001101100101001001111011110010110000110111010011000110001011001100010110111111001101100001100110011
10011110000011100000000001000101010000000000011001010110100001110001101011001110001100011001010110110100111110110011011011111101001101101110010110101101001101111101111001
11001100111110111111111100011100011011111011111100010110111101011011000001100010111111011101010100110110101010011000001011011001101100000011000010000101011001100000011011
11100111110110011011010001111111011010000011011001000110110101010001111011111010010101001000000110110110101010111111100010001101101101101001011000110000001101110111110002
10101101000100110000000101000000010011101000001111101110100000000111110001010010110101101111011110110110100000011010111000111100101101111111011011111011111000100110100101
10101101110110111111010111110101011001111110100110001010111111110011011101011010110000000110001010110110001111110000001011100110101101010111111110111110110011101100101111
10101100010000101000011111111111111111010111101111101000110011000110001100010000011010110000101010110110111111010110100001101100100000010000011000010100000110000101101011
10000111011110101011111101011000110000000001000101000011100111101111101111011101001111111010100010110100110000011111111011100110001110110111111101110101111111101100100001
11110101010100101111100001010010011111111101110001111001101110000110000001000111100001100011111000010001100101111001011010101111100111100010101000010100000110000110101111
10110101010110100110111101000111001100000000011100011100001011110011110101101110101111001111111111000111101111101101010010001011001101001110000011110001011100101110101111
10100000010010001100010101111101101001011111011110110111101001100111011101100000000110011110101000011100100110101100011000101011011100011011011111000111010111101100100001
10001111011010111110110101001001101111111000000000000001101011101101011001111111011100111010101111001001101100000111011011111011011001110001000101101111110011000110101111
11011000000000101100110101101100000010100011101111111011001010001101001100110000000101100000000111101011000111011100010001010010011100011011010101100101100110011100101101
10001111011110001001100000101111101000111011111101011011100000111001100001111110111111111111101100100001101110001111000111011010110101111011011100110100110110110110000001
10111010010000101101111110101011111110101110000000001000101110101100111101010100010110000111000110001011001011011011110011001010110100101010000110110101110110110100101011
11110011010111101001010100101010110000000111111111101011111010101001101000010111000011110101110010101111101010011000000111101000100001101010111100110101100110000101111111
11011011111111101011010110000010011110110101001001101010110000001101001111000110011111100001000111101101000011011111110101000011101111001010010110100101101100110000110101
10011010101000001011010111111010111011110001101101000000011111011001011100011111000110111101110101000001011001000111010101011000000101100010110010101100001101110110000001
11010000101101101010000101100010101001011100001001111110110110011101010111001101010100010100110000011101011100011100000001001111010000111010010110101101111000010110111101
11011110101111000011010000111000101101010111101100000010100011001100010101101101011111010101111011001111110111001111111101011111111111101011000110000000011011111100001101
10010010000110011000011110111110101101010100000001111000110111011110110001101101001100000000101110011010100111100101010101000000011011001001101111011111110000000111100101
11011011101100110010110000101110001000000111111101000010000000001100111101100101101111101110100111011000101101110100000101011111110001101011101010011101111101111101111111
11010010101101111011111110101011100011010000000001111111111110100110001101110101101010101000001101001110101100110111110101000011100111000000100011010001011000101000111011
10011010100111011111010110101010001111111101101101100001101111110000101101010100101010111110101101100100100001110110010000011110110101101111101111000111011110100011101001
11011000101111000001010000001011111110101111111111001100000011000101111100010110000010010111100100110110101111100111000111000100100101001011100110011100001010101111001011
10001010000101111100011111100011011000000000010111111111011001111100110111000011111000110100110001100100100110101101101101011101101101101010101111010111011010100101100001
11011111101100110111000000111001011011110111000101100000010011010001100011101110110011100001111101110110101100000101001101000000001101100000100011000011001010101101101111
10001101001101110101111110111100001111000100010000111101110111011100111010101100100110111011000001000000101101111100011001011110111101110111101110011110011010000001100101
10100101101101100001101100101110100101110101011101101111100110011001101010100110101110010001101100011110001000110111111100000110110101010010101011000011001010111100110101
11110100000000111100000110001011110000111111110000000010110010110011100000101100001011011011111001110111100011110101101110111111110001010110101001011110011000010110100001
10000111110110011111101111100011011110100111111011111000011010111010111110001111101011010001010011000101001111100101100100000001011100010010101100001011001101110111101101
11110111111111000000000110001001000000001101011111111110110000000000101011101001101011011100011111110101100010110100110001101011010111010110101001111010011001100001101111
10000000001011101111101111111100010111100000001100000110100110101110101010001011000011001001111101010000110110010110011011111110010110010110000011101010111100101111100111
10101110100010111000001100010110111111111110111001010000001111111000001011101001110111101100110100011101100011000010110000110111010110110110101000000000100001101101001101
11111000110110011111100111000011101100100000011111111111011011111101100001001101100011001101110111011001111011111010011011100101010110100010111101111111101011101100011101
11111101100010110001001101111011000110001011000010101000010000101111001101100000111000011001010100001100110001101000110010110101000010001110010111011101101010000110110001
10100111111000111101100101010010011100101010011000101111111110101000011000001110011111001101010111100110111101101110100110100000011110101000110110000100101110111100000101
10101110100010100000110001011011010110101011110010001000000000001111111111111000110100011100010100001100101001101010001110101111110010111011110100111101100100001110101101
10000100001110111110011100001001010011111111111111101111111110100110101010110010110001000110110111101110001100001011011100100110011010011011100101111001101101111000111111
11110111111110000100111001101101010111010100000101001100111000110000000000111110111111011100110010100110111111011010000110101100111011011010110101101101100000001101111111
10110101000011110110001111101000000110010111110100011110001110111010101110000110100010000110111010101100001100011010111100000001110011010000010001100000001111111100101101
10010101111011100100111000000011011100110011100001000100111110101010101000110100111000101100010000000110100111011010101111011111011001010111000100111110100001110101101101
11010101000000110001101111110111010110110110110111110110101011101111111111100110001101100111011111011100111101001010000101001011000011010101101111101010111101010000100101
10000001101010011101101000000100010110110100111110000000100011001111010111110011101111110011010100010110011001101000110101101001101110000000111011000000011111000101101101
10111101111111011001101111111111000110010110011100111110111001101010000000011010000010111011000101000111011101100011111101100011101111011111100001111101000011011111101001
11111101010101011101101100111001110011000110110111110000010011000000101111000011011000010001101111101101010001111010101000101110000000000000111011011001111110000110100011
10000001010100001000000110001101111011010010000001011111011011111111111011101000011101011011100010100101011101010000001101100100101101110101101011001100010010111100001001
11010100000001101111110000100101000011111011111101010000000001001101010000111111110111011000111010101100000001011101111101110101111111111111101011011001110110011001111111
11111111101011000001000101110001011001100001100101011111011100011000000110000000110110011101101010000111111100011001010100100000010011001010100011011100110111000011000001
10101011111111011100010101011101111101111101110000001100010001110010111111011110000011010101000011110011100111001100000110101111010110011000001110001101100011011111011101
10000000111100011001011101000000100000000000111111100001010100011010100000001111111010000001101111010110110011101001010110000001010011010011111110111000110111010000000101
11111101101001010011111111111110111101110110010110001101111111010010110111011011010000101100000110000010100110101101111111011111110111010110101010001101100000000101011111
10000000101101011110000000100000000001000011000111111111000000000110011111110010000111111111110011111000110110100000101111000101100101000000000000111100101111101111110011
10110110000001010000111110001011111111110111110101110001111011010111010000111000111101010111111010100011100010111101100110011101001101011110101111110001101011000000011001
10111111111011011010111011111111101110111100110101000111100011111101111110101111100000000000000000001000001110110100110111001101011100000111111001011100000001111111110011
11101010000011111111101010000000000000001110000001010110111110101100101110101101111110101010110101101110100010110101100101011100000101111101011011010101111100111101011001
10000000110110110101000010101101101010100010101101110100110000000110101000001000011000111111111111111111110110110001101100000101111101101000001010000000000110000000000011
11111101100110100101111011111111111111111011101000110110111111110110101111101101110010110101011011000000000010100111001101011101101100000011100000110101110010111101011001
10011111110100110001000001010010110011011001111110110000011011000110000000000000000110100001010001111011111010110001101101111000000001011111111010010100011111111111011011
10110111111110111101111101011000110110001101010110111111011001110111110110111111110111111101011101101110100000010111000100101011011011000000011010110111011101000011110001
10010101101010101000000000001110110111101000000010101011001101010101100100111000111101011000000000000100111011000011011101101011111110011110111110011100000000011000111011
10110101000000000010111111011000000101000010111010101011100000000001101111101101100000000010110111110110101111111000000000100000100011000010000010111111010101011010011011
10000000010111110111111011010011010000010111100000101010111011111101111011000000101011111010100100000000101101000011111111101111101111111111111110010110010101001111011001
11011010110110000110000000000111110101110101111010000010101111000000110011111101101010000010110110110110000000011000011100000000000100111000100011110011111101100111110011
11111010100100101111110101101110111111111100011111011000000101111110000110000000111111111011111111110111010111001101000001010111010101101011101111110110100111110010011001
10000010111110100110111111001100000000001111000001110011010000100011110111101110010011100001100000000100011100011111010101110001110000000001000010000000001111010110111111
11011011111011111100000000011110101111100010011100000111111110110111000101111010110110001011110101011111110001001100010100111100010111011100011110110111111101010000000111
11111011000001011001011011000111111000001000110111010100001010110101110000110000000011101111010111111010000101011110110110000110110011011101000000011111101000010111110101
10000011111101001011010011110101111111101101100000011110100000000000111101100101011000001000000110000000110111010100011100110011110111000101011101001000000011111111011101
11111010010101011111111110111100101000001100111010111111101011111110100000001111010011011101011111110110010100000101000101100111011101111101000101100011111110000101001101
11101111000000001101101110000110000010101001100010110101101010000000001101100011011001110101011001011100111101010101101100110100011000000111101111111111001010111100011001
10000101111011011100101011101100111111111111111111110000001110110110101101101111001101000001011100000001110001010100111001100001000010101110111010111101101000001110110011
11110101011111000110101000000111111101010110000100000110101000010111111000100001011001110101010111011101000101011101110011110101010111100000000000000101101011111010011011
11100000010100011100000011010111000000000011110111111111101010110100000010110101111111100101110110000111011101110000010111000101010001101101011010110000000001101000110001
10001111000001000001111001110101111111101001010000000000001110111110111010010100110100001111000111011110011000111011110001101101011011101101001110010101011100101011111011
11011101011101011011000011100000000000001100000110101111111111101111111011011101110001111011110000010000111101100001111011000101001000101001100111011101000110000011010001
11111000011001010001101010001111110110101111110100111000100011100101000011000101100111110000000110111010110000110100011111111101011111111101110001011001101110101000000101
10000011001101110100111111111111111100101000000101111110111010110100010111101101110110000111010111101110011010011101000101011111000001011000111011001111100010111110101101
11101010011001000101100000000000001101111111011101001000000000100001010110000100110111111100010011100000110010110001010000000111010100001010011001111000001010000011111003
11001110111111010111111101111110100111011000011111101110111110001011010111101101111101111110111000111010011111100101010110110001010101011110111100001101011010111111011101
10011110110110010000011111010111110110011101010011000011111000101011010100001101011100000000101101100010110000001101010111111011010111001100001101011111011110000000000101
11010000100000110111110000000001000000110111111010011000000010101011111111011111010111010110100000101010110111011001010000011110010011011001011001010111000110101011110101
11111010110101111110011111111101111110110000000000111110110110101001100000001100010111110100110101101111100100001111010101000011110110001101001011000001101100101000011101
10001010100101000011001100000000000000011101010101110100110011101101101101100111000000000110010111111101001111011000010111101110100011011001101011010111101110111011000111
11101111101101101000011001111011111111000001111111010001100110001000101101001111101011011111010100010100011000001010110000100000101011001101101011010000100111100001010001
10000000001001111111011011000010000000011011101100000101101111011101101101101000001001010000011111000110111101011110011011111110101011011101111011010101110000111011010101
10110101101111000000000011111111101011011010000001101101000001110000100111111011011011011110111000010000110001110110110000111111111001110000110001010101011010001011111111
11100101001111111111111010111101111011001111010101001111101101000101111110100011010011010000100010110101110100000110100110000001001111111101111011010100011011011000101011
11111111111001010110000010000000000011111101010111100110000101010101000100111011011011111111110110110101100101010011110011011111011111011000101011110111011001001010000001
10101000001100000000101011011101011010000001011100001100101111010101110101100010011010000000000110110100110111110110000110001000000000001010100000010011001111111010101101
10101110111001011110111111011111111010110100001111011110100110010111110101001011001011101101010100010110010110000010110110100010101010111010111011110111100000001010101101
10100000011111111000110101110000001110110101011000010010110110111110000000011011011010001111011101010111010011011110100100101011111010011010111000111111101110111110101101
10001101000000000011110000000111101000011111111111000111111111101011010101011011011011101000011001010100010110000110111111101011011111001111100010000011000011110110100111
11011111011110111111011111111110101111111010101101010011101100000000010111010001110011111110110011010101010010101100100000001000010001100011001111010111101111100010110001
10000111010000100100000010011100001101100000000000011010000001011010110100011011000110000000111001010101110110101001110101011011000111101001100011010010100000001010010101
10101100011010110001111011010101100000111111111010111111101011011010100101011011110011011010100011111111100010111011000111001011010011001011001111110110001011111111111111
10111001011111111011000000000001001101101110100010001100001001010010110101111000011111111111111000011000001110001001110100011011010110011001100000010111011000000001100001
10111101010001011110010110101011101000000000001011011110101101011011111111100011111010000100000010111111100010101011110111001010011111001011001011011100001101010100001011
10100001111100000000110111111111001111011011101001001100101101011111011011001000110011110111010111110100001011101110000110011010111011101001011011000110100101010101011111
11111111110001111110111100000000011100011010001101101101101001110101000000011011100110000010010001100001101110001100110011001011100000101011001111101100101111110111000101
11011111010111010111101111110110110111011011011000101001001101100001010110111011110000101000110101111011000111100110110110011000001010111001100000111111100000010001010001
10000000011110000000000000000110100000011010001101111101011001110100010110001110111011111101100101000011010001101100100011001011101011111101101110000011101101010101010101
11011111011000111111110101011110110101011011011100110001001111011111010011011110101011010100110101110111111011000111110110011001101000000101000110111110111101110111111111
10010001001110100000000101010000111111011011000110011101101110001100011111111000000011000001100111110001100001111100000011001011001011011111011100110100000101000000001011
11111101011011111111110101011010100000001111011111111111001000100001001100101101011110011011110100000101101100001101101111011111111111000011000110000001111111111010100001
10100000010001010110100101111010101010101000001101010111111111111101100110000001011111010000111111110101101101111101101000000010110110010110010011010100000010100010110111
10111111011101000100001101100010101010101011111100000101010101000001001111010101010000011101100000000100101000000111001010101000000011010011010110010101010110001011110001
10101000000001110001101111111010101010101111110111110000000000011111101001110101011011001101111101010101101101110111111110101110110110011011011111110101110011011000010111
10101111111100000101001010000010101011111000000111011111111011011000001100000101001111101101000001010101100101000001100000100110010011001011000001100100011111011011110001
10001011001001110111011000110110101011000011110000000000000010001010101110110101101000001101101101010111001111101011001101101100111110011001010101110111011101011000011011
10100011100011000110011010100011101111111111111111110101010110111010101000100100111111101101101101010001100001101111101111100110000011011111111111000011110101111111111111
10111000001111110011011010110110000001100000000001110111111100011010101111110101110110001101111001010100110111000000101000001100101110000000111100011000110101100000000001
10101110111000000110001010100010101111111111111100000011000001011010101000000101100000100101000011110101110100011011111010101110100011101010010111011011100000001011011111
10100110011111101100101110101110100011010000000001010111101101001110101111101101110101110101111000111101000111001000011011100110111001101111000001110000001110101111000001
10110000110000000110100110101000101010000101010101010100001001011000101000001100110101000101000010000101010100011010110010001100011011000011010100010101100010100001101011
11111111111111111111111111111111111111111111111111111111111111111111111111111111111111111111111111111111111111111111111111111111111111111111111111111111111111111111111111
