1111111111111111111111111111111111111111111111111111111111111111111111111111111111111111111111111111111111111111111111111121111111111111111111111111111111111111111111111111
1000000110000000000101000001001001100010100101100001011010110110011000101000101010110101001101010010100110001100101010010000011011010100100011000000001011000010110011010101
1111011111111111110100011111011011001110110000110111010000010111011011101101101010110001100101010110110110111110000000110111110001010101101111011111100001111010110110000001
1001001111011011110001111110000001100100110111110011011011110011011011000000001010100111110101000000010010110010111111110001011101000000100101000001111111011010010000101011
1101100110000000000111110010111111001101100110011010001011011001001011111011101000101111010000010101110110011010100000010111011000010110001101101111011010000000110111111111
1001101110111111110101010110011001100100110010110011011011001100011000011110001011100101010111111111110110111010001111110111001101111111101001000000000000101010000011001101
1100000011110000100100000000110011101101100110011011010011011001111011110111101000101101010101101010000000001010111011110101011000101101111101011111111111111111111110011101
1001011001011110110001111111100110101000110010111011011000001101101001100101101011101100000000000011110111101000000000000000011101101000110101000101110000110000000000111001
1111111101000000011100110110001110001011111010101001011101101001101100110100101000100110111111011110000101111101111111111111010000101011110101011100011011100101101010001101
1001110101111011010101100011100010111011111010101011001100111100000110100101100010101100001101110111110000010101011011011111111110000001010100000101110000001100101010100101
1011000000110010000000101111101110011010110000100001100110010111110010110101101111101001100101100011010111110100000000000000110100101111010001111100110110100111111111111101
1011101110111111101110000110100010110010111110001111001110110110011010100101000011000011110001101110000011010101111011111110100110111101010100000001100111111110110101010001
1001111000101000111100111100101110100110101011101101101010110110110010101101011110011011011111101100111110000000011000011111110100010101010110111100001101011000000000000111
1101011101101110110110010110001110001110101010000000001010010110111010100100010111001111001011000101101011011010111111110001100001110000000110000110100000000011101011111111
1000010001101100000100110110111011101010101011011010111000110100011010101101010100011101101011011101000011001011110011010111111100011011111111111111101011011000111010000001
1111011101101111110110000110111001101010101011001111101110100111011010101101110001111001100001000001111001011111010111000110101001111000000000000001101001001110011110111111
1010001001101011000000111100001101101010001011100101101000101101011010100100100111101101001111010111101100001101010101011100101101100011111111010101111111100010110110000001
1011101101001001111110101110111101000011011001101100101110101101001010001101101111001101101010011110100101111101010000010101101001101111100111111111010000111111100011011111
1011001101101011001110000110000101111011001101000110100110001100011011100100100001011001000000111000110000010100000110110101001100001110101101101011010111110111001111010101
1011011001100011100010110000111101101001101100011100001100111110111010101101101111001100010111101101100110110101101111110001101101111010001000000001010000000010011101010001
1010001100110110111000011011111101101011001101110110111110011000101010000000100101100110111100101101101110000000111011011011100101000000100011101111000111111000110001000111
1011011001100110101110111111100001100001100101010110001010111101101000110111101100101100100110101101000011011011110001011010110101011111111000111100011101011111110100011101
1010001100110010101100000110111101111101110100010100111010011000000010011111000110000110101110101100010110001111000111011000110000000000011011110001000100010101011101000001
1011011101111010000001011100010100111000110101000101110000111101111010111001010000101110101010000110111110111100011111011011111011010101001111100111111101110100001001010111
1001011001010011111101111110110101100011100111011100000111101101001111101100010111111000100000111100101011110001001101011001101011111111111110101110101101110001111011111111
1101011101011011011000110110110100111010110110010111011100101101011101001001111111011110001111110110100001011011111000011011000010101010111000000000000000011101100000101101
1000001101011010001110010110110110010000000011010011010110001100000001100011011000000011100000000110101111000001101011110010011000100000101011110101101111110100001010000001
1110101001010011011000110100100011011111110111010111000011011001111111111000000011111110110111111100001001011111101001111011001101101110000000011111101101100001101110101111
1110111101011000001010000110110111011001100110000001101111001100101100001011111111001100110101010110111011000110001011010011011101000111111011111010111000110111111111111101
1000011000011110111110111100110010001100110100110111100001100110000111101000000010011110110000010110100000010111011010011010000100010000001111100000011011100001011011011001
1101111011110000001100010101111000111101100101111101001111001100111101101011010110110100011011110110101110111100011011000000110101010101100110001101110010110111001010001101
1100001011011110111110110001101110110001110000011100011101011110010101000001111110100001110001100100000010011111010000011010011111111111111110111100011000000001100000100101
1001111001010000101100111101001100010111010111110111010100000111010100010100101100111101011011101101111111110101000101001111000111101011011000000101111101111111001011111101
1011110011011110000001100101100111000010000000110011000111011101000001111110101110101100000000000000110101010101011111100011111101000000000010110111101001000000011111100001
1001011000011000110100101100001101110110111010011011011110010101011111011011100110000001111111111101110000000001011110111001110100010101111111111110101100010111110110110111
1011010011111111111110101111100101100110011111110011001100110000000111000001101100101111010100010111010111111111000100001100000001111100000100101100101001111101010100110011
1001011001001101001010100101101100101110110101100110011101111011111101011111100111100110000001110011000000011000010001111101101011111101111101100110100011101100010110111001
1011010011011001100000001101001110101010100101110100110100110000001101000010110011001100111111010111101101000010111011000100101001010100111000101100001110000110110100001101
1001010110001101111111011101101010101010101101010101100110111011111001101110011011101110010001010110100111110111111111101111111111010110100010001101100000111100100001111001
1101010110111000101000010100101010101000000101010101001100000001101011100011001001101010110111000010101110111111010101000001010110000011101110111101111010110110001111010011
1001010100001101101110110110101000000010111101000000011110111111101011001110011011000010110101101110000000000110000100011111010011101111000011110000001010100010111110000111
1101010101111001101100010110000011110111110101101111110100000010101001101011001001101110000001101000101111111111110101110000000111000101101111011101111111110110011010111111
1000010100101011000111010010111000111111010001100011000110111110101101100011100011100100101111101011111000111100110101010111111101011100001010001101010101100000110000011011
1110110101100010011100000111101011101010011011110111101100100110100000101110111010110101111101000000110011100110100100000000000101011101111010111000000101110111111101110001
1000110100111011000111101101000000000000110001010000101001101100110101101100101000010101011001011010011000001100101101010111111101000100111000101011101100110011011000111011
1110110101100001101101000101101110110101111011010111101101100110000111000001101101110000011011001111111011111110000101111110100000011101100011101011100101111010011011101001
1010100000111101001101110000000111100111100000010000101001101111011111010111101101010111110000011101010001010111101100001100001111110100101111101010111101100000110010000011
1010110111101101101001011101110000110010111010110111101101000110010001011111001101000000010111000000000101010101000101111001111100110101101100000000001101101011111010110111
1010100001100100101011010111000110011110011110010011101101011111010111001101100101011111110111101011101101010100011101101100110110100101000110111111111000111010110000010001
1010101111110110100000000110011111011100110100110110101100010110000011011000110100000110100000101001111111000101110100101101100010101100011110000111101110011010110110111011
1010100100110100001111110011001101110110110110010110100110110110111111010011110101111100001111111011011010010000110001101000001110100001110100111100101100111010110111101111
1010101101100111100011011110011100110110110011000110110000110110010101010111000100000001111011011111001010111010000111101011111010001100010101110101101110010010000001101101
1010100101101101110110001100110110110110110111101110011101110110110101000000011101111111011000000101101010001110110000101000110010111111110000010000000111000110111111100001
1010101100101101000010111001110010110010110110001011011001000000010100011111111100110110000010101101101010111111111111100011100110000011010111110111111101110110111010101101
1000100110101101011110101100010110110110110011101011001101011110110101111010000110000000111011111000100010100011111100110110101100111110010101010001001101000100000000000111
1110101100100000010110001101010010000010100110000011011001010011110101101010111100101010011000011011101110001110110001100010000110001011010100010111011101010001101101010001
1010001110111110110100111001110110111110110111011110011101010111000100001000011001101111001101110000101000111010010111111010111100100010010101110111000000010100100101111011
1011101010110100010110001100100010010110110010011111001000000001110101100011001011100011111111011010100011100000110110110000011101111110110000010000010110111110111111001111
1010000010100110110110101110001110110100111010110001101011011111000000111111111000111110101111001011101111001111110110011011110101011100000111000111111100101010111111100101
1011111010101100110110111010111000000001101010010111101001011010010110000010110011111100100101100001000001100100010000111000000000000110111111110011101110000010100101101101
1010110000000110110000011010111111011111000000110011001011111000111111111110100111100101101101101111011111101101110111110010111111111110000000111110000011101011110000001101
1010111111101110100111111010101100000101111110110111101000101011111000000000001110110001101100100001000110100000000011010111100110011010111111101100111111111111010111111001
1010011110001100101100110000101101111100110110110101101011100001010011111111011000000101100110101111011110001101101010000000110010111000000100000101110110110110000111011011
1000110011101101101101111101101100011001100110100001100010110111000110001011111101111111001100100000001010111111111110111111110110001101101101111101010110110011110101000001
1110111011001101100100101000100110110011110000001111101110100000010000111010101100011010011110101010111010110110010100011011010000111000100000011101000010111000000001010101
1100101011100000001101101110101100011000011110100101000000001101010101110000001001111011000100101111100000010100110110111001011011100011101011110101011110101011101100010111
1001101010111101111001101100000111011011110111101101011101101111111111011011111011010000011101100000111101110101110100110011000001001000101000110001001010000001111110110001
1101100000110000011011001101111101011010100101000101011111000110101010011011001001011110111000101111101000110101100110011000011111011111111110010100011000110100001011111011
3000110111111101110011101000110101010000110101110000000011110000001000111010011011010110100010000011000010100100110100111011000110000111010111010111110011111110100000101111
1101100100101100011001100010100101000111110000100110101000011010111011100010110001010110001011101001101111101101110001100011111110110000000001110111111011101011110110000011
1000001101101001111101111011101100010001011110101111111111111110000001111000011101010000111000101100000001101101010111001000000000010111111101100000000000000000011111111001
1111101000101011001101010001000110111011001100100000010110110110110111010010110101000110011101111101010101001101010011011110101101111101101111001111111111111011000000001111
1110101011100011011001011011011100101111100110101111110100000111111100000111110101011110110111010101111111011000010110000011100100001001000001100111001010011111011111111111
1010101010111011001100010011010110000110110100000111010101111101001110111111100000000010000000010101100011011101110000101001111111111011011111101101101010110101111011010001
1010101000011011011111000110010110111100110001011101000000001101011010100010110110101111011101000101101110001000000101101111010111110000001100101101100000010100010000000101
1000000011110000000101110011010010001101100101111001011101011000000000101110100111100001111111011101101111100011101100111101000000011011111110100000001111110101110111011111
1111111000011111011101111011010110111000111100100011011111111101111111101110101101111111110001110111101011001000111111111001101111110001010100001101111000100000000001110011
1110011011110011001100011011000000111110011001101111000111000000010110100000100000000001000111000011001011011010110110001101100000000111010001101100010011101111110100111001
1011010000110110011001010011101111101100111100001101101101110111110110101111101111111111011101101001101000011110000010111000001111111100000111111101010110000000011110011011
1000011011100011011011111001101101101110001001011000101000110011100000000111000010100000011100111101100011000110110110000011100001010101110000000111000000111111111011110001
1111000010001111001001100011000101000100111011111010100010000110111011110000011110101111110110010100101111111111100000101111111100010001111111111111110101111010000001011011
1101101011100110011011111000011101011101110001101011101110110100111000010111110110100010110111010110000010000001110101100010011101000111000000000000011100000000111111010001
1001111001110011010010011011110100001101010111101001100010010101101011111110110000001110010101010100101000111111000100111110110111110000011111111111111101101010000110000101
1101011100111000000110110001100001111101010101000011101111111101100000001100110111011100110001010101111111111001111111111010000111111101001111111000000100101111111100111101
1001000001101101110110011011111100101001010000011111000011011000101110111110000001110110110111010000000000101100000010101010111101011111100000000010101101100000010101111111
1101110100000001011110110001011110000011010111010101101110011110001111110100101111110110010110010111111111101101110110101010000000000000101010111111111111101111110101000001
1001000110111101001100010111000110111110000001110101100011010100111001010001101101010000110010110100000001000000111110101000111101011101111111110101010110111101000000011111
1101110111111101100110110001110010110100101100110000001110010001111011000100101000010111100110000001111111011111101010100010000111000111100110000000010000111000010111110111
1101011101100000110010000101011000100001111111110111101011010111000001010101111011110000110100101011000010000101101010001110101111011110110011011011110111101101110000110001
1000011000111110110110111111000010101101011011010001111000000000010111011111100001110111100001101000011110111101100000100010111001111000010110001001010100101000011010000101
1110111101110100010010011011111110000111001011000111010011111111111111000110111100000000101111001101000000000000001110111110001011101101110010111111010101101011111111101101
1000010000010101110110111001000110111111101001011110011000110000001101011100011101111110000001011101101010101101100010010011111001001101011000000101000000000000000011111111
1101000101000100110100001011011100111001101011000011011011100111111000000111010000011111101011110001101111111100110111000111001101011000000011010000011111011010111000000001
1111101111110110100001100011010110101011100010011111010010001100001101110101000101000001111110111111100000000111100011011101100100001101111111111011001111111110001110101111
1010111100000000101101111111010110101010101110111101010110111110111101111101011111101111010110011010110111111110110111111100101101111100000001111111100000101111111111100011
1010110111110110101111001100000000000000000000010101010100111110000000001101000111111111000011000000111111110000010101110110000001100001011111010110110110000000000001101001
1000100110111100101011011111111110111111010101110101010001101100111011011000011101010000010111010111101000000111111100010110101100001011000000000000010011111111111111101011
1110001110101110000001000110111010010001111111110100000100000110101111111101110100000110111100011100000011111101011001110000111110101001011010111010111111111011100000111011
1000100010101011011111011100101010110111101011000101111111010000000110110101010101111111101101111111011111010101011011110111111011111111111111101110000000000000101111110001
1110111000101011011101010110101010110110001011110000000111111111011100010000000000001000000001010110010110000100011011010011101011010110101101000111111010101010000000011111
1011111110100010010101010010101010100011101001010111111100001011111110110101011111100011110111000111010100101101110001010110001011000000101100011101111011111010110111111001
1001101010111011000101011010101000001010000011000000000110111001110000000101000000111011011110011101010101111000010111000000100011011110000001000000001000011010010000101101
1011000000101011011100011000001101101000111110010111010000000011010111111111011010011111001010110000000000000011110001110111111111000011011011101111101101111110111011101001
1001111110000001001101111110111000111010000010110001011101111110000000000011001111000101011010000110101111111111100111100000001110010111011000100110111111110111101110100011
1011000000111100011000110110001011111011111110111111111000000000110111010111100101111100011000111110111111100010110101001010101010111101110010111100011010000001000110001111
1011111111100111000010110111101000001111101000000000001010111011111111111110101100110101110010000011111000101000010101011110111000100101110110111001000000110111011110111101
1001100001110010011111100101000011111110101011111111111110011000101100000010100110000000000110101001000010001111110100000010011011101100010100000011010101111110001100100101
1101111101011010111100110101110110111010000000001111010111110010000110111110110100111111111111111011011110101100110001111111110011100001111111101011111111001010100110101101
1000110000000000000001100001100110101010111010100000000001111111011110000000111110000000001100011110000110111001110100011001010110001011101011111000011010011010110000000001
1110011111111011101111001111001110001000001111101111111100001101001100101111101110110111100001010110110010001101010111111011000000111111000000111111110010111010011111111011
1010110101011110101010011001101010111011111101111000001111111001101001111110000100011111110111110110110111011000000010110000011010000101011111101110010110000000111000111111
1000000000000100000011001101001000011000000000011011111000010011111101010000110001110000010000110100011111111101111110000111111110110000000111000011000010111111101011100101
1111111111110111101001100101101010110011101011110000000011110111010100000111111100011010111111100001001010110101111010110000000011111111010001101111011110101011101000001101
1110000010000011111101101101000011110111101000000101011000000001010101010000011111000011101010111011111010100100000000110101111111101101111100000000000000000000000011100001
1011111000111000000001100101101111000000111101011101001010110101010001111110110011011111001010010000101010101101111101110100000000000000101111101111111111111101101111110101
1000011011111011111101101101101101011111111111111101101111111111000101101111110111110001011011000110000010101000000111010101010101010110000011111101101010000111100010111101
1111011111001111000000000101000000001101101111110111100011101010011100000001010001110100001011110011111110100010111100011111111101011111111000011001101010110000101000000111
1000000101101000011101010000011111100000000101000010111110000000111110111111010111011101111001100111011100001110010110111010101111111100001111111011100000110101101010111111
1011110000101111111001010111111111111111110000011000000011011010000010000101010011011000011011001110000001101111000000000000001010100001111110000000101110011111101110000001
1111111110100011000011010000000000000000011010111111111111011110101011010000000111010011110011011011011111111001111111111011111000001111010010111010000011111010111111010101
1000001000001000010110010101101010101101111111100000101010000011111111110110101100010110011001011000000001011011100001111110101011111000000110001010110111100000011011010101
1111101110101110111100110101111110101100100100001011101010111001010101111111111111000000111100000011101111000000110111000110100000000011011110111111100000001111000001111101
1000000000101100011111110100000010101101101101111111101010111111000000001100110110011101100001010111111101011111100101011100101111011111110000000101101011111111101111101111
1111111110100110110000000111111111101001000001010110000000000101101111111001100010111111101111111100011000001110001101001101101011110100110111011100101000111000100000000001
1000000000111111111010110000000000111100010100000011011111111100000000101100111010110110101111001001000010100000111001011101101010110001110011110001101010000010101111111111
1111011010001101100010100111011111111110111101101000010101111101111110000001101000000000000001100011010111101110001011000000000000000111010110110111101111010111111111110111
1011110010101100001111110111000101101010000100101101000000000000000010110111000011011010101100001111111101000010100000010101111110111101000000010000100011010001010000010001
1000100110111110111110000001010000000011111101101101010110110110110111111101011111110010100111100101101101101010110111010100000011100000011011000111111111111100000111110111
1010001100011000110000101011110101111000001111101001010010011100011100001101000100011011111111001101000001101111100001010101011000001101001011110000000001101101010000000001
1010100101001010111010111000011111111010100000111101010111000110111101100000010001010000000001100000011111001101110101011101011111111111011110110111110100000111010101011011
1010110101011010011111100011111011001010101111110101010101011100100000101010110101111010101100101011110101111000111111111111000000000111110110110000010110111111110101001111
1011100111011111110101111000000001011111100010100101010001000110001111111111100100110011111110101000100000111011100000000001101110110001110000011101111100000000010101011101
1000110001010001000000000010110100000101101110101111010101010110100000001101110110011001011011101010001101100001001101101111100010011011011011001111111110101110110101000001
1101110111011100010101011010010101010000100010000011111111111100101011100000010100111100000000111110111111001100011001111100110110111001011011111011010010100011111111101101
1001000011001101010101010010111111110110111110111001111111111110111111101110111101100001011010110000011010011110111111011001111111110011010000000001000111111011111011111101
1011101001011111111101011010001000110010001010001111010101010110001110111000110001101011001110011101001000110010011011010011111101011000000110110100010011011110110001011001
1110111011110110000001001110100011111011100000111000000000010010100000001101111011101001111000111111011011111011000000000110110100001101011111111101111110000110100100001111
1110110001100000111011101100101000011000101011101101111111000110101011111000001010111100101110000110000000000001111101011100110101111001000101101100011011011110101111011111
1010000111111110110001111110101011111101111000000100000011011111111000001111101000010110000011110111011111111111111101000101100000101111010000000111110001010100000001110001
1011010001100000011011000000111000000100001101110001010110000001011110100011101011000110111111000011000000000001000111101100001010000001110101110001110111000001011111111101
1000011011111010110001111110111101111111100100011011111111011111000010101000101001010100000001111011010111111100010010111101111111110111110100011111010111010111111011011001
1101010000110010011101100000000100000111110101110000000011000000011110101101101111111101011011000001110000000110111110001000111001111111011101111000000000010000000011011011
1001011010011010110000111010101110110000010100011011111011110101000111100100111110101101001011110101110101101111111010111011101100000101011100000011101010111111111111001001
1111010011111011111111100011100110010111110110110011111000110101010000101110001000001101111010000101000100100001010000101000000001111100000101010111101110011111000001101011
1000011001101010000011001010001100110000011110011000001101110111111111100110100011101100011110110101110111111100000110000010110100100001111111111100100011000001110111000001
1101001101100011011000011111100110010101001011110010111100010000000000111111101011100111000110100111000010111111010011010111110111101111000010100001101111111111100110010101
1111111101101111110011000011001111010101100000110110000110110110101010000000111000101111011100110111111000000001010111110000010000000100011000001111000100001010110110111111
1111110000101100000110010110011000010111110111100011011111110010101010101111111110100001000110110001100010101011110000111110110101010001001110100111111101111010110110000001
1101011101111001111111011111001110110000110000101111001011011011111111111000100110101011010010110100110111111001100101100011110101111011111100111101011001010010000010111111
1000000000001111111000000001100010110101110111101101111011011111111101001011101111111001111011111101110000001101001100001001011111111111110111110101001011011000101000101001
1111101110111000000011011101101110110100010001100000000000000110101000011000101101111111110000011000011011111111111111111111001011010101010110010101011011010011111010000011
1100001100101111011111000111000111110101010101101011111011110010101011110010000000100000011011001111010000000011011010110101011010000100000011000101011011010110111111010111
1001011101100000010000010001010000010101010101101000001000011000000001000110111111101111111111011110011011011000000000000000001010110001011111011100001011000000000011010001
1011010000101111110110110101110101110111011100111010111110111011110100010010000000000010110110001011010001011111011111110110100000011111110010001101111010010110101011011111
1111011011101100000110110111000101110110011001111010000010001011011101011110111110101000000011100011010101000110011111111110101101000000011000111100010000110011111001000001
1000011000111110101100110001101100010011001100001111101111011000000101000010000011101011111110111111110101101111000000000011101101101111110011110101110111110111011111010111
1110110010001100100110100111000110110111100110100011000011001010101101011111011000101000011010111100010100101101011011110110001100100111010111010000000010010000000001010001
1000111010111001101100110001101100111110101100101111101011011010100111000011111101111101000000000001111110100001110000111111111001110000010000000111101000111111101111110111
1110011010110011000110011011100110000000100110100101101011001010110111011000101111011001010101010100000110101100011010000110111011000101000111110000111011100000100110111111
1000110010110111101110111000101100110111110110110000111001101010110001001010000000001101010101010110101100100110111111011110101111110101011100011110011000001111110000001101
1010010110100010101100110011101110111111011110011010011011111011111101111110111111011101010101111100111101110110001100001000000011010101001101111111001011100011010110111101
1111010100101010100111111000111000000000000011110010110000001000001100000110000001000101011100000110000101100010111110100011101000010101100000110001111000101000011111110001
1000010110111010001100000011110011011010101000011010011010101011111110111111011111010111001101110010101100110111110110101001101010111101110110011100001101111011001001100101
1010110100011011011111101001100110011011101101110011010010101000001010000110000001111110011000010110100101100101000011111111111010011001000111001101111111011111111011111101
1010111110110011010000001011110010110000111000011001011011101110100011011110110100000011011110110010101101110000011001010111011111111011010001101100011010000110110000101001
1010100000110111110111101000011010011010001101011101110001101000101110000010010101111001000011100110111100110101001100000000000011001001010111000001001000111100110111101101
1011111110011110100011001010111010110011011001110000011011101101100011011111011100110011101000110110010101111101101110111011111110011101110001110111100010110110110101101001
1010000000110000001010011010001011111011001100011010110000101100111110000001000110010111001011100011000101011001100110001000101110110111100101000000110111100000000000000011
1011101010011101011111011010111000011011011001001010011011100110111111011011101110110001101000110111111100001100110010111010001010110010110101010111110000001110110110101111
1010001111011101010000011010001101110001111101101011110011111110000001011110100010111011001111100000111110101110010110011010100000011000010111010011010101011111100100100001
1010101100010001011010110011011000010100001100101000011000001100110101000000110110001001100000101010000010101000110010110010101011000011010001011000010101000000110110101011
1111111111111111111111111111111111111111111111111111111111111111111111111111111111111111111111111111111111111111111111111111111111111111111111111111111111111111111111111111
