11111111111111111111111111111111111111111111111211111111111111111111111111111111111111111111111111111111111111111111111111111111111111111111111111111111111111111111111111111
10101000010101010101010110110000010011010101010011010101100100000101010000000010101010101000000010100000001011001101100000101100110010000011010101101101001001100101010110101
30101101000101000000010110010111011001000001011001010100110111110100000110111000000000000010111010111110111010011001101110000101111011011111010101000100011011110101010110101
10001111010000011111010011011111011101110100011101000101100011010111111111100010110111011011100000000000011011001100111100110001011000001110000001110001000001100101010110101
11101000011110111110000110001100010101011111010001101101110110000011011001110110100110011111111110111110111010011110010111100111001110111011011111011111011111110001010010001
10000010111011110000101100101111000001001011011100000001010111110110011100011111111111110110011111110100010011001010110100110110011010011011001001011010010010011100011000111
11111111100001011110111111100111111101100001010111111101010101000011000110111100001101000000110001010111010110011010110001100110110010111011011011010011000110110101111010101
10000101101101010000010101001100000000001100000011111101010101111000011100010111100001111110111100000000000110110010111011001100011010001010011001011001110000000101101110101
11110001111101011110110101101111111111111111110110000100000000100011010111010111001100010000001110101011010000011000011001100110110011011011001100010011111010110001100100001
11111101010000010000000001101001110011010000000011110111111110110110000111000101111111011111100000111011111011011110111100110100011010001011101001110110001011111111110001011
10000000011101000101101011001011011010010111111000000001111010111110110001110101100000010001110101111110100010001110110110100110110011011000101100110011101011100010010111011
11111011000001101100111001011010011011011100000010101011000010101011111101000001101011000100000111101000001011011010110110001100011011011011101101100110000010101110111110001
10001111110100111111111101000010110000001111111011111011111010101011011001110100111111111110110100001101111111001000010011101111011011011001100100101111011010001010011000111
11101100000111100000100000011010011110101000011111010001101000001010011101011110010101010000111111101111111101101111010110000110010001001100110101100011110000111011011110001
10001111110000110110001111111011010100101111010101011101101111100011010101011011000000011111100010001010001000000000010111110011011100011001100100101001111110001011001100111
11100000000111111111011100110001010111101101010001011001001100001000000000001011110111000101111011101011101110110111010101010110010101111101110001101111010100111011011110111
11110101010100101100010110000100010101000001011100011100011111011101011110100001011101110000101010001010001111111110000101000011010001101100000111000111010110000000010100001
10000111111110000001110000101101000001101100011001000111010111110111111111111101011000111110101011101011101001101011101101111010011101000101110100011101010010111011110001111
11011110100000101011111111101001111101111111001101110001010101100010100000000000001110101000000010000011000011000000000001010011011101010000111101000101000110011110111101011
11111100111010111010000011111111110000110101101111111100010101111010101111111111100110101011011000101001111000011011111101010110010100011110011111110101110011000110010100001
10100110111011100011111000110100011101100100101011000001000101011010111101000010001100001010001101111100111110111110100000000011010101110011110011010100110110011111000001101
10110110101111111110000010000111000001110110101011101101110101010010110001111011100111101111111111010101100111101000001111110110010101011000110110000001100011010100011011111
10000000000000011111111010110000011100000000101010111111000000011000011100000000110011000110101010000000001101001111011000010011010100001011100011111100111011000110111110111
10101101110101000000000011110110110001010110000000010111011111001111000111111110010110011110101011110101101101100111111111000110000101111010111011000110011000011100110110101
10111111000101101111111110000011111101011111111011010101111111011110011100011011000011011010101000000111000001001101100001010000110101100010010001101111000011110110010010101
11100000010100111111010000110111000001010001100010010100110000011011000111000011111010001010101011111111111101101000101100010101100000111010110111000111111000110110110110101
11111111111101100000000110110100010101111101111111010101111111001011110101111010101011101010101110111100110101101110111111111111110110101000000001110011010011100010110010101
10101111101111111111110011111111011101000000011000000101010111100000010100000000000001001000100110000110100000001110110010001010010111100011010111011011011010001110011000101
10001000001010110000000111101011111111110101011110110101010000101101000111111011111101101110101111110000001111101010111011101011000011001011111100000000000000111100111011101
11101010100010100110111110000010110000011111010111110101011110111111110001111111000000000000000101011111111000000010101010001011110111011110101111111111110111110110110001101
11001111111010111111111011111010111111001000000001000101011000010110111100001101111010101101110000001001111110101000001011101010100101001100101001110110110001010010011011001
10011101000010011111101010100000001011100010111101110001011111010100000110100000000010111111100111101011000011111010100001101010001100011101100011000110100111010110110011101
11010001111010110110000010111111100000001111111000100100010111000111101111111111101010111010111100000011101000011111101101101011011110110100101111110100110101000010100110101
10011100000000000011111000010011110101011111000010001111000101011101101011010000111111100010011111111010111111010101111100000000001100010101101011010110000000011110110010101
11010110110101111010100011000110111111111010011011011000010000000001101010000110010101111011000010010000011010010100110111111111100111000101101011000111011011010100010110101
10010111111111000000111010010010101010101011111111111010111010111100001011111111000000000001111011000110111011000110000000001100001101011101101011110011111001110111010100101
11000011001100011110101011111000000000000001100110101111101111111101100010011100011111111100000001111100010000010000111111100111101101001101001001010110101100110110010101101
10011001101111110000001110001111111111111100110100000101000000000001111010110111010001110111111011110001000101010111100000110010000001100101100011010010100001100111000000001
10111101101001111110100111100000000001110110110101010101111111010111011010010110011100010101000001010111101111111111101110111000101100001100110111011010110100110011110111111
10100000101101011011110101111111111011000110100111110000111011111110000000110111110111000101111101011110001010100000111100000011111111100101100101000000111101110110000000111
10110110101101011001010101011011101001110110110111111110000010101100101101100010100001110000000001011011111000111110110111111010010101101100001101111110101000000011111011101
10111100000001011101010100001010000011100000000001010111111010100111111101111010111100100101010100010001011101101010100101111111000001100001011100110100101011111111010001101
11100111111100010101000111101011111011001010111100000001000000110111000000101010011110001111111101000100000001000000110101001111111101001101110110000101100011000110011101101
11001100000001000001110110000000000001011111101110111101111010000101111110000010110111011100000001010101111100011110100101101010110101011111100010110000111001101111010000101
10011111011111111101010111010111111011110101000000110000101111010000000110111000000000000111101111111111110111110100110100101000000000010111001111111101100011000110011101101
11010101110110000000010011111100000000110001111111100110000011111101010000001101011111010100001000001000000001110110000110101110110101110101011101000001111001011111001100101
10010100100011110101000110101111111110111011010101111111101110001111111011011001110000011110111111101111111101010111110000101011111101100000010101111011010011010101011001101
11000110110111111111110000000000011100011010000101001011100111100000100001111111111011001011100100100100011000000001011110001001101000001111110101100001011011000100001101101
11110100010110011100000101011111000111011011110101100000001100111010110111110110001111111001110110110111001111101100001111100011101101101010010100111101011001110101111101001
10000001000011000111110101110111110110010011100000111111101001101110111111010111101100111101000000000101101010111111011011111000000000111010110101100000001100100101011001101
11110111110111110111100101100000000011010110111110001110001011000000010000000011001110001101011111010000000000010101011010101110111110110000110100111111101101101101001101101
10000110000000000000110111110101011000000100111010111010101001111111011010101001100111011101111000011110110101000000000000000011111000111011100101110010000000001101011000001
11111111110111111011111111011111111110110001100000001011101101010110001111111100001101011001101111111110100101111111110101111011101110001000110000011011101110111000001110111
10001100110110001010111100001010101111111100111101100001000000000111011001011110100000001101100000000000111111000000000111000000000111011011100110110000111010110011111010001
11100110111100100000010111101000001011101110101111111100010101110000001100001111110101101100101011111010100011101011010100010101110100011010110111111010100010111010110000111
10110100101110110111010100001111100000100100000000000001110101000101101111100101000111101001111110111010111000111111011101011111110001000000010001100011111010010010011101101
10010110100011111110000111101101001110110001010111010100110101111111101010001101101110001100110000000010011110010110011111111011011101101101110101111011001011011010110100001
11000000110110001011110110000000011100000111010100010110010101000000000000100000111000100001111111010110110111000000110111110000000000111100110111010011101010010000110101111
10010110000011100011100000101101110001010110010101010110111111110101101110111110111111111101101010010111110001111101100101011110101111100001100011011000001011000111100000001
11110011101010111010001101111001000101010100110101011111101000000101000111110000101100000001101000111101100100000000110000001111111110111101110110011111101001110100111011111
10000110001000000000101001000011110101011110011111111011101110101101010011000110100111111100101101101100101111111111111011011011010000000000110100110001001101000101101000001
11011111101101010111111111011110100111111100110000000010100000111111010111110100110101011110101111100110111010100000100010000011011111011101100110011101101001110100101010111
11110000001001011100010111001110001110100110011011011000001010100000010100111110000000000010000010110000010000001010001010101000011011111000101100110100001101100001101011101
10111111111101111101000001111000111010110000110011110010101011111111011110011011011011111011110110011111011111011111101010111101000000101110000110110111101001101101100001101
10001111011001110101010100101111100010010101100110111010101111010101111011010000001110000000000010111100001000011000001111110111011110101011110100010110101101101100001011101
10100000000011010001011110000101111011011111111100000011101100000100110000011111011000111111111010010111100011011110111001000000011000000011000111010110001000111110111110001
10110101101010000101110000110000000000001010101001111010000111110110000111000000001110110000000010110110111011001111111101111110111101111000010110000111100010011000000110111
10110111111111110111100101100101110111100000101111000011010110000000111100011101011100011101101000010100011011111010000000000000101111111110110011101101001010111110111110111
10100111110101000111001100110111111100001010000001111011011111010101100001111111110001011111111111010111001110100011111111111111101000001011111000100101101010010100011010101
10111101100000011101111111110100010001011111111011011110011001010100111111100000111011110111010000010101101100111010000000000011001111100001101110101100101111010110110000001
11110000111101110000110000011111011101001100000000000000111100010111101110001010011110100101011101000000001110101011111111111011101101001100001000000001111101000110000101011
11000110000000110110011111001011000001100110110101111010100001011111000011101111000100110001010001101110100000001011100000000000000000011101100011010111110101110000111111111
10010100101101111110110101100011110101001100100101100011111011111101111010111101110001100100000111001110111010100000001101111011011010111001001011010010100001011110101111111
11111111111101001100000001001000000101011111110111111111000010000000000000000001111101001110101111111011111111111010111111111011011110100011011111111000001100011100000101011
10001011010111100001110100011111101101001100000100000001011111101111110110111101000101111011111101011011101001010010100000000011110000101010010000001010111111010111110101001
11100000000010111101000101010110001101011111111111111101110000001000000110111000010000000001010100011010101100011011101010101010000101111110111101100011111010000101000101011
11111111111010100001101101110000101111011011110000000101100111111111101111101111011011011101010101000000000001011111111111111111101111110111101001001111101000110101110101011
10001100000000001011000111111101101000010000000101110000001100000000001001000001111110011000010111110101011011010110110101010110001010100010001011101000000010100101100000001
11100001101101101011010100011101101010110110111111000101011001111111011101010100110111111111010110110111111110000000010100000111101000111011101111111110110111110000110111101
10001101100111101111111111000001101110010011111100010101011111000000010101111110000010101101000000000110101100101101000101010000101110100011001101000111111111111101100001111
10101101101110001110101011101101100011111110000001010101010011010101010000101011111010101000010110101100000001100111110101111110101110101000011001110011101010101101110100001
10101001111000101000000000001001101111101011111101110111111000011111111110000001000000000010110110101001011011110110000001100000101000111101001101100110000000001000010111111
10101111011111111101011101101100101100000000000000010110000011011010110110111100011011111010111100101101010001100011101101111110111110000001100001110111111111100011000000001
10111110001100010001010000111110111101011011011101111111111111110000000011101111111111000010000110111111110101111110001111010000011011111101111100000000010000001011010111011
11111011011111000111110111110000000111011010010001101100000001111011101001000000000000011111010011110111000100110000100110000101000001101111010111111111011111011110010011001
11100000000000010110111110000110101100001111011111000111111100011110111100011011111101011000010110000000011101111010110111010111101100001010000110101100010111001100110110011
10001010101101011110101011111100101101111111110011101101101111010100111110110011011001111101010010110111111111011111111100010110111111100011110000000111000000011110010011011
11011110100111110000000000000001111111101010111010001101001010000110101010010110001011000001111111111100000011001111100001010100010101111000000110110110011011010000110110001
10011000110100000111111111110100110010000000000011100001101011110110000000111100100001101100011101011110101011101010111011111101000001010010101100100000110011011010010111101
11011111111110101100000000110110011011010110111010111101000000000000111110011001110100101111110101010000101000001010101110101111101100011011111101111101111010011011010011111
11110111101011101001011010011111110001111111100000110000010111110111110110110011011101111010110101000111111110101010100000000010111111000010000001000000110011001011011000001
11110100001001111101111111001101010100100011001110000110111110000100000000111111000000110000000001111110010111100000001111111010011011111110101111011010011111101110011010111
11010001100011001111111101100001011110111000011000110011100011111111111111101101111101100111111100111011000001110111011111101011000000000000101000011111000110000011110011111
10010101111011011011011000001101001100011111010010011111111011111010111100000000011101111101001110101000011100000100010000000000010101101010111111010000010100101110111011001
11011111000010001010011111011000011110110111011111111110000000000000000001011111010111011000011000001110111001101101111111011011010101001010110111110101011110101100000000011
10011100011011101011010111001101011000010001010001100011101101110110101011011000000010011111011101100000101111111111000000010010011111101111100000000111000110111101110101111
11010111111010000001000000011111001111011101111100111000001000110111101010010010111011010100000001001101101100010000011111011111011011001100001011011100011110011001000100001
10000101100000111100011101111001100100000000101001101101101010100100001010110111100010000001011011101111101111011101111111111100011000011111101111011110111000111101101110111
11110101101010111001111111000011110001111110001011000111001111101111101111110011001000111011110000111010101010011111100000000001011011010000001000010000001110001111001100001
11110000001110100011000000011000000101001111101011110111101101111100001001000110011110110010000111100000000000110110111110101101110001011011101101110101100011011000011110101
10011110101100111011111011011011011111100010000001100100001000010111011100010100110000111111011101001101111110000000011111111111100101111111001111000100101001111101011000101
11000000101110011110100011111011111000001000110100110111111111000001110001010110100101100001111101111111110011111111000001010110111111110101111011110101101111100001011101111
10010110111000110110110110110010000011101010100101110101110100011100000101010110110111001100000000110111000110101001101101010100000011000001010000100111000011001011010100001
11010011100010100010110100110111010110001011110100000000000001111001010101111111111111111001111101110101110100001101111000000001111001111100000110001111111111011010010001111
10011110001010111010111110000011011111101111111110111101011011000011011111001101100000011111100000000001010001100000011101110111000011000001010111100000000110010011010100001
11110010111111100000011000111111111010001110101010110001010011101011111011100100111101000010001111101100000100110111010111000111111000011101010101101010110011011011011101011
11111011110100111111011110101101100000101000000000100111011000111110101001110110100001111011111111100110101101100100000011111101000011010001010100001110100110011011010001001
10011001000101101110001011100000111110101111101110101100001101111000000011010110111111000010010000001110101100111110101000000000011011110101011110101000110011011011011011011
11001101110100000011100011111101101111111000001100101101111111101111111010010110101011111011011101111011101110000111111101101111011010000101110010111011100110011011001010001
11101101010001101000001000000000101011010011111110111111000110001011011011000000101010100000000001000001111000101100000001101000001111110101111000001001110110111111101110101
10101001000101101101101101111110000011011011000111100011110111100000000000010110001010111011010111011100000010101111010101001101011100000111000010101111000110110101100011101
10101100010111111101001111110000101000000011110101111001100000111110101010111100100000000010011111110001111010101000011101101101000111101100011110111100010110100000001011001
10000001010110100001011010000101111010101010100001011101110110011111111110011111111010111111111100111101100010111010111101001001101101111111000010100001010100111010101001101
11011011011100001111111011110101100010111110111100000101000011000000010110110001111111101100000110010001101010111010100001101011101100010111011010111101011101100010101111001
11110001111111111000100000000100101011100000101101010100010111101101000000110100101101001111110011000111001011100010101111001010001111000000001111100001001101110110100001101
10111011100000000010001011110101111110001110000001110001111110111001111011111110001000011010111010010110011110001010111110011011011000010110111000001011100111010110101011001
10000010001010101011011010000111010100111111101101100100101000111111000011101010100011000000010000110111010000101010100000110010001101011110001101101001101110000110101001101
10101010101011101111111111111110000001110011101101110111101101101010010110000011111111111111011010010100011011101111101010011011111001010000111111101011101000110111101011001
11101011111000111000001000000000110111011000001101000100000000100011011111111001011101101100010010110111001111111101111110110011111011011010011000001000111111100001101001101
10001010000011111111100010111010100100011111101111111110111110111011111011001101000001001111000110011111111100000001011000011010000011010011011011011010100000001011001111101
11101110101001100001111011100011111111000000000110000011100000000010110001100101111101101011010011001100000001111100000010111111011001110110010001110010111110101001100000111
10100110111011001100000011001111111101111111101111111001110101111010011101110101011000000000010110011110111101000001110111100000011101110111111100011011100000101011001010001
10001111111111011110111111101100100000000000001101111100000101000011010100000101000010101110111111011000110001111011000011111111010000011100000001011001110110101001101110101
10101011101101111011111100001110111101110101011000000001110111101000010111110000011010101100011000001101111101000011110110111010010101000111010101011011011100101101000010101
10101000000000101001000001101000011000011101111111111111000110001111000000011110111011101001110010101001100001010110000100000000110101010111010101110011010001100101110111101
10111111101110101100010111111111000011111111110000111011110111111000011011010000110011001100011010101101001101011110101101011101110101011100010100111000011011110101000000111
10110000111000000001111110110011101001010111000110000000000100000010111110000110010111011001011010100111100111110000101111110001100101111001010110001101110001100111101011111
10100110011011010111000000011000001011000000010100111011101101011010110111010110110100001101011010101100001100100111111010100100110111000011011110101100011011110110001011101
11111111000010011111101011001011011001101111111101111110001111111110110000010110011101011001001110111111100110111111000000001111110110010111011100111110111001100111011000001
10000000011011010000111111100011010011111000001111001111111000000000011010110110110001110011011000111000001110101000011111100010100110110100000110011000110011111100001010101
11010101010011111110110110001111110111011111100111100000001111101011011011110110011111111001001101101111111000001111111111001110101111100101010100111101111111111001011110101
10011101011110101000100000101110000100000110110000001101111000001010001110000110111000000011011111000000000011100000000000011000000011001101011110011001010001100011010100101
11010001110110101110001101111010111111010010100111011000001110111010100110101111110011011001110011111111111110001011011011011101101001101101001100111100011101001010000110101
10010101000110000011111111000011111100011000001100011101100010100011110110101101000110010011111000100000000000101010010011110000111011001101101101100110111100011011011111101
11111111110000101001011011111011000001001101011111110111101000101001100011111100010111111011011110001101010111101111111010100101100001101000111001110100110001001011000000101
10011010011010101100000010110000010101101001011011110000001110111011001111000001010011100011000000101001011100000110000010001101001011111011111101000001110101101011101111101
10110011000011101111011000011110110100111111010000011111111100011001101100010101111010001001101010101011110001010100111011011111101011010001100001101101100101001110000001101
10011010011011000110011101000000111111110111111111010000000101001101101110111101100011011111111111111110111101011111111110000001111111000100111101101101101101100011011100111
10110000111111011100110001101010101011000001101000000101110001100100101000110001101010010101011000010100011111111110000000110100001101101101100001001101100111110110000110011
10100110110000010001111111001010100011111100000011010100111011001101111110100100101110110000001011000110110110110100111101100110101101001100101011101101111111000010101111001
10001100011011111011011111111111111010100001111011011110011001101100110000110101111111100101101110010000000000000001100000101111101000011101111011001101000001010111111000011
10100110111010000010000001110000000010111101100010010000110011100101111111110111111000001111000100110101011101110101110101100110001010110000110001101001111100010001100011011
10101100110011011011110100000111101010111000110111110101111011001111000000000010100010101000010001110111010001100111011101110111011010011101111011111011000001010111111111001
10101110110110010011110111111110111010100010100100000101000001101010011011010110001010111111111011000110011011001110000000010001110010110000001011000011010101010000110000011
11101000111111011010000100001010100000001010101110101101101111000011111111110110101010111010000001111111011111101000101011010101000110110101011001101011011111010110111111011
11001010011000011110101101100000111101101010111000101111111000011010000101110010101111100000111101000000010001111111101011010111110010100101001011111001110000010010001110001
10011111001110110111111111111110000001101011100010100111000010110011010000000110111101001101111101010101011101011000001011010110111010110101011110000011000101010110101000101
11110000011011100011011111011011111100101011110110101100010110011111110101101100110000011001000001010111111000000011101001111100000010100101111111101011010101010010111010101
10000101010000001000001100000000000001111110000110101111010110110000000101111111111101111101011101111110101101010110001100011111011010101100101011001111110101010111100011101
11101111010111101101101001111101110100010110110011100110010110111111101101000011000111000001011001000000000001110111100101010100011010101101100001111101100101110011001011001
10111100011111101111000011000001000110110000011011001111011100011000000111111001011110010101111101101101101011110001101101110001011010101100110100000001111101100111101001101
10110101010000001000011011110111010100011101111111101100011001010011011110111100011011111111100001111101001010000111001100110101011010101101100110101100000001101100001011001
10100111111111111111111010010110010110111000000011001001010011111111110000000001001010101011001011000001101110110011100101111101001010101100110110100110101100101111011001011
10110010100000000001000011000011010111100010101111111011010110101101111111111111100000100000011011111011001111100110110111010001011010111110011111101100101001100011010011001
10011000111011111100010111010110011101110110100110000010011100000000000000000000111110001011111110110011111001001100110000011011011010111000111100000110111100101111011011101
11000011111010010001010110011111011100000011101100101011010001010101010111111110000000101000110110111110111101011110000101111110011010101111100001101110110110100110010000101
11101010101111000101110100110011110111101001100110101001111011011111111100000110101101101011100000100000000100011011010100110000110010001000111100111011100000101100111010101
10001000001111110111100110011000000010001011001100111111100011111000101110110010111111111011001010001101110101001011011110011110110110100011100001100011001101100101100011101
11111111101010111111001111011101111000101011100101110101001001110010000000011000110010000001111111101001110001100001001100111110111100110111001011001000011000110100101001111
11100000100010011101101000000111000010101010001111000000011101010111101010111111111011010111110101101011000111110111011001100000000110100100011011011101011110110110101100011
10001110111000110000001101011111101010101110101100010110110111011101001011110000001000011100000000001111101100000001011011110101101100110111011011111111001011100010101001001
11111000000010000111101111110100001011100110100111011110110010001001111110000111101011011110111011100011001101110111110011010100100110011111001110001100011001101010101011011
11010011110111010001101000000101011110001110111111110000111010101100010011101100000011010000100001101110011111100010111110000110111111010000011111101001001100001010101001001
10000110000011011011111111110101110100100010110101111110100011100001000110001111111111010110110100101000110100001000010111110100000011111101111000000011101111101111101101011
11110110101010010000011011000001000001101111100000000000111011001101110100100111100000010100100101111111110111101101000000010110111110100001000011110110111000000001111101111
10000110101110111011010000010101111100111101111101010111110010011001110111110100101010111110101111010100000000000101101010111100110100001111011010000010100011011100110000001
10101100101000011111111101011111101001110000011111111111011010111111000111011110001010101100111011010111111110101101101110001111110001101111010011110110001111011001110101011
10111110111010110101000001010000000011011110110110101000000000110100010000001011101010000110100001010100000000100101000111011000000101001000011011000011011110011011011101011
10011000011011100000010111111111101011000000010100101111011010110111111011100000001111011100101101010001011101101101010011001101010101101101001011110111110000110000000101001
10111101011011111011011110101000001001111111000110001010010011110100101001110110101100000111111100000101111111100111011011011101110101101111011110000000111101111011101101101
10001111001110000010011000000011101100011000010011101011111111010110000011011110111101010111011001101100110010001110010011000111000111001010010000101011100000011000111101101
11011000011000101011010011010110001101001101011000000000000000000000101011000000011001010100000011001101111000100010110111101100010100011000111010101011001011010010000100101
11111111111111111111111111111111111111111111111111111111111111111111111111111111111111111111111111111111111111111111111111111111111111111111111111111111111111111111111111111
