1111111111111111111111111111111111111111111111111111111121111111111111111111111111111111111111113111111111111111111111111111111111111111111111111111111111111111111111111111111
1011010101101001100101011000011011001111011010010101100001011000101100011010101000110101001100000110101010101100001001100000000011000100110001010000101101011001000010110010101
1010010101001101110101001101111001100110011011010101111101011101100001110000101101100101101101111100000000001001111011101110111110010001100101000110000000001101101110010110001
1011010101101100110101011100001011001100111010010100100000001100001011000101101100110100100100011101111111011011010001000111110100111111101111101111011111111000000100110100111
1000000101000001110100011001111011100110101011000110110101011101111110011111100101100110110101110100000001001011000111010001000110101110000110000001000010101111011101110110101
1111110101110100100101111101010010101100001010011100011111011000001100111010110000001100110001110001101101011011011111010101010110101011011111011111011000000110010101010100001
1101110100111110101100001101011010100111100011000110111100001101111001101000111010111110011011000100111111110011010101011111011110100001001010000001001011011111000101010101111
1000010101101000100001101000001010110010101111101100010111101000111100101110101110010111000001101101110010110111010000001011001100101100011010101011111111001101110000000000001
1111000101001110101111111101101010011010000010100110110110000011101101101010100100110101101011000101100110110101010111111011011110001111111000111110001101111000110110111111111
1001110101100110100000011000111010110000111110110010110110101000100001000010110110010101001000011111001100010101000000001011001100100110101101111111100100101110000010000011101
1100100000001100110111111101110000111101101010011010100011111101101111011110010100110000011111110001100001010101101111111001101101110100001100101010101101101010111111111110001
1110111011100110010000101100100110100000001011011010111001010000100000011111010101111101110000000111001011010001101101101011101101111111011101101010101101001010000001111000111
1010001110110011010111101110001111111101111010001000011100011110101111110010010000101000100101110110011111110101100001100000001000101010011000000010101100011010111111001011111
1000111110011011000001101011100101101100011010101110110111001110000010011011010110101101101111110100111100111101001111110111111011101011000011111110101101110000000011011001101
1110011011001010011111000000110101100101110011101100100100011011011110110000010111101000000001011110001001101001100110100101110000001011101010110100001100011011110111011011001
1011000001100000110001111101100100110100011011001110110110111010001010011111000001000011111111001100111011001101101100110100000101111010101110100001111101110001111110010010011
1011111101111110011011111001101101100111011001100100000110101011011000110101010111011000111011101001100001101100100101100001111111100000000110001111011000000100001011010110111
1000000000110000110000001100000101001110001100110111101110101011000011100100011110001110101000001101101101001001101101101111000110111111101110111000010010101101111011010000011
1111110110011110000101011111010001011000111110100110101100100011011110110001011000111111100011111101101111101100000000001111101100101100001000111111010111111111011010000101001
1111111111010000111111111101011111001110111000001100001110001110000000011101111011100001101111101000000011000001011101111000001101100111100011101011010000000110010010111111111
1000001101011110111010101001011011011010001101011111100100101010111011110100110001101011000010101110111110011011011101011011111001001101001000100011000111111111000110000110101
1111100000000000000000001100001001011010111101111011110111100010101111000101111100001111101110101100111010111111110111000000001101011001101111101111110000010110010110101110101
1010111110111111101111111111100011001010010000110010100011001110000101110000011001111001101100101101101000100001110001011111111000001100000111100101100110110010111110111010101
1010101111100001101100011011110111101011010111100110110111101100110000110111111100001101000110101000000011101111011011010101010011111101110000110101001111100110001100010010101
1010101001111100000001011000000101001010010110110010110011000001100110110101101101111000010110000011111111000110000000000000000111010000010101100001011001101100111001110110101
1010101011010111101111010011110101100011010100011010010110011111111111100000001101001101111100111000011110011111101111011010111101010111111111111011011101000101110011100100101
1000101000000000000111111110000101110110000101110011000011010110101001110111111100011001101101111111110011000010101111111010001101010000011010101000001000010101010110110101101
1110101111111111011101101111110101010011110101011001110110000000000011000110110101111100000000100111010110011110100000101011111100000101001010101011100010111101010110110100101
1000000110001110011100101010000100010110000100011011100100110111111111110110010100000101111111101101010010110010101111101111100101111111011000001011111110001101010010110101101
1111110110111011010101101011110111000011110101110000110101111100001101100110110101111101010101000101000110011000000000100110110000011011111011100000001111111000010110110000001
1101000010110011010000001011000110011110000001100111110001100110111001110100000001110101010000011100010011000011111111101100011101111001101111001101111011001101110100100111011
1000011000110110010111111001110011001011010100110011010100101100101100100101111111000101010111000001111111010110000000000110110000101011100101100111011010011101100001101111111
1110111010100011000011011011011011011001111101110111011101101101101110110000100001010100010001111111101101110011011110101110000111101000110100110011011010110100001011000000101
1000100011110110011110001010001011001100101000010110011001100101101000010110001011011110110111101100101000110110001010111010111110100010110001100111010000110001111111101010001
1111111011010111010011100011101011011110001110110111000011110101001111000011011111011000110001000110001011100010111011110000011010001111111011110101010111110111010110001110111
1101010001000101010110101000101011010111100110110101110110100101011010011111110101001110100101011110111010110110001001100111111000111101100001010100000000100011000000111111101
1000000100010000010010111110101011000101110010100100110110101101011011011001110101011010101111011010010010100010111011001111001011110000111011000101111111101110010111111011001
1111010101011011010110110100101011101100111000110001100110101100011010001011010101011010000011011010110110110110110001100000011011010111101001110001011000100010111100101010011
1011111101111110000000100110001001101001101110011100110000101001010000100000000001001010111111010000000000000000010100101111111010000110101011011011001101101110101101100000111
1001101111101111110111101111101011001101100111001101110111101011011101111111111111011010111010000110110111010101111101101101010010111100101010011000011100001010101000001111111
1011000011001011000000100011101011100001101100011101100011000001110100011000000000000000000000111111100011111111001000000000000110101101101000110011110101111000000011111111011
1001111011101001110111101110000001111100000111010101101110011111100001000011011010101111111110000011111110110011100011101011011110101000001110011000000101101011111111011000001
1011011010101100010001100011110111011111101101010101101011010110111011010110011011100000010010111110001100011001001001111111110000101011111000110011111101000000000000000011111
1000010000000111011011101110000011000111001101010001101010000010101001111111110000110110110111111010111101001100011111010101111110000001010011111011110000011101010111111110001
1111011111101111000011001011110111101101100001010111001011011110101011101010111111111111110101101000011001111001110101000000000110111111011001010000000111111101110100000010111
1110001000001101111011101011100011001001111101000011101000010110000000000000011101000011000000000011111101101011100000011010111100010100001100000101110000100100110001101110001
1011100011100101100010100000110111101100110001101001100011110100111111111111110100010111110111011000011000000000001111111011110001110101111001111111111010001110011100111100101
1010111111110100101010111011110011000110111100111100110110100110000000001010110001111111100001011110110011111111100000001011010111100000111100000000011110111111111110010101111
1000000110110101111010011000011001101100011001110110110100001110111111100000110111101011001111110111111010001000101111111110000010101111100001110111110111101101010111000000001
1111011100000000110010111111011011000111001100100010110101111010110011111111100011001010011110110001011010100011111000001100111110000101111100111110000000101100000001101101111
1101010111011110111000000110011010010110011110111000110101010000000110111000001111011011000010100111010000111110010011111110100111110100110101101010111011101110111111100111111
1000000001111100011110111111011011011100110000001110110101011011010010000010101110011011011110001100010111110011000111100100101101100001100001000000001110100110000000111110001
1110110111100001110100000110010011001001110111011010010100011011111000101111101011001001011010111111000101011010011100110110000101101111111011011101111110001100110111100011011
1000100011001100000101110011010111101011011101010000110101111000101111111111111001011011001010010101110101011010111001100111101100100001011010000100110010111110111111110110011
1110101000011111110111011001010011000000011000011110010000101101100011011010110011010001011010110101000101000000001100110101001001101011011011011110011000001100001000100111001
1011111101010000000010001100000110011011111111001100110111100000101110011000111011010111001000000101110000010101111110010101101011101111011011010111110011111110101011101101101
1010010101111101111010111111010010110000001101011001100110001011100011011011101001010101100011011100110111111111100110110101001010000101011000000001011000011000111001101100101
1011000001100001000000110101111011111011111101011100110111011110101110001010101011010000001111111101110001101111001100010101100000110001010011010111001011111110011011000110101
1001111100111111111110110101110001010001010100001101110010000100000111100010000000000101100001110101100100000101100110110101101110010111010111111101101000010110110001101100001
1100100111101100101010100101011101010111010111100000011000110001110010101110111111111111101111010100001110111101110110000000000110111101010000101000101011110100000111101101111
1110101100000110000000110101011001010110000110111011111011110111111110101000011110101010111000010101111111111001010110111101110011111000000111100010100000010101111110000000001
1010100111110100101110110001001101000011110110000011010001011110000010101011110000000010110011110100000101101011000000000100011001010011011100001111101111110100010011011111111
1010001101010110111100011101011101110110100111111011010111001000111110101000010111111110011000110101111101100001110111011111111101000111110101111001000001100101110110001011001
1011101100000111110111000000010100110110110101000010000000011011110100000011000000011110111011100100000101101111100011111010101111101111110100101100011100001101010000100000011
1000000111110101100000010101110110010100110001111010111111110000000001010111010111110000100010101101111101101110001001110000000011001011010101101101111111111000000110111011111
1111110011010101001011111101100011010101110111110010101000110111111111110001010110111010001000000100010101100011101100011011111111100011000100000000000011110011011111111110001
1110011010000001011111101000110110000001100101011000000011110011101000111101011100011110111111111101110101101110000101000001011011001111110101111111011110010111111101100000101
1010110000111101110100001110000011111100110101000011010111010110100010011111111111001100110110101000110000000011011111011111011001100101100000000111011011000000100000001111111
1010011111110001100111100111110110100110100001111011110101010110001110110000110010011101110100100010111010111111000110000011001011101101111011111101111011011111101110101000011
1010110101011101110100110001010110110100001111000001111101000000111011111011111010110101010001101111101011110000010011101110011010101000110000000000110000000001001110111011001
1000110100001000100110011100010110100111100101011011011000011011100001010001010000000000000101000101001001000111111110111011011000101110011011111111100111110100011011110001011
1110000110101110110100110101000010110110110101110000001101111110001111010111011110111011111111110001101011011101101100110000001011101011000000111000110011111110111001100111111
1110110011101010100001100111101000000010100101100111111000000110111010010101011100101110110010111011000000000000000110111101111011100011011111101101100110000110101011001110101
1000011001000010111011001100111111111010110101110000011011111100100000110000010101100110010110011010011111111110101100011101101010111011011110000000101100101111101011100010101
1110111100011000000001100110010100000010100000110101110001011001101111100110110000001111010010110000110000010111111101110101000000011000000000101010000001111101000010101110001
1011110111111111111101110111000001101000001111100100110100001100000000110111111011111001000110100101110111110101011001000100011011110010111011111111011100010101101110100100111
1011100000110001110000010011101011111111011011001101110111111001111111100011001010111101011110101111100000100001001100011101011001100111111111000011001111000101100110101101111
1010111110011101011111010110111011000001011010011001000001101100110110110111011010101000001010000010101111101100011101110101110011110101101100011110011011111101101100000000001
1000101010110101011000000110001111011100001010111111101111100001110100110110010000001101100000101110100010100101110100100000011001100000101001000010111000110100000001010101111
1101100000110000001111110110111001111111101010101100100011001111000001100010110111111101110111111100001110101111010110001011111111111010000011011111110010100110111111010100001
1100111110111111011000000000001100110100000000000110001110011001011111110110000111011000111111010111011000000011010100111111010110101011011001111101010111101100100001110101111
1001100110101111011011111110100110000111111110111111100011011011000001100000101100001101101101010101000011111000000001111110010110100001011111110000000001100110001011111111111
1100110100001000001111011000111111110001100100001010001110010000010101101111111101101100000000010000011011101111111111101011010100001011110101010111011111001110111000011000001
1001100001101111101100001110011011011011110111011011100011010110111111101101010111101110111101110111110000000110001101000000000001101110100000000011111001100000001011010011101
1100111111101100000111101000111000000000000010000011101110000010000111000000010110101010000111110100011111111100111000011111110111111000101111111110101101101111011111111011111
1001101010000111110100001110101111110111111011011110101000111111110101101111110100000000111111000101110111001101101101111000111111111110101010110010001000000001110101100000111
1101100011101100000111011010000101011100011011010100000010000001011101100110100101111110110101011100000000011000000000101011101101101100000000011010111011111100110100001111101
1001111010101110110000000011011101011001000011010101101011010111001101101110101101100111100000000001110111111011111010001001000001101001101101000000010000000111100101111100101
1100110000101011111111111010001101001111111010010000111111010000011000000010101001101101101111110100011111001000001010100011011111000011101111101101000101010010110000110110101
1101100110101001101000011010111001011110001011010110000001111111001111011110000011000000100000111111001101100011101111111011010000011110000000100101101101111010000111100000001
1000111110000011101111000000001101011000100000010111111111001111111000000011011111011111101110000001111100110110111101011000000111111111110101111111001100110000110001110111111
1110001011110110101101111011111000001111111111010101000001100000001111101110001100001000000010101011100101110110010100001110111110100001111111011011101111100101111011000100001
1110100010100010100000000000111110111101010100000000011111001111111011100000111101111011110111111110110000100000110101111100000000001011011100000000111001111100101111110101111
1000111010110110111110110111101000111000010111011111000001100110110010001010100101100000010000111110011011101111100000010111111111011011010110111101100011001101100101100000001
1111100000100010110011100000101110101111000101010101111100001100111011101111110101101111111101101011000011000000001111110101011001011010000000001111111011100100101101101111111
1101111110001000111001001111100110101101010000000000000110101101101000000101100000000000000101000011110111011111111110010101000011111111011111111000101001001101100100000000001
1001000000101110101101101010101100001101111110101010111111111101101111101101101111111111111111101110100000001000000010110000011110100110000001101011101100011111110101111111111
1101111111111100000000001010000110111000101110111110010011100100101110000000000000000111000010100100001111100011110110110111111010110011011100100001001101110010110000011101111
1000000001000001111101100011110100001110000000010111000110110101101011101111011101111101011110110001011100101110011100010000000000010111010110001011011001110110100111110000001
1111011101111101000000111001110111011011111110110001111100000001101010100011110000000101001010011011110101100010110001110111011101110110000010111110001100010110101101010111111
1001110000101111101011100011010101011000000010010111100101111111101010101110111010111101011010110010110101111110111101010101111111010110111110000110111001110010100000000101111
1011111110101001101111111011010001001111111000110000110101010101000000100010001111110101000010011010000000110100011000010000110011000110000011011110011101011010001111110000001
1011010100001011001110100001011100011001101110110101100000000001110101101110111001010101101110111010111111100001111101110110011011110000111111110000110101000000100000111111111
1000010111101001011000001100000101111011000110010111110111111111011100000110101100010101000000001000010111110111011000000011000010110111101010111011100000011011110111101010001
1111000010100011111111101001110000110001110111000011010101011001011001111110000001110001011111111011110100010001011011111111011110100000000010011011001111111111111101000000101
1000011000111010100000001111111110011101010001111001010100001101011011101100111111011100000000000000000101110111000001011101110100110101010110111010011000010110100101011111101
1110111110111000111110111100000111000001010111011011010001111101001010100110101010010110111111111101010000010101101111010101100101110111110010101010110010110000101100000011111
1000100000000010101011100111110000010100010101011000000111011000011000001110100000110100000000000111111110110101000101010101101101000001111000000000000111100111100001010110111
1111110111110111100001110000000101111110110101001101110000011110111011101010001111110001101111111110101111100000010000000000000000010111011110101011110001110100001011111100001
1100011100000011111100011110110111101000110100011000011011110100010000111010111101100111111011000000101001001010110110110101010101110000000111111111111111000001111111101101111
1001001111111000110001001110111110001110110001111011111111000110110111110010000000110000010001101110101011011010010010010101011101111011011101000000000111011111110101000000001
1111100001011011111111011011101011100110111100101001010101110110110001011010111111110111110111001011100000001110110111110101001111011111111000011111111101000000000000011111111
1110101100011000110011010011000000110100010110100011010101100110100100001010000001100000010001100001001101111111110000011111111011010110101101111001101101011111101111110111011
1010111111011101110110011001111101100111010110101110000000110110101111111010111111101011000100001111011100000000011111111001110000000000100000001100000101010101111000000000001
1010110000000001010111000011110000110110010110001100101011100110000011101000010010101111111101100000000101111101011101010011010111111110001111111001010000000000001101010111111
1010011110111011010101110110011101100011000010111001111010110100111110101011110110101111111111001101111111111111000101011010000000000111111101010011110110101101101001010110101
1010110111111011010101000011001000111001110110011011011110100001110000000000000000000011000011100100000000000111101100000000111111111101110000000110000110101111111011111110101
1000010101000011010101101111101110000011010111001000001100111101100101111111101011011111011110110101011111011100111101111010000100010000000101101111110010100000011010101010001
1111000101111011010101100110001011111010000011101011111001101000001100000101111011000000001110110101000011111001110100001110110001000110110100111000110111101011110000000000101
1000010000000000010001101111101011010011111000000000101101100011111111110000011001101101100000111101011000010011000101111111111111010011111110001011111101111000000110110111101
1110110111111101000100000110101010011011011010101111101000111001000000011110110011111111101011101111111111110111011100011000001111110111011011111000011100111111111111100000111
1011111110000001101111110100000011000000011011111101101011101100011111111111111000000000111110000000010111010100001001110011111001110000000011101011110101101100011111111011111
1001011011111100101000000001011001111011010001010101101000000001011010000000001111011111110100111111110101010101100011010110101011011111101000000000000001000110110110011111001
1100011011110001111101110111111101011110000111010000101010101011001000111111111001110111100110100001010001010001111010000000000000000000101011010111011111011110100010110101011
1101111010011111110111111100000000000011110001011110001011111111111011110001101101100000110100101111010111000100011110101010101011111111111111110011000000001000001000100100001
1001010011010010100010011101011010110110000111010110111000000000110000000100000101101101100110000011000101011111110110111111111110000000000111111011010101100010101111101101101
1101011011000110111000110111111111110111110000010100011011011010011011101111111101000111110100111111011100001010110000010111010110101010110011001110010101101011111111101101101
1000010000010110101110000010101101000010110111110001000011111111110010111111000000010000110101110110010101100000010111110010000010111111111111011111111111111000000000000000111
1101000110110110101011111010101101111000000000011101111110111101011000010100010111111111100000000011000000101101000100100110111000010101101110000000001100111111110101110101111
1001011111100100000001100000000000011111111011110100000000011001001101110001111110101110001111101111011111101111011101101110001101000000100011011111100110001111111111111100001
1111111011110111110111111111101011001110111001010101111111111011011000000100011010101011101011111010000011111011110100000000100101011111101110001011111100111000011011000111111
1110101010000000000011101100001111101010100011010100000011101001000011101111000000000001000000011010111000010000000001111010101111110000101010100000010110001101110011101111001
1000000011111111111001001111111100001010111000010001111110101011011111111001010111111100011011000000001101010101101100011110100110000101101010111111110110111101010110101001101
1111111011110001111011011010110110100010101111000100000000000000000000011011111111111111011110010101101111110111111101110111111100101111101010111100000110100000000010101011001
1110000000000100000000000000000011111000101101101111010111111011011101000010101100000001000111111111100010100010110111100011011001111011000000000110111110101111101000000000011
1000111010110101010111011111111011100010000000000011110001001001000101101000000001110111101101101010101000001000000000001000010011010001101111010100011000000011111011011111111
1111111110100101111111111000000000111111010111010110110100011101011101101111111111110000111000000000111110101011111111111111110111010111000111010111001101111110001110000000001
1101100100110101000000000011111010000000010110011110010110110111000100100111011000010111111011111010001110101000000000010000110101010010011101111110011100101100111111110111011
1000110101100111110101101111111111011111010011001010111100000011010101110000011011110001000000001111011011111101101010110110100000000110111101101100110110000101101011111111001
1010000001110100000111111000000000011010010111100000100111101001111100111111000000010111011111011101111011010101101111100010110101010000010100000110000000110001100000000001111
1111010101000101110011011101010101110000110110101010001100111100000110000011010111111111011111111001100010000100111111101111110111110101000101111100110110110100001111011100101
1000011111101111100110000001111111100101111100001011111001110111010110111110011101001000000000101101110110111110110010100001100010111101111101000001111100011101100001000110001
1010110000001100001111111011000110001111110001011000001011100001111100000011000000011011111111100101010110001011110110101111001110000100110101011111011111000101101011111111011
1010111010100110100110000001101100100001100101110010111010101111100110101111101011001010110010101101010000100001010100100101100010111111100000000000010101111111111110111011111
1010100010111111110100101011000001101011001100111010000000000110101111111110101001100000000110101000000101111111010101101101101110010111001111111101110000001010000010000000001
1011110110001101100110111010010101001011100110011011101111011100000000001000101100101101010100000011111111010110010100000000000110110101101000000100000111100000101000111110101
1001011110111100001111100011111101101010001110111011001111110001011010101011111111111111010001101000000000010110110101110101010000010101001011111111111111110111111101111111111
1111000000110001100001111010000001111011101011110011100000100111111111111000111011011011011011111101111111000000000000011111011101000000011000000000000000110000001111100000111
1111111110110101001011000010110101000011100001100110001110001110100011100011100000001001010001011111110101110110110111111111001101011111110010101011111010011010100010110111101
1000000000011101101001101010100111110110001111001100100110101000001010111001101101111011111100001110000000111111100000000101100111000010000111111110111111001111111110010100101
1111111010111111111011001111110011000011100011101101101111100010111110100011101111110000101001100100110111100000110110110000110011101000101110000100000101111101010011010001101
1000000010110110000011111100000111110110001000101001001011111010010100101110101010011011101101110001111101001101100010011011111000101101101011011101111100110101010111010111101
1110101011110100101010000001101100000011101010111101100000001011000110000000001000110000001100110111000000011111110110110001011101111101111000001100001101100001010101010100101
1000111011000001111111010101000110101011101010011001101101011001110000101101100010000110111001100000011010111010111111111100000111010100011011111101111100101111000000000101101
1101100001110111010110011101010010111010001010110011101101111011111111100100110110110011111100111011111111100000000101011001011100000110110000110000010110000000010101010000101
1001001011111111010011111001011011110011011110011011001101110000000001111110010110010111000101110000000000001011011100001101000110110011110110000101000000111110110111111111101
1101101010000000011010110011001111000110001100110001100100011011111111011111010111110000010101100110111111011111110110111111101100111110010010101111010110111011110000001110001
1111001111011101001000000111101101011111011110111101101101010000000110000110010011111010111111110110000001110100100000000110111110101011010111111011111110000001011110100000101
1011011101111101100011110001101001111010011000011001101001011011010000111100111000011011101010110010111011100110001011111100010110000001010000001000000010110100000110111011101
1000010000100001111111110101111100100000111101001100101101011001110111101111101101010011101000111110111000001100111110100001110100101100000101011011011111111101011100110000111
1101011110111111011000000111010110111110001111101101101101001011000000000101001101111000100011100010001111111110111000001111100001101101111111111001000000000101000110011010111
1111111100000000010010101100000000000000111000001101100111011001110111110000011000110010001110101111100111011010101110111000110111111000000000000011110111101111101111010010001
1010000001111111011110101111111110101010011010101000101100001100110000010111111101111011011000100000110101001010001010001101100000011011011111111000110011111000111000011010101
1000101101000000000000100110000000101010110010111101111110101101110101111100001100001010001110001111110000011000100000111101101111111110000000011110011000000011111111110011101
1110111111110101101110101111010110101010111110110000010100111000010100101001011001111011011010111110010101000010111011101000001100010110101101000111111101011001101101111001101
1011111000000101000110111011110110101110100000011101000110110010110110000011110011011111111010111010111111011010011000000010100001000010100111110000001101111111001100011011001
1011101111110111110110100010100110111000101101010001010011100110110110101000011110001101101000000000001111001010110011011010111111011111101110111111111100101111011001011111011
1010100000000111000110111000001110011010101001010101011011001110110110101110110110111101000010111011100101111110111110001110000011011101111100000010000101100000000011000001111
1010001110101100010011100010101100111110101101010111001001011000010110100111110000010101011111100000110000000111101111100110101111000000010101111110111100001111010111101100101
1000101000101001010110001011100101101000111101010011101011011010110100110001010111110000000000110101100111110101000000101100100001010101010000010110111111111111010001100110001
1011111111101011010011011011001111000010110001011010001001011011100110110100010000011011011010110111110000111101011111100110101101011111000101000000100111110001110101101100101
1110000000001011110111110011100011110110011011010011101111001000110110110111000111111011111111100011010101101101000011110110100101111011110101011110001100000111111111100110101
1111010111011010100100100110001000011100110010010110000110011010110100110011010000101010100000101001010101000100011000011110101100000000111111000111100001010001011010110110101
1000010110001010001110001100101101010001100111010011010011001010110110010110011010000000001010101100010100010001001101000010101101101010000001010000101011010100000000010110101
1111111111111111111111111111111111111111111111111111111111111111111111111111111111111111111111111111111111111111111111111111111111111111111111111111111111111111111111111111111
