11111111111111111111111111111111111111111111111111111111111111111111111111113111111111111111111111111111111111111111111111111111111111111111111111111111111111111111111111111111
10110101000101010100011000100110110000110101001010101100000101001000000000000000001010011010010101010000000000110110010001101011000000000101101101000100110110100101011001010101
10010101110101010111001010001100011011110101101010001111101101101111111011111101100010111011000001011110101110010111010111100011110101111100101101110101110110101100001101000001
11010101000000000110011111100110110011100101000011100110000001101110111110101000111000001011101111001110111000110010000010111001011100101101101101110101010000000111011001011111
10010101111111110111001100110010011010110100011001110111101011101010100110101111100011100010101011011011111110011000110110110011001110001101101101010101000111101100011101001001
11000001101001000000011101111010110000110111110011000011101111001000101100000111001110001000000000011011101011001101111110011001100100111001100101000001101101111111001000011011
10010100001101101111011000100000010111110110000111111010000001101110001111010000011000101110111111111010000000011000101010111011110110101011110000011111100001011011101101110001
10111111101100111000001110111111010110010111110110110011101111101011011010011011001101111000011011100011111111010011101010101011000110000010100111110011001111011001101001011011
11110000000001111111011100000000000011000010100110011001001011001010000011111111111111011111010000111001010000010110101010101001110110110110110000011011100111011101001011011011
10010111111100000000000001101111110111110110110011001100011001101011101110101110101100001100010111100011010111000110101010101101000110111100110111111010101101001101100000001001
11011110000001101011011011001000110001100010111011100111000011101010101000101010100101100001000001111011011110010010101010101100011110101001100000101010100001011000001110101011
10011011111101101111011001101110000111111000100001110101011110001000101110000000101111111101111100101011011011111010101000100110110000101011001101101000110111001111100010100001
11000000000001101100010011001111110101011110111011000000011011101110101110111110100110001101111001101010011010011010101011101100011110101011011111101101100000011100001111110101
11110101010101100111011001111000000101010100111001111111001010101000101011111000001110101111000011000011011010110010100001101111001100101000010010101001101111110111100000111111
10000101111111101110001100011101010000000110101101011001101010101110101011001110101011101011011010011111011010111000111011000101011110101011110110001100000001100000101111101011
11011111000000001100111111110001011111010100101000001101100000001100000001100000100011000011110011010110001010001110010011101101001100100001010111100111011011111110000111000001
10011111110111111001110011011111110011011110001111011001110101100110110101110110110111111010100110000110111011011011010110101101011110001111010001101100001110101011101101101101
10110101111101011111011000001011111011001111101101010011011111110111111100111111100011000010110111110110011011010000010110000101000110111011000111001111100100101011101100000101
10100000001000001011001111100001011011100101001000000110001010000101011001101011001001111000000000110011000001011111000011101101011110001000011101100101001101101010101101111111
11110101100010100011100101111101010000110001101111110011100011110101011101100001111101010011111011100111111011011000011111101101001100101011111000101101101000101000101000001011
11111101110111111010110101010001011011111101001101000110111001100101010000111011011001011111100010110100111011001111011110001100011001111010101101101100000011101110000011100001
10100001011101000000000000011100000001101101101101110010011100110101011110000011001101010110111000110001100011101100000011100001111100110000101001100111011000001100111111001101
10001111000000011011111011010111111011000000000000011000110110110001011111011011100101000000000011100111111010100111101110101100100110011011101011110001011111111101101101101111
11011111111111111111000010000000000001111110101111000011100000111101000011010000110101101011111000110010101010101100000100111101101100111011001010110111000110110000000000111011
11111000000001111101110110111111011100110111111000011001111110101001011111111011100000111111011101100110001010100111110101110101001101100001100010110001011110011011111111110001
10000011111101011000000111110000011110010000111111111011001000001100000110110000111110110100000000101110100000101100000001100001011001110111111000110111000011011000111111010111
11111110000000001011101101011101010111010101101100000001101111101001010100000101101100000111111110101011111110001110111011110100001100100010011011100011011110000010000000000001
10000111011011100011001000000001010001010111100111111101100000000011111111111100000111110110000000000001100111100111101010111101111110101110110000110110010111110111101111110111
11010000001110001001101010110101011100000011001100010101111111110110101100110001010001010011111110110100110011110011001010011000011010000010110111100011010101000001100100111111
11111101011111011111001011100111110001110110011111010000101001000010101110000111011100010110100100011110110110011011100000110011011011011110110010101110000001011111110001101101
10110111111011111001111111111110111111000011010101011110001101110110100111111111110111000110110111110000110011010010111101100111110010010110011000000111110111011010010100000101
10000010000010101101010100000000011011111000000101010111101101100000110010101101100011110100110101111110110110011010100101001101111010110110111101111101010011000000111110110101
11111011101010001001010111101111000001111111110100010101000000110111100110001001001000100110000000000000010100110010110101101101010000010110110000000001010110011010001010010001
20000001111011101101000000111111110100000000010111010101111010000110110111101101111110110111011101101101000110011000110001000101011111000000000110101011000000111110111011111111
11111011010000000101111110110000000111010111010000000001111011010010110011001000111000000001011101111111010000111110011101101100011101011011011111111110010110000011101000101101
11100000000111110101100100000110110011010100000110101100000001111000111001101101101111111101110111010011111110011010110000000101110000001011110110011100110011011111001011101101
10001110110110000001110111010011100111111111110110100110101011000010101101101101100011011001100111011010101000111000111111101100011101111110000111001001100111111101101000101101
11011000100100101100000000011111111110101010000110110110111011101010101101101100111010011101110101011000101110101110000010001101110101010110110001100011111100110101000010100001
10011010110110111001101101011000000000000000110110110100100010111110100101001001111011010000100100001110101010000111111010100001110100000100010101001110100110010101101111101101
11001110110100111111111101110010110101111111110100011110101010100100001101101011001000000110110111101010000000111101100011101111000101111101111111100000001110110100000001101111
11101000011111101100000000111111110111100000000101011111111110110111100000000001101110101100000011101011111110110101110110000101110100010100001011001111111000000001011111100001
10111110110000000001101101100101100110111101101101010101010100100000001011101100001011111111110110100010000000110100000011101100110101110001101011011111001101111111000000001111
10000000111110101100111111110000111100000001001101010000000110001111011011101101100001010110000000111011111110010111110110000001110100000101111010001001101100101111111101100001
11110110100100111001100000000110001001110101101101111101010000101100001110001100111100000111111110000000010111000011010111101111010101111111010010101011100110000000001111111011
11111111110111100011111011010111100011111100111001101001011101111110101100100101100001010101011111110111010101110110010011100110010101010110010110111010101100111110111011001001
10011011000011111111011111111100001010001001111101000011010001000000100111110111110101110100010001010100000101100111000110110011010100000010110100011000000101111111110000011111
11010011111000011000001101111001101111100011000111011001111011111111111100000110000111100001011101011101010000110101110110111000010101111110110101110011110000000001100101000001
11010110111110111111101001010011001101111011110110010011111110111000000001010100101100001011000000001111111010000001110000001011000000101010000000011000011101111111001111010101
10000010101110001101101101011111111000000001100010111011011000000010111011111111100111101111111111101011101111111100011101111111011110000000101111111011111100101101011011111111
11011010101010111000000001010110111101010101001111100011010010101111111110001001111100001000010000000001000011110110110001110101000110110111111110110001100110000000000001101011
11110000101000001111011100000100000111111111100001101010000111111101000000100011010101101111011111111101101110000000111101010100011111100111010000000111101111110101110100000001
10111110000011101101110001110111110111101000111100111111010011000000011101111011010111111110010110000000000111111110100101010001000001110000000101010000000000011100010111111011
10001000101110000001111111010100000101001110001110110111111110011010111111000000000010111011010000111111110000000000110101010111111111000101011111111010110111001111110111111011
10100011111111111101010110000101010000011011100010010010101011111111110111111110101000000000000101100000000110101110110101000000011101110101000110110011111111100000010000001001
11111111100010110000000011110101110101000000111011010110001010110101100101101011111010101111111111111101011111111100000000011101000000110101111100011011101001101101011101111111
11001100111000000111110110110111111111111010000000000011100000110100110001000001011111111111011011011101111101010001101111011111010110010100011101110000001011100111111100001111
10011110101111111100000000000010011100000011101110111010111110000001111101111101001101010000000010010111110000000101111011000011111111111111000000111110100000110000000111111001
11011000101110101111011010111011010111110111111111110010110000101100101101010001011000010101111011010011000101010101010000011110000000000110011010000010101101100101010000000011
10011110101000100111110011110001010110111100111001011010010101111110000001011101001111011111000000000111110101011111000101000000101101110011001011010111100101110111010101110111
11001010101010001100111111000100000110001110001101011000111111010111111100001001101010011011111111010000111111111000010101011111111000011110011010010000110100010001011100011101
11100000101111100110101110011111110111101011101000000010011000000001010111101101101011010010101011111110101010100011110111000001011111111011011010110111111101111011000101001001
11111110101100001110101011010000000101000000000011010111001111010100000110000000000011011000000000000000001000001010100001101100001010000011110010010111101100001111011101100011
11010000000111100100000001111111110100011101011010011111101011111111110000111011110110011110111011011101100011011110001011111001011000111000011010110000000101100001001100101001
10011101110101110111011111101000000110110001011011011010101010101000111010100010000011010011100010000111101001110000101000001011000011111111111011111011111111111111011111111111
11001111000001010101011001001111110000011011011010010000001010001110001110101110101000010110001111101110001011111101101111011011101110101101110011011000000000010111111010110101
11101011111100000000001101011000011110111111011111111010100010100011101111111111111111010111011101111100101010001001000011001000100000000000011000011010111111000001101010110001
10000010100001110101100000000010110000011000010101111111101000111010100001011011010000000011110000000001101110100011011011011011110111011111111011111110000001010111100000010111
11111010001100110111110101110110000101110010110000011111111111100010001100000000000101011010110101111101001100110110011111110000110001000000110001110000110111010111001011000001
10000000100110110100000101000010110101111110110101001010110111001000100110110101011111110000000111111001100110111111000000011101100111011111111100010110111111010000011111101101
11011101111110100111111101101011100111010110110111100000100000011011101100100101111010111110110111000011110011101101011101111001110001000111101111110100001001010111000001111101
10010001010000101111000001111000110110000000111110110110001011111001100110111101100000000010110100011000110110000000011111101100010101110000100011011110100011010001110100000101
11010100011110101000011100011011100011011010011100000110101011000011001111100001001111101000111101001101100111111111000000001101010100010110001000001011101111010111000101111111
10010101011000101111010001011111001001111110110001101100111111101011111001001111111100001110011001101100101100000000011111100111110110111100111010100000100001010111110100000001
10111111001110111110010101001100011011100000100111111111110101001010111101111000000001101000110011000111111001111101000001101110110110011110011010111011101111110000010111010111
10000111111000110000110101011110110010001010111111010111100001111110101001011111011011001011100110011100000011000001010101100000010011000011001010001111111110110110111110011101
11011101100010011110110111001010111010101010110000000000111101010110101100000001111111101010001100111111011001111011010101101101011001101110011010100000010000011110000011000001
10010000001010110000011111011011101111111011100111111110101101010100000111010100000000101111101110100000011111110001010101100101011101100011001110111110110111111011101111011101
11111111011110011110110000011011000111011111111110111010100101010111101101111111010110001100000111110101110101000101010101001111001101101011111100000010000000000000111101111111
10101111000110110000010101010000010010000110101000000000110000000000000101101011010011100110110001100101000000010101011101100011100101101000000110110111011011111111111000000001
10000000011100011101011101011101111000110000000010111010011010111011010101000000010110001110111011110111111111011101000111001000101101101011010010010001011000000000000011011101
11011011001101001111011001011111110011111011010111111111000010100001110000011010110100101100100010111110111000011001010011101111101111101001111111010111001101111111111111111101
10011110011111111000001011010011011010011001111101000001110111110111110111001110110110100110101010100000000010111101011110000000111010111100000001010011011000000000001100100111
11010111010100110010111001011000001011010011101000011100000011011101000110011000011100110100101000101101010110101001000111010110000000000110111011010110011010101111111110101111
11110001000110000110110011010011100010000110000011110001010110000000010011011101011001110111111010111101111110001011010100010011011010101110001010010011110011111111011000100001
10000100010111101100011001111111001011110111111010000101010011111111010110010001111101000110000010110111001000101110010111011110001011101010111111011000111011011000000011101111
11010111010100001111001111101100011111111101011111110111010110000000010011010111110111101111011010100001100010111000111100000011011011000011110101110010011000001101111000000001
10010110011110101001101100000001110000001101000000000001110100111110111001110100000000000101111011111011111110001101101111011111011011101111000000111011001010100001111111010111
10111111111111100011000110101100111101100000010111101011000110100000110011111111111111010100101010000000100000101000101010000001111001100100011111101111101010101100000001110001
11101101110101001011011100101001100001111010110100001011010011110110011010001011110000011110001111111110001101111110001010101011110011110001000000000110111110101110101100110111
11000000000000011011000110101100101011010010100110101111010110000111010010100000000101011011101100000000101001010000100010101001010110000111010101110000110110100011100110010001
10010101101011001011010111111110111111000111101111101000011111111101110110101010101111011000000001110101101100011110111011111011011111110001010111111010000010101000110010111011
10110101111011011011110101100000110000011111111101111101111011111101100011101010101000001110111100011100111001011100011000110000001010010101010000011111110110101101100111111111
10110111000010001010000100001101100111111010111000011001100010000000001111001010101011011111110001010001100011110001011111111010100000110101010101001100110010100100110001010101
10011100010111011110101111011001111111100000001111011011111011111111111010011010111111010000000101110100111010000101000000101010101011100101010111011001110111110101100111010001
11010001010110000111111100011011000000001111100010000011000000011000000000111111100000011111101100110110001111110101101011100010101000101101010011000011000000110101110001000111
10010101110010101101010110111111111011111111111000101001111111000011011110010101111101011000000110011100101000000101101000110110111011111111110111010111110110110101000100011111
11011101000110101000000110100001011111111000010010101011000000010111111110110000010001001101010011001110101010110100101010100110110001010110110100011100110010111101010111000101
10001111101100101110110011111100010100001111010110111001101011011100000000011111000111011111011011100011111110100101101011101100110100000000010101000001111110001101010011010001
11011001101110101111110110010110110110100000000110100011001111111101101110110000010110010000001110101111110110110111111000100111110101011010110101010100000111101101010110010101
10010011000011111011000011000000000000110111010011101001111110000000111000011011011100111111011110000110100000100000011011110000010101001111111111010111101101101111110110110101
11011000011001100001111011111101011111100100010110001111111011110101100010111011011001100000011000101100001110111011111000011101011101101101000011010001100001100111000010110101
11111101001100111101110001011001111111001110111111101000000010000111110111100001110011001011011010101111101000111000110011000101001100100000011110010111111011110001101011100101
10000111011110100001011101001111100000011110011010111101111000101100011101111111000111101111110010101000001101100010110111010101011101101011000010110110111110110111001111110101
11101100000110110100000001101010111101010100110000011111111011111111011000000000010001101000000110111110111111110111100001010101010001111111101010110000000000011111100000011101
10000001011100111101011101000000000001110111111101001011000000110000000011110111010111001111101110111000110000000000110101011101110100000101001010110101111011111100101111110001
10110101111111100001010000010101010101000101101001100000011010011010110111110111011110011000001011100010110111010111111111011111000101101100011111100100101111000001100000011011
11100111110101111111111011110101011111110000001111110101011010111111110100011100000011001110100011110111100100010000001011000110010100101111000001101110000101101101110110111001
10001111010001010110101111100101111011000101100010100101010010110100000101000001101111101000101000110100001111010101100011101110110101100110010111001011010000001100111100001111
10111100011101000000000100001111000000011111001000001111011011110001101111110101101100001101101010100110111011110111101000111000100100110011110001100001010111111110000110100111
11110110110101111111110001111111111101011100011101100110011110000111111000000111001101011000111010110011110000000000101010001101110111100110000111110111110000000011111111110001
10000000000000000000111101000101011001010001001101101111010111010010111111110111101111111101111011111011100110110111111110111111100000111111010000110000011011111111010101111011
11111011011101101010000001010000000011111011111100111011110000010110100000000000111010100000001111101110111100100001010110101011001011101010010101111011110000000000000000101111
11000010010001101111010101111110111111101011000110100000100111011100001101010101100000001101011110001100011110110100010110000001111000000010111100110001100101010101101010001101
10011110110101001000010111000000111001000011010010101110001100010001011001011101101111101001000011100001000000110111000011011011000011011011110001111011110111010111111111111101
11010000100101101101010001111111101100011001111000101000100101010101111111011000101000001101011111001101011110100011101001001111111001110000011100011011000011110000000011010001
11111110110101001111011111011000001001011111100010111101101111110111000000011010101011111101000101101101111100110110001011100001111011110111001101010001111000010101011000000101
10110000110101111000010000001111100011110000001010011000101100111100010101001010111111100001010100001001000001100011011000101101000000011111011001111100011010111111011010101111
10000110110111000011011010100000001010000110101011011110100110000001010111101011110100001101011111011101110100101010011011101101101101000001111101101001001010001011111111100001
11011111110111111111111111110101011010110110101111110000101111111111111100001001100001011101011000001111010110101011011000100111001101110111101111000011101111100000000000110111
11111101011101101110110011000111001111100011100001111110111000010110100111101111001011010001010010101000000011101111110011101100011000110000000011101001100000110101011101100001
10100000011001000000010110010100011000001010001100011100001111000000001100000001011111111011011011111101011000111001111011100111001101111111111110001100101011100101001111110101
10111111011101101101000000111111001101101011100111010001111011111111101111010111110101000011001110000001010010001100000000101111011000000000000010101101111110001101100011011111
10000000000000001111110101110000011001001111001111110111010000110011000000010000110100010111111111111101011011111001101101101001010011010111110110101000000110100100111010000001
10111111111010111001111101011011001101111000011000111110011010011011110101010111100001011110100001100001110000110011001111111011111001110000010111111101111111110101110000111101
10100000000010100011010001000010011001000011001010011011011111000000000111010001101011011000001100001011111011111001100000000000001100011011110000110000001011000100011010011101
11101111011110111011010111110111001111111001101111000000010101111101010011111011111001011011011110101011000000001101001111111111111101011000110111100110100001010101011010110111
11111000011000100000000111110001101100100011100001110101000000000001111001100001100011111011011011101001110110111001100000000000011001011101111100001111101111011111111110000011
10100010111101101101101101000111111110001010001011000111111111011101111011001100111001100001110000001111000110001101001101011010111111001100000110101000000001000010101000101001
10001010110111111100111000010001010011111011011011011110111000011111010001111001100011001011000110101100010100100111101101011110000011011001101100111010110101011000001101101011
11011111110100000001100010110111011000000011011111111100000010110010000100110011001001111011110110100111010110111111000101001111111111111101100110011010010111111101011000101011
11111110000001011011001011111111001101101010010000000001110110111010101110110111111011000010000100111111011110001100010101100001010101100000111111001010110000101101111010101001
10101000111011111111101111101101101001101111010111111011000011100000100010100110110001101111010110110000001100100110110100110111000001110110000110011010011010000100110010111011
10000010001110110100001100100000000011100001111111110010010111111110101010111100011101101000010110111110111110101100110101100000011111010110111111011110110011010110011010100001
10111011101000000001011110111111110111001111100000000110110110110000101110110001000001101010110110100000011000100110010111101101000111000110110101110111111011110110111010101011
10100011111111111011010000110011000001100110001111111111100100000101101100011101110101101010100110110110111110110110110100001111111101101100000000000011001000011110001011111001
10111010011010000001111110110111110100111111111010000000001101010100111001011001000101001110110110011100001100011100011110100110100001100111011010101000011101001100111001100011
10100011000011111111001000000010100110110011010000110101101001010110001101011011010101100110111100110001111001000101010000110000001011001100011110101010110001011110001011111001
11111111111010111101101101111010001110111000000110100111001101110010101001011011010101101100100001111111000011011111011010110101011001100111000010111011111101110011011001010011
11101111110000000000000001000000101100011111101110111111011001000111101011110011110101101101101111100000010111000011010010110101001011001100010110111000011000011000001111010111
10000011000101101110111011101010100101110110000010100000001101110000101010111000111101101100111000001101110001110111110111110111011001101101110010001011001101111101011000000001
11010111111101111111111010001010110111100000111011111110111111000101101110000011100001101001111011011001000100111110100011100011111100101001100110101111101100011001110011010101
10010001111111011000000010101010010110001010110011000000011000011111000011011000111011101101000010010011110110001000110110001000000110101100110010100000101001001100111110010101
10111100000010000011010110111110110100101011111011110110111101000011011111111011110010001101111011011001100100100011111111011011101111111110011011101101111101011110001111110101
11101111101000111011010100100000111110111111000001110100001111101111000011001010100111011111000010011011001101111001011000011000100000001100110001100111000001000010111000000101
11100011101101110010011111111010101010100100010101011110111000001101011111100000110110000111110110110001101101100011010011011011101111111110110100111111111011010111100011110101
10001000001101100111010000000010000010110001010101011000110010100001000110101011110100101101000110100101101101001010000110010000100000000110110110000000110001010101001110000101
10111010101101001111111111110110101010111011111111000010011010110101101100001011000110101000010011110111001001101010101100110101101011010110110111010101100101010001011111101101
11100010100111100110000000000111101110100010101011111110110010100101100110101011110110111111011011010110011111101110100110110100101011010010100011011111110101011011111010000111
10001011101100001111101011110011000111110110000000000000011010110111111100101110000110011000001110000011010000000011101100110110111111010111110111001010110101011000110000110001
11011010000111101011111111011011010001100100101010101010111010100000001111111100111110111110100111101110011010101011000111100110110101010001100001100000010101001101100101100111
10001010101111111010011001010011010111111111111010101110110011101010100110010001100000110000101100000111011010101110010001110110000001110101110101101011111101011000111100110001
10111010111100011011001101011011010011011111000010101100011110001010110111011011111110011011101001101100001110100011010111000110110100110111000101101000011001001101101101100101
10001010100001000010011000000001010110000101111111101101001100101111100100000011000000111000101101101111100111101111110001110011110110110001110111101101001101100101101101001101
10101011111111111011010011101011110111110001000000001101101001100000111110101011010110001010101001000011001100000000110100111000010110011011000000100101011000110111000001100111
10101111010000000000011111111010100100000101101011011111101101101101100010101010011110111010111111010111101101101011100110001101010100110001111011101101111010010110010101110001
10111110000101010111000000000000110110101100001011010000001101100111101000101010110000001110100000010011000101101000111111011111010101111011000000111001100010111111011100111011
10111000101111010100010111011010010111100110101010010110111000110010111101101010111010101111111111010110010100101011111100000011010101101111110101111101101010011001000110011001
11100010100111111110111100011010111100001100111011111100110010111000110000111010100010101011000000010010110101101000000101011110010100100110100100001111001010111100010011001101
10001011111101101011101111011010001101100110001110000001111010011011111011100010110111111010011011010110110100101010101111000011111110001110001101100001011010110001010111101111
10111011000001000000000000011010100100110011011000101100011010110001011110001010110011000000110001010110100110111110101100011011000000111100111000111111111111100101010110000001
10100001111101111111010101011010101111110110011110100110110010111100000110101010011001111101100111011110110110010111101101001110011010000110100010000001100001101101010011110101
11101111010001100000011101010010100111010011010111110100110110001111011111111110111011000000110001001011111111000001100101100111110010111110101010111100001111101001110111000101
11111000000100001111010001010110110100000111110101010111100110111000000110000000110010010101111011100000110000010100101101110000011110001100101010000101100000101100011101101101
10011111110101111111111101110111111110110011000000000100001100001111011111101010011011010101010001101111111011010101101101000101011000100110111011011101101111111001010000000111
10110100000101100000000000110000001100011111111010111110101110111100000011111110111010011111000101100011011011110100101101011101111101110010100011000100100010110011011110110011
10110001111111111011010110011101111001111010111111111000100011100101010110000000100011111000010101101110010000110110101101110000001100010111110111101110111000010111011000111001
10000111000010111111111111000100001111010000000101000010101000110001111100110110110111101111011101100111010110110010100111100101011101110011010001101100001111110001011010011011
10111111111000000100000000010110111010000101010000010110101101100100101001100100110100000000001111001100000110100111111100001101110000111000010101000110100000110101010010110001
10111101011101110110101010110111111000101101010101110100100101001101100011101110111111110110100011011110110010110001010101011000011010001101111111110110101101110101010110011011
10100000010111100000111010110000001010101001110111000101110111100101001111000110011011000110110110000110110111100100000111001101011010111000000011000110100101100101010011110001
10101011000000001010110010110101011011111101000110010101100010101101011000010011010000010110110011010110110000110101010011011001011010001010110111101100101101101101111010000101
10101010010111101010111011111101110001011001010100110111111000100111001110110110011101010110011001010011100110110101110110011101011011011110100001100110100111111001110010101101
10101111011111101110100011010000011111000011010110110000001101110011111110100110111111010110111101011000110110100100010110110001011011011000110100111100110000001100010110101001
10101101110000001111101000011011000001111010010110100101101000011110000000110111110000010110000101001111100011110101110011100101111010001111100110010110111011011001011100101101
10101000000110101000001011010011011011000010110100110100101101011000110110110100000101010110110101100011001001100100110110001101100010100000101111000110011001011011001101101101
11111111111111111111111111111111111111111111111111111111111111111111111111111111111111111111111111111111111111111111111111111111111111111111111111111111111111111111111111111111
