1111111111111111111111111111111111111111111111111111111111111111111111111111111111111111111111111111111111111111111111111111111111111111111111111111111111111111111111111111111111
1011000000110110000000001010011000000000000000001101011001100110010100101001100101010001010110011011000000000001101010100000000101011001011000000001100101101101101101001010000001
1011111110110010101111100000111111111011101101100000001101101111000110101101110000011101000111001001111111111011000000111101010000000011011111110111110000001101100000011011011111
1010100000110111111011110110101010011110000111111011100000000110011110000100111111000000011101101011011100000001111101100111010101111010001101010111011111100001101111001011001101
1010111110010101010000111110101011010111101100000010001101110100110011110101100000011111011101000011010111111011000000110110010101100010111000010101000111001101111000011011100101
1010111011010101011101100000000000000000000111111111111111100101111000010100111111011011010101011001010101011001111101100010111111111010011111010001010001111000011111011001101101
1010101011010101011000111111111111101101111100000000000000110000100011000001110100010000010101111100010101010011000100110111101010000000110110010111111100011101110110001011001001
1010000011010101001101101000001110001001111111111110101110000110001011111101010101011101000101101101000000011011110101100101001011111110110111010010011110110001110100101001101011
1011101110000000011001101010100000101111000001011111111000101111011110000000010001111001010000000111111110110001010000001101101010001000010101000110110110111100010111101101001011
1000000011111111011011101011110101111110010100000001111111111111111000111101000111100011111010110010100110100100011111100101001011101111000000011110100100010111000011000001100001
1101011001010111011011001110000100111011011111010100101111010110101111110001010110111111100011111000110010111111010101110001100000000010011101111100110111000101110111011101101111
1111011100010101000001100111101111100000011011111110000000000000001001000101111110110101001011001110011010101010000001011011111111111011111000000110100000010000100101010001100001
1011110111000101011100110011111111101101010000101011111110101111101101110101100010000000011011100111000000000011111101010001100000100010101111011100111110111110110101111101001111
1000000011110000000111111010110100111111011110100000100000111000001000011111111011111111001110110101101111111011010000000111111110001000001110000110011111110000100000110101100001
1011111000111011010011010010100110111011110000111110111110110011101011011001100000000011011000000000111000000000000101110101101111011101101011101100110011011110001101100100101111
1111000010000001111011011000110110100001111110101100001011111110101010011011111111111011111111101010111111011111110101110001101001110111101000000110011010010111111101110110100111
1000011011010111100011010011100110111101010000000001101011100100001111010011010000000010101010001110000000010000000111000111001011000110101111101100110000110010000000000110110001
1111011110010100001011011010110110010101011101101111100010110111101100011010011101111000100011101111011011010111111110010011100001110100000101001110111011111011111111110010100111
1000001111011101011000000000010011000000001101111110111010100000000001000011010111001110111000001011111111111110011011011001111011010111110101011010100001101010111010110110110101
1111011000011001010011101101000111111111101111000010111000001110101011111000000111011000011110111000100101101011000000010011011011010110000101000000101111101010001000000110110001
1111111111110011111011111111110001100010000111111010100011101111111010000010110000001110110110111110110101000001111010111000000001010111110001111110001011000010101011110110000101
1001101101000111111110000010111100001011110001100010101010001000001110101010011011101000010111101000010101111011011111110011110100000101100100101011011011011111101110000010111101
1100001001101101010111111000000001011001011011001000111111011111011111111111111010001111010001101111000000000000000101000110000111010000001110000010001011010101000111101000000111
1111101101111101010001011011011011111100011010011101110111110100011011110110001111101011000100101101110110101010110000010011011110010101011100111011101011000101110101111110111111
1000001000000101011101001111110010000001000000110101010010100111011010100011101101000000010110100000011111111111100101010110010000110111110111110000000011110100100001011010011002
1111100011110101001001101101111111111101111111110001011010101111011010001000000101110101010100001101001011010101001111111100111101111100000001011111011001100110111011011000111101
1000001111000001101101001100011100011111100001100100001010100100010011011111110000000101110110111111100000000001111010101101111001100001101100001000001100110100100001011110010101
1111111110010100000001101111000101000010110100111111101010110111000111110111111010101111110111100010111111111101011000000111010011001101001111101110100110000110111101001111010001
1000000011111110110100100101101111111000111110011100000000000000010010110000000010100110000011111000000000000001011111101110000111111111101000001011111100110110110001011010010111
1010101000101011100110110000000110110011101011010101110111110110111000000101011010110100101110011111101110110100001010000100110011000000001110100001000110100010111101001011010111
1111101110100011111100000111010010111001000000000111011100011111100011011111011010011110111010110000001110111101100011110001111111111111101100111011011111111000101000011011000101
1101001100101110111001011111111010101101111111110010001111011010001010011000011011011100100000000101011011100001001000000101000011011011100110100000001101001110101111001001101101
1000011110000000100011011000000010000000111010111011100000000011011111111101011111110111111110101111010000111111111111101101101000001010110111110110100101011000100001101011000001
1011111111010110001011011111111000101010000000010001001011111011110101101111001110110110000000100111111101100000000010101101001110100000111101111111110101001110001100001010011111
1011001100011111011011010010111110101111101101000100011111101010110100000011111000000111111111111100000000001101101000000111100111111101101000101100000001100111111101101011001101
1111101111110011111111011000000000101000001001010101011000000000110111101000001111110011000000010111111010101111111101010110111101010101101110000101111101110001010111000011100101
1110000101111000101001110011011010111010101011010101011111110111100101111110111010110111111111010101000010101000010001011110000001010001001011110111100000011100000011111001110101
1011110000001110101101100110001110001111101111111111110000000000110100110100001000110011010000000000010110111111000101011000111100011101101010000110111111010001110110000011000101
1010111111011000001101001111111111111101111110111111111110101110000101100111101101100110011111111011011111100000010111110011100001000000001011110100100010010101000000101001110001
1000100000011110100101111001101000000000011010010101011111101000110101110101001101001100110100001111011011111111111110111110001011111111101011100110111010111111111111111100100101
1110111101010111110101001100001011111101001010110000000001111111110000110101101101101110010110111101110010101110101000010111111110110110101010110000000000101011010011111110111101
1110100111000001000101011111101111011111100000100101101100010000000110110101101101100111010110011001111000000000001010110000110100000000000000000111111110001000000110101000000001
1000101100011100010000001100000100000110110110001100111001000110111100010101101000101101010011011101011111101101101110111110010111111101011101101100000000100010110010101101011101
1110101111111001011010100111110111010000110100100111111111111111111111010101101110000101000110001001010000111111101100000011000000000001001111111111101110110111111000000001011103
1000001010101111111110110000000101111110011111110110001100000001000101000001101011110001110111101101010111110110000001111011111111111101101011010101111110011110000011010101110001
1111100000000000101100011010110001100111001011111111101101011100010001111100000000011100000000001100000001100100111111000001001100000001111000000001010000110000101001111111000101
1000110101011110000001111110110100110101101010101101000111110111011100111110111011000001101111101111111011110001111111111101101111111111011111010100000111111110111111101100010111
1110000111110000101100110111111110100000000010100101110110100011011110000000011011101101101000000000000000011111100000000000000110011010000111111111010011011111111000000001110001
1111101110000110111111100101101010111101101010110101000010111001110011101101001110001000111111110101010111011110111101111111101100110000110000101100011010000001000011111100011011
1000001100111111110000110000000000111001101000000101111010011100011000001101101000101101100000000101111100000000000001000000000110100110011010000111111111101100011111000001110001
1011011001111011011110100111111110101111001110110101000000110110111110101001001010101000111111101101100001010101011111110111110000001100111111110000101100001110110000011101100101
1011001111000000001010101111100000000111111000100001111010010000000000101101011010101101100000000101001101011111111111011100000101101110011000011110000001101000011110110000110101
1011011000010101101010111000001010110000111110110100110011000111111010101001001011101111111111010111111111111011000000001001110100111010111101000000101011001110111010011010100101
1001111101010101000000010010101110100110000010111110011001101100000010101101011111111011000000011110000010000011111111101011000111100000110111101101101011101000110000110011101111
1011100001010111111111011111111000110100101000011111011011001111110111111101111110011011111111000011111000101000000010100011110110001010100010111001111110001111111010010110000001
1110111111110111110101010101111110100101111010110100000001101000000001100001101011000001100110011110000010101101101000001110000011111111111010110011010011111011100011010011011011
1000101010111101000000000100101010111111100010100001010101111011010100111101000000011101110100110011110110111101111110111000111110110101011000011110000110110000111001010111011001
1110000000000000011011110110101011111100001010110101011111011010010101111111010110110000000001111000000110110111011111111110110000000000011110110110110010011110100011010101011011
1010110101011111011111110100000001100101111010110101001010001011011111100111011111111101011101101111110110100110001010001000110111111111010100000011111010110010001001010001010001
1011111111110000010000010001010100110001100011100101011011101111001010001101111011001001110001100000000011110000100011101111111110000110000001011001010000111011011011110101010101
1001011111100111011011000101011110100100111011001101110000001101111011101000110011101111111111110111101010000111111011001011101011110111101011111101011110100000011000110111110101
1100010101001100010001101101111010110111111111101111000101101100111010001010011010101110010000000100001111111110000001100000000001100000001110000001000000111010110010110000010111
1111000001111110111111111111100000000111101110001000011111101001100011101111011010101011010101010111111101101011111101110110111100001010111111111100011110000010111010011101110001
1011010100000011111101100000110101010100100010101111111010001100101000000110010000001011010111110100110000000001101000000011110001101010100000011111011000110110011011001100111011
1000010111111001010101001011100111111110101011101000000000100001111111110011011111101011011100111110110101010100000010101110000101001011110101000000001110110110110011101101100001
1101011111101100000000011010001110101010111011111111111111111100110001111000001101000000001110000000111111110110110110100011101111111111111111101111111000010110011010000100101011
1001110000000001111010110000101100000010011000111000000001011110011101001111011001010101100111111110011011000100100011110110111010110100101010111000000010111111011011010101101001
1111100111101011000011111101101001111011011011101011111100000000110101011000001011111111001101010011010001111110110111100100010000110110101000000010101110001101001010011101101101
1110111100001001110110000000111111110000000011001110101111111110000001011111101010101010011101011000000111010000110000111111000110000000000011110111101000100001111111011000100101
1000111001111101110110111101100111000101011001101100000000000000101100000110001010101011000101011111110000010101111011101000011111011101011011000100001011101100011000011010110101
1110101111110111011111100000110000010111111101000111010111011101111111110011100000001011011101010011111101110111010011001111111101111111111001110101101110000111111111011011100111
1010101000000010011100001011100101111110110101110101111111111111100101111010111010100010001100010110000000111111011001100011100000100010101011000101111111101111101110001001110001
1010101111111010110111101110001111101010100000000101101001100010110000000000011111111011101111010111111101101001010011110110111110111000000011010100111000000000000011011100110111
1010101100000000110010111000111011000000001111010001101011001000111110111011001101100000000110010011000000101100011010000000000000101101011001110101100011010101111110000110100001
1010000101101010011010001111110000010110111000011101100000011010001111100011101000111111101111000111111110001101111111111111111110000001011101100101001011110100000110111111110101
1000111111111111000010111101100111010100110011111101110101001111101000111010000010011101101011101101001111011001010110101000001011011011110000110111101010110111010110110101010101
1110011110111111101000011000111111111110111110110101011111111101000011100011010111000000000001101001101000010011010100001111101001111001100110100001111110000011110110000000011101
1000110100101011001111001110111000100111100000000001011010101001111011111011111111111111111100000011001111010111010111011010101100000011110110111111010000101000010110111011111101
1110010110001001111101101010000010001101110110110100000000001101010000101110101010100101101001111011101010000000010110000000000001101001100110111010000110101011110110011000000101
1010110111101011010000101011111111101000111110111110111011100000010111100000000000110100000011111010101011111111000000101101101111111100110110100000110110101000110100111010101111
1000110101100011011110101001011101101110101000100000100011111111000110101010111110000001101010000000000000000000011010101101001000000001100100101010010110101010110110001110100001
1110000001111000001000000011010000000000001010111010101010000000010010111111110111111111101011111111101111111101010010111111101110110101101110101110110110101010110011011110110101
1000111101001110101101111011011101010111101111111010101010111111111010110101010101111110001010000000111000000001011011110110111000100100101100101000100010111011111010000011111101
1111100001101111100111111011001111111100000101100011111111101010101000110000000000000000101011111110111111011011010010000000000010110101100111111110101010110000101010110111100101
1011111101101001001100000000011010101111010100110110010101000000001110111111111101101111101010000000000000001110010110110110101011100100101111010100101110011010001110100000001101
1000110000001101100111110101000000101001110101100111010101111111100000010111101101101000001111010111011011011110111110110100111011110111101100000001100111011010100110110111100111
1110110111100101110001010101010110101101100001111100000001110000001011000000000001101111011101110001110010000010101000111110100000110001111110111101101100011010101110110000110001
1010111111110100011100011111111100000000001100111111011101011111101010010110101101001000011000000100011011010111100010011011110110110100111000110000100110110010101100110101111111
1000101100010111011111001010101001011111011110000001111000000000001111010100101111101011001011110110111010011101001011110000000100100110001110111011101100010110100101100100000001
1110101111010110000011101010101111110110000011010100001101011011100110010110101000101001101010000010001111011000011010011111110111110110111100100000100101010011110100110110101111
1000001010000011111010101010000000100000110111111111100101011110001111011100111110001011111111101110111100001111001011000111000101100110010101111011101111011011000101100111111011
1111101011101000000000001011111110111110011110101011110111110111100110000111111010111000110110001100011001011100011111110000010100001111000111111000111011001110010101110001010001
1100000001101010111011101010000000000011111100000000000010100000001111011100000000001011100000100101001101010111000011011111010110101100011110101011110001011000111111010100000101
1001111011111111111010000000111111111011010111111111111010111111101011010111011101011111001110101111011101110010011110000000011100101101010000000000000101011010001100000101111111
1101000011010101001111101110110100000000000011010100000000011000000011110100010001010101111110100011010111111000110000101011000110100101011111101011010101001011011110111100001011
1111101000000101101110101100100111111111111001010111111011000010101110100001011011010000110000101011010111000010111010111010011110110101111111111001110101101111010111100001111001
1000111101110000000000001101110111000110101101010111100010010110101100001101111011011010000110101010010000011010100011100011001100110111000000000011111100101100000011101100011101
1010010111110110101011100111100101110000001101010100001011010111101101011001000010011110110110101111111101010011111111111011011110110011111110111000001111111001011110001101000001
1111000000000011111110001110110001111011100101010111111110011100000111001101101011110111100011111100001001111011100000011010000010100110000000001101111010111011011011100111101101
1101111111011011000000101010011101011111110000000111000110110001110110011111101111110001110111010111101101100010001111000010110111110110111110101000000000001010010000001100000101
1001000000010011111010111011011000010100000101110101110000100100010111010110001100000100000101000000000001001011011111011010010001011111111000101010101101111111011010100111110101
1101111111011010000011100000000011000001011111110101011010101110110100010000101111111101110001011011010111011011110000010010110111011011101110101110111100000011010010110100000101
1100001110011011011001111111111001101011111100000000000011101100011111010101101000000001000101111111110100001110000101010110110110000000000000101100000110111111011110011110101101
1001100000111111010011000000000011111110110110101111010110000110110000010101101110111111101100110000000101011110110101010100110011110110101110111001011100000101010000110000101001
1011111010110110011001111101011011000000000000111000011111101100011101010101101000100000000110110111010101110000100101110110111011000110101100011011000101010001110101111010101101
1011000010110000111111000001001110011101101111111110110000001110110001110101001010110101011100011100011111000110110101110100100011010010101001011011010101010111000100011110111101
1011011010011101100001111101111110111100111111101110011010100110100100110111101111111111011001011001011000011111100101000101101010011010101111011001010111010011101110110000100001
1110010011110111111101010111110000100001100000000000111110101100110110100110001001011010001011001101001101010000001111101101001010110011111100011011010011110110101000111101111011
1111111010000010110000000110011111111111111111101010110000100110110110110011011100000010101011011001111111111111101100001101101010011011100111011001011001100000111110000111011011
1001111111101000000111010011011011000000101110001010110101101111110111110111110111011010101011001100011010110111100111011001001010111110110000011011110011001110100000110110000001
1100010101111101011111111010000011111110000000101010110100111000000100011101100011111000101001011110110000000000001100011011111010101100011110110010110111100011111010011111011011
1111000000000001010001100000101010110000111010111011100110011111101111011100111000000010101101011000011101110110101110111010000010100001001110011000010001101110000010110010011001
1111111111111011110100001101111000000111111110100001101111000110001100000101101111011010111101111101011111100100100110001111101011101011100000111111110101100011011010011000111101
1101111000000000111111101000011101010111000000110101001001101111011111110000000000001010110111100001110000001101110110111000001001111110001110100000110100101011010011110010110001
1000000010110111101000001110110001111101111010110111100011111000010000000111011101101010100010111111111111101101100100001111101101000000101000001111110110101011110111111110011011
1011111111111110100010100111111111101100000010110110001110111111111111011100011001101011101000101010011101101100110111011000001001010110111101100000010110111000111100001110110001
1010011101010000111010101101101110000001011110010100100110101011100000001101111101101011001010001010110101111101110100011011101011010110110000110111111100110010000110100000011011
1011000000011110000010111000000000110111010000111110110010100000111110101101100001101001111111101010100000000000010111001010001010011111111101100111011001111011010110110101010001
1111111111011000101011100010111010011111011110011010111000111110000000101101001100101011000000000000001101010101111100011110101011111101101000110000001111010001010010011101111011
1000000000000011101011111011111111110000010000110000100011100000110110101101101101111111010111110101011001110100011001000011101010000000000010110101111011000101111111110000011001
1111111110101011001000110010000100011101011010011010110111001010110100101111111100011001111100000101001101000101110011011001101111010101010110110100000001101100011101010101011011
1111000000101001101111111111110001000001001111001110011101111011100110100110000001111100011101101111011001101101111010001101001100010101110110110101101011000101110000000101011001
1000010111101111111101000000000111010101011100011000110000000000110011101110111101101101110111001100001011111100001010100111111110111111100100110100111011101101111011010111001101
1111010110001111011001111101111100011111011001011010111010110111111111001100100001100000000011100101111110110001111011101100011000011000001110011110001001101100001111010011011001
1000010011011000000011010111100001111011011011010011101011110011000000011110110100111010111000001100110110100100001011001001001101111111101000111000101011111110111000011011110011
1011010110010011011000000010001101000000001011011010001110000110011011001011111110111111110011100111100000001101011001011111100111101000001010001101111001100000011110110000110111
1001110100111110011101011011111111111011011011011010100011110011010010011001101011100000000110001111111110101001011011111010101110001110101010111000011011001101000110110101100001
1101000101101100110001111000110110000011011110010011110110000111011011111100101010001101101111101100000000111101110000110000000010111011111011100011110011101001110110010100111111
1111110111000001111111101110000000101011000011011111000000101110011111101110000000100111000110001101011011100001111010011010110110110001010011001001111000101101100111011110111001
1010000100010101100000000000101010111010011110010000011101100011110000000000101110101100011100101101010011001100011010111111110110011101000111101100001101111000110001000110000011
1011110111010101101011010111111110110011000011011011011000101010111110110101101000100111001110101101111011011110110010010101000110110000011111101001011000001101100101010110111001
1010011111111101101011111100000000011001101011010011111101111110000000110101111110101110011000100101001110000110110110110000010000000110111011001101001101100111110101110110011111
1011011101101000111110101001011011001011001001111010100000001100110111111100110100111100110010101101101111011100110111111101111101010100000001111001011000101100000100010011000001
1011000101000011110110000011010011101111101111101110111101011001100100000001100001100001111011101101000000001110110011000111100001010110101101100011011110101101010111010111011111
1001110101111111000000101011011010000001101100000000100001010011001111101100111011111101100001101111101101100110011010010000001011011100100111001011000010101101010001010100000001
1011010000000101111111111001111110110111111111110110001101111011101100001001100011000001111011111010001111001100111010111010101010011001101100011001101010111111011011111111011111
1000000101110101110000000011000000110010110100000111101000110010111001011100110111111011000011000000101000011001110011101010101111001100100101011011001010000001110000011010000001
1011010101100000000111111001111101111010110001010100001010010110011101010001100110000011011001101110111101011101011011000011101101111101111111011011111010101111111101111000101111
1001010101101011111110000011000001100000011011111110101010110011001111111011101100111010010011111000110101000100011110010110001100001000011100010001111110101100000000110010100101
1101111100111010000011110110010100111011111111110000101110011011100110101010000110100011011010111101100001101111010000110111101001101101000101011100000011101101010101111010110001
1111000001100011111010100011010110100011000001011110111000111110110000000011101100111011010010000001001101000001111010011101111111001111010101011001101001100111010111100010011011
1000011011110110000000001010011100110111111100010100001110011000000110101011001001100011010111111101101001101111100011110000000111101011011101011011101100111111010000110111011011
1111010000111110101111011011000110011110000001000001101100111111110111101011101101001001011100000000101111000011001011011111110001100000001101011110000101100000011010010100011001
1000011010100000111110011011011100110000101101101100100110110000000011001010001001101101111111101101111100011001101010010110111100001010100101000011010100101101001110111101001101
1101010011110111111000110010001101110110111111000110101100011010110110011111101101001001100000001001010110111101101011000000000001111010101111101111110110101101100010001101011001
1001111011000100000010011011011000010110111011101100100110110011100100110000000111101100110101011111000000011001101010010101111100011011101100000000011100111101101111101101001101
1011000011010110111110111111110010111110100000100110110011100110001110011111010110001001111111110111101101001111111111111101110001110000111111011010111110110101000001100111100101
1001110111111110100000000001100110011100110110001100100111111111100110110000010011101100011011000000001001100000110110111001000100011101110111011010000110100001101100110110001101
1011100001100000110101011111001111110111111111011110110000111000001100110101110110001001110001111101111011001111100000010011101111011000000001011010101111101101100110110111011001
1011001111001010110101000001101101010100011100000110100101101111011001111101000110101101011100000001100001100011101111000110111110011010101111001010111100001001001100011100001101
1111111101011111110101110111001101010111000111101100110101000110001111000001111110101101000001101100110100110110101101111100110100110011100011011010000101011111101111000101011111
1101100000011000000111000001101100000000010000000110110100011110100110010100110000101001010101101001100110100100101001100001100001111011110110001010110111110100000001101101000001
1000001110110011101100010101001111110110111010101110100110110000101100110101111010111101110101111011110110110110111100001100111101101110111100101010111110000001010111000101011101
1010101000011110000110110111011000000100110010101100110110011101101110110101011110011001100101000010100111111100010111011110011100000110000110111010001100101111010001101101001101
1111101101111100110110011111011101010110111010101101111110110001001000110111000000111011111101010110110011101001000000010111000001010000110110001110101110101000010101100101111111
1101101001110001111110110000001111011111100010101100110000110101011010110111101010101110000001010000110110000011011110110000010101010101100110100010100011111111010111111100000001
1000001111000101010000110101011000011111111110101101100101100101110010011101001111100100111011010110110100101010010000011011011101110100110010101110110111010100010110001101010111
1010101100010111000101100111001110110110101110100100110100110101100111110000011101110101100011010010011101101111111010111111010000110101100111111111111101010110110000111101010001
1110101110111111110100110100011000100110000000101101100101100101110100000101010000000001111010011110111111111000001111101100011010010101110000011000000000000000110110111001110101
1000101000001100000111100111001110110000101101101101101100110111000111010101010101110100110011000110100110111101100101001110111110111100010111001111010111110101100110001100011101
1111111110101110110001110111111000011010101101101101111001100110010110010101010101100110100110010110110000000111110001101000010110001101010011011000010110000101111110100111001111
1000011000100011100100011100111111110010100101000100110011110100111100110111011100110111101111011100100111110000000100000010110000111111011111011111011111101100001100110001100001
1101000010111111001101111110000000000111101101110101111001100110101110110111110001100101000110000110101100000111111111010110111110000110000001001100001111101101011110100100101111
1111111011111100011111100011011101101100000101000100001101110011100000110100000101110100010110101100100110111110000000011100011000101111010111101110100110101101010111110101101101
1010000001100001011000110110011000111111011101010110111111010111001010110101101101000111010100101001101111100000111010111001110010100001010111000110111100001101000000110111001001
1000110100110111111110000011001110110000000111110110110100000110011111100111001101010100011110111100101000001110100011101011111010101011110001010011111111011001011111100001100011
1111100101111111000000101010011000110111011111000010100111101111111111111111100111111111001100001110111101101000111110000011010011111000010111110110000000001101000000111011110111
1001001101000000010110101000111010011100000001101011110000001000001010000000001110101100011110101010000111001111110100101001011111000011110001110111111110111001101010001010000101
1100011101011101010100101101100011011111011111111000111010111110100000101011101100000001011000111000101111111100000001101100001100011000110100011100000000001100101011011111010001
1001010111011001111111111101111111110111000000011011101110100100111010111111100110110111011010110011111101000111010101101101011101010011100111111001010101101101111011010110011011
1011110110001011101010000001011100000100010111111011000000110001100011110100001100110100011010111001010001010100010101000101000101011000110000001101010101001100011110000111110001
1011000000101111000000111101000111110001010000110011111110100101001110000001100110100110110011100011011100010111011101101101101111001101110101011111110101011001110000110000011011
1011011011101100010110110001110101011011010101110110000000111111100111111011110011110011111011111110000101010010011001101001100110011000010101000001111111011011000110010111110001
1010010011001110110111111011000000000011110111010110101011100010001101100000011111010110011110000000110101011011010011001100110110111101110101010101000000001001010100110000011011
1011111001111000110100000011111110111010000000011111111111111000101000001011011000000011001100101101110001110000011011011110110100011000111101010111101101011111110110110110110001
1110001011100010110101110110000000100010101011001100010100000010101111101011111010101011100001101111000101000110111111011000011101110010000101110001111111000000011110110010111011
1000100000101010110101100100101010101010101011011001000001010110101100001000110010101010001011001000010101010100000110001101011000011010101101100101000000010101011000010110011001
1111111111111111111111111111111111111111111111111111111111111111111111111111111111111111111111111111111111111111111111111111111111111111111111111111111111111111111111111111111111
