11111111111111111111111111111111111111111111111111111111111111111111111111111111111111111111111111111111111111111111111111111111111111111111111111111111111111111111111111111111111
10010101010010011001000001011001100010100110110010110011000101100110000000110001101010001100010101101101101101011000110011010001101010110101100101100011010001100000001010011011001
11010101011000111101011011010011110110101100011010111001110000110011111010000111000010111110110101000100001101000011111010000111001010000000110100111001010111001011111000110001101
10010000000011111100001110000111110110100111010000011011011011100110000010110111111000011000110000011101111001011110011010111101101010111111110110011011010010011000000011100101001
11011111111000011001111100111111100110110101011110111011010011001111101110100001101111010011111110111000101100000000110000101101001000000101100110111001011000111010101110110111101
10001110011011111100110110011011001100110101001010101011011001100011111111111011001110010110001100001101100001111111111010000101100011110100001110110011011011101111111110100011001
11011011001010010110100110111011011110100001100000000011000011001110111011000001101011010100111110111000101011010110101011110101110111111110111000100110000000000001011010001111011
10011011100010110100001110010011001010001111111111011111110111101010000001111100101011010101111010110011101111000010100000011101010000001100001110101111011111101011011000111100001
10110010111000010110111010110111101011100110011101000011000101000011010100111110000011000000001010110111000110011110111010110001000111111111100110101010001111111110001010000110111
10011000111101010100011010100011000011001100110000011111101101101111111110000011010111111011111010110101011111011100001011111101010011111001101100000000100000000111011111011100101
11001110101001110101110010111001101111100110011111010011000100000110101011111001010011011010101010000000010110000111011001011001110110001101101001010101101011111101001101001110101
11011100001100110101010110110011000011001111010010010111110111011100000001101101111011000000000011101101110010111101010011011100110110111000000011111111111011101101011101101010001
10010111101101100000000010010111011111100101011000110110000110001111111100001100001011111110111110101111010110010100000110000101100010100011110111110010111010000000001001101011011
11000000100000110111111110110110000110110101010010000010110011011000110111101111100010110100010000000011000010110001111111010000110110001110010011011010101110110110100011000001001
10011110101010000001011010100000101110110101011111011111111011001110100010001000110110000110110101111110011110011101100110010101100011011000111110010000000110011111111111111011011
11110010101111011011011010110111111100110001010110001101000011100000111011101110000011110000010111011010110010111001101110110111001110001101110011011011111111001001010101101000001
10111010111101111001011010100001010110110101010011101001101001110111101010000011110110011111000011011000011010110011100010111111101010111100011010010011010101100011010101001111011
10011010011001101100001010001111010110011100000110100011111011010101101011101001000011011011101001011011111000110110111010001100001000010101110000110110000101101111000101100111001
11010000111100101111101010111110000010111001101100110111010011000000001011111101111011000001101111011000101010010110011000111111100011110101011011100000111100100001011101101101101
11011101110110101011001010101010111110101111100110000101011001111010101000110001010010011111000110000011101111000011001101101101001000110100010010101111100101101111011101101100001
30010001010000101001101000000010001100100110101111110101010011001111101110111101011010110101101100101000001101111001011000000101011110100101110110000000110101000111010101000101111
11010100011110100011000011111110111110001100001011000101011001101101001100010100000010010100001101111011111001011100000011011101010111110101010110111111100100010100000001110101011
11011111010100110110011001100000001011011111011011110101001101001101100111010110111010110101101101011111001011010101101001011001000001100101010000000000110001111111011111010101001
10001100010110110011111011101011111010001101001010010001101001100001110110010111110000000000101100001101101010000101111011011101011111110100000111111111100111101100001110000001011
11011111010000011010101011001111001011011000011011011100001011111100000011010101011111101101111001100001101000111101011111110101001001100101110000000000110101000110111011011111001
10010110011101011010000001100101101011000010110011010111101000110111101111010101000100111000010011111111101101110000000001100000011011001100010111111111100000011100011010001101011
11010111000111010011111011001101101001110111110110010101001101100111001100000101110110011111000110111001000101000111110111111110111011011101111110000011001111110111001010111001001
10000101110010010110000001100001101011100101100111010101101000110100011001101101100000110111101100101101110000011100011110111000110011000100101010111111100101010001100000101101011
11110101011011000111110111001111101011001101110100010101100011100111001111000000111110010101000110101100110111111001111100101110100111011101101000001010110101010111001101101100001
10000101000011010011000001100110001010011001010111000000101000110101100110011111100011000001101110001101100000000011010110101100001110000000000011111010110000010111111000101001111
11101101111011111011111011001100101011000011000101111101111011110000001100111110101111111011000011100000110111011001010110101110111000111010111110111010110111110101011110000011111
10001001011010110000000001100001111000011111110000010101010000010111100001110000000101011011011111001010000111111111010110000110001110001110110110000000110100110101010100101000001
11101101010010110110111101101100111111001110000111110001010110111100001100011111110101001011010101111010110000110100010111110111011010111110000010111011110101100001010101111010101
11000101011010111110100001101111101001011011110110111101010111111111111110111010110101101011000101011011111110100101110001100101010000011011111110110010100001101111010101011110101
10010001010010011011110100100011101100001001100010101001010101010101010110110010100000101001011101010001101011110000011011001101011011000011010000011110001111000001010100000011111
11111101010110110011011110101110101111011011110110101100000000010100010100010110101010101100010101011011000001011011110011100100011011111110000101001110101011011101010001111111111
10100000000110110110011000001010001010010001100100101110111111110111000111000010101110000101000001011000010100011001011010110110110000001100111111111011101011010111010111111110101
10111101110010110011001111011000111011010100110110001010011101100101110111101110111111101111110111011011111111110011011010010100011011111001111100101011001000010011000001000010101
10110001111010110110011000011011100000000111100011011010110100110101100001000100011011000110000110001010111100011010001011000110110000001011100110001001100011110110011111011110001
10000101000000110011011111010001111011010110111000001010110101100000111101110101111011011111101100111010010110110000111011101110110111111010101100111011111011010111010000000010101
11110101101110110110001010010111011110011100110010100000110100101011101000110001100000010110001110101011000100110110001001101100000000110000100110000001100000010101000111111110101
11111111111010110011100010110001010111001110111111111101110101111011001110100111101111000011100110001010011101100110111011001001011010011011101100101111111011110101010000111011101
10001111000010010110101110111011010101100100011101100001000000110000011000110110111110011110101100111010111001101111101001101011111111110000001101111000101011000000011011101011001
11100101111011010100001010011001010001101101110101111101101101110111111110010010011011001000101101101000000011101011001011000000000101110111011000011110101001101101111110000000011
10110100101001010111011000110011011100001100010101010100101000100110011011010110110001101110101100000010110110100001101011111011111101010111111101110110001101101111010100111111111
10110101101101000000011011100110000111011111010100010001111110101100110010000110111011001000000101110110010110101011001001101000000100000000101100100110111000101011000001110000001
10100000101001111111001000101111101111001010010111011011010110101001111011010110010001101111011101111111111110101111101100101011111101101011101101101100011010101011011111011011111
10111010001101000111100011101011100101101011010011011001010100000011011001110010110111101000011101011011001100100001100110100000101100111111000000101111000011101011000100000011001
10101111101001101100111001101000110001000000000110011101010101111111011011000110100011001111010101000001101110001101001100001110101001110100010111101001111001101010011101111011011
10101101101101101001100011000010111101111101010011010000000000010001010001110010111011011000010100011111001011011111101111011111100011100101111110001011000011001010110000001111001
10101100000000101011111000010111100000001111011000011010110110110111011101010110100001001111010001111001100000001010001010001001001110110100001011011001111010011010000101100101101
10000111111110101001101011111100111011100011111111011010011100000101011001000010111011011010000111101011111011111011100011100011011000010001011010001100110000110000111111111101001
10101101010000101011100000011101101111001000110000001111111101111101011101111010100001010011011110000011010000010001101110101111001101110111111000101101111011110110000000011001101
11101101011110101010111011110001101101101101111010100101100000001101001000011000101100011010000000111111000101110111001100000110011101110101101110111101101011010111011111110011001
10000000001010101000110000111011000101111100111111110100111101011001101111000011111101010000111010011100011100110001100111110010110101000101101100011000101001010001001101011010011
11111111101000001011100111101010011101010110010101000001100111000011001100011000110001111110011111010111000111111011001101010110000101011101100101111110001101010111100000001011011
10000110000010100001110011001010110100000000110101110111110110011001100111111011111100110000110101110110011100110001101100000011011100001100110000110000111001010000111111111010001
11110111011011110100011011101000000101111101110000000110100000111011001100000010101001111101110000110111010110100111000111101111000001111110100110011110001100000111110101011011101
11010101110011010111001001000011111111111001011111110000111111100011011110111010101101011000010111110010000010110101101101000000011101011010001111110000111101111110010100000010101
10010101110110011111101011011111001011001101010000111010100100111011010111100000001100000011110001100110111110110001101001101010111111011000111001111110110000000011010101111110001
11010101011111011000001010000001011011100001011010010011110101100011000101110101011111111000110111101100001010011011100011001111110110001101110011010100011011111110010101011100111
11010100011000001111101010111111011010111101001111000111000100111001101100111111010111001101100011000001101000110000110111100001100111101000000111000101001000000000110000000110101
10000110111111100110101000010110011000011000011000010101110110000011000001101111000101100000110110011111111110111011100101101111110001101011101101011111100010101101110111111100001
10110000011010110100100011110111011011111101111111110101100111111001110111000101110000111010010011011110010110011000110101000101100111100001111001001110101111111111000011010110101
11100101001010100110101110110100011010011000010101100101110011101011000101010001011110101111010110000010110100111011100100010000110010101111001101100100000001011011110111000110111
11001111101010110010001100110101111011011110110000110000111010100001101101111101000000001110000010111110000110110000110110111111100110101110011000110001111111010001100101011100011
10011000001000011000111110000001010000001100011110110101101010111011101100101001111111101011011000000000110110010111100010001000001100100011001101100111110001000101101101000001001
11111111101011111110011000111111011111011001110000100111001010110001001110101100011001000010001110111101111110110111001000101011111110101111011000110110011011011111000000011011011
10101100000000110000111110010011001100001101011110110110011000011100011010100111001101011000100011111111001100010101111101111011001100000101011110110110111011000110011110111111111
10101111110111111110011000110110011111011000001110110011001101110110111000001110011001111110111111000001101101110100110001111011100111011100001100000110101000011111000010000101101
10101011000110110010110011110011010101011101111000011011100001010000010011111011001101101100011101011111101101100001111100101010101110000111100101111100100011000101011111010000001
10101000010000011000011001010110010101001100111111001000111101011111000110101010011001101110110100000110000000110111001110001010100000111100101100101110001111111101011111111011111
10101111111111011110110011010011010101101110001011100011101101011001011110100011001101001010000001111111111101100001100000111010101111110110000101100110111010101100000010101111001
10001100101100000100011011000110010100100011011000101010000000001101010100110110011001100011011111110101000101101111111110011010000101000011101101101100011010100001110110000101101
11100110001111110101110000011111010110101110011110101111011111011001010101100111011100001111000000010001110000000001100000111000111101011111000000000001111010101100011110111101101
11110011100111010001011111011111000010100111001100000111110101001101010101101100000110100110011111000101100101101111111101101011100100001101011110110111010010000101001000000101101
10010110001100011101011010000110011000101101100101110010100000011101010001100111101111110100110001111111110111111010110101000000110101111001000111110011000110101111111011111100101
11010011100111011101000011011111110010001101001111100110111011000001010100110111000101010101110111001011000011010010110100011111100101011011011101011111011100111010110000000110001
10010110110101010101110110010101000111100000011110101110000001111100010111110101101100000000000001101001111000010110100101110000110000011001000100001101010110011000010111111110111
11010010110100010101110110110001111110001101010100001011111111110111000010100101100111110111111111100011010011110010110000000111111101110011011101111100000011001101110011001100001
10011010110111000001010100100111011011101111110111101011010110000001011110110000101100010000000010110111011000110110100101010111000101111011001000000001101111011000000111100001101
10110010110101111011000110001101011000000010100110001011010011110100000110010111100111010111011000110101011011110010110111111101110101011011011011111111111110000010111100101011111
10011010100101001001110011011101001101101110110011101010010110111111101111000011001110010101111111110101010001011010110010101100100001011010001011100100011011011110000101101111111
11001010110001100011100110011001100101000000110110000011010110010000000110011111101011000000100111010101010100011010111010000110111100000000111000110001111011000011010000000101101
11101010110111111010110110110011001111101110100011101010010111011101010011001101101011111011101100000000011101111010011000111100110101101110011011110111101000011110010111011100001
10101010100001101010100010011001011011000011110110111011010011010111111011011001101010110011000111111101111000110010111011111001100001111011110000000000000011000011010011111101111
10000010101111101010111000111011001011101111000000010011010110000010101010010011001010011001101101011000001101111010101000001100111100010001011011011101111001101111010110110101011
11101010001011000000110011101000011010100101111111011010010011111010000000110110011010111011000101011101101000110000000011011001101101110111010001011100011011000101111100100000001
10111011100001111110110111001010110000001101101101010011000110000011101011100110110000101011011100001100111110111110111111111101100000010000000101000110110001111100101101101111011
10110000001111000100110101101010011111011001001100011011010011111000111000110110111010000001001101111110010100011000000010011001111110110111111111101111111111010101100000000001111
10000111100001110110110001001011110110001101011001110011110110010010010011110000001111111011011000011000110001111101111110110011011000010000000111111101010100000001001011011011101
10111100001111000000010111011001010111011000001101100110110011011111011000011011111100100011010011110010110111011000001010011011011011110111111101010101000001110111011111111011001
11110001101001111111010101001101010010001111011000110110100110001101010011111010110110110111010111011110000111001101111010110010011011100000000000000000011100111110001101101110011
11011111101100110000000000011001011011100110001010110100110011011001000110110010110100000101010000001100111100011000111000011011011000110111111111111111110111101100111000000011001
10000010000110011111110111111101001010101100111110110110000111011101110010111000110111110100000111111001100111010011101011001011011011100000000000111011010000101101101011111111101
11111011101111001101100101011000011010101110101100110110110000010100111000001110110110110101110001001100110101010110101001011011001000001111011111100000000111101100001000100101101
10000001000110011001110100001110110000101010101110100111111111010101101010111010110110110101010111011001110001010010001011111011011011111101110100001101111101100101111011101101001
11111100010000111101000001111010011110101000100110110101100001010101101011100000000010010101011101001101011100000110111001101001000000011000110001011000000001001101001010100101011
11110111011110101101110111110000110000001110101100000000111101010101101001111111111000110101011101011000011001101110100011001100011111111010000101111101111111011000011000001100001
10000011111100101100100011011101111111101100000111110111100000000101100011011001011011110101010100001101110011111010001110011001000000000010101100001100000100000011111011111001111
11111000110110100110001001010100001110001111010011110100110111110001111001001100010001010100010101111101011010100000111100110011010101011111111111111111110101101001101011101101111
11111101100010101111011101000110111000100101110110010101111110000101011101011111011011000111000001111000001000111101111001111011011111000001011011000000011100111111000000000000001
10000000001000000101110100011100101111110101100011010101101011101111010000001010011011110011101111001101111010001101101011100011111011111100000001101111111101110111101110111010111
11011101011111010100100110110110001101010101111001010100101010000010011111101010110000110110001011011000000011111000101010111010101010110101111111100010010101000101000111111110001
11111111110111011110110000110111011001010100011100000101101011011010110111000000110111100110100000001101111000001110100000000000000010110111011010110110110000010000010011101100101
10100000100000001100111110110011001101000001110111110101101010010000110101111110110010101111111011011001111111111110101111111111011110000011001010010110011011110110111000000110111
10111110001111100110010100100111100101110111100011000000101011111101100101000010011010101011101001111100001110110010101101101011111010111110011011010110110000011111101110110010111
10111111101101110011000110101100001101010010110111111010001010110100110101111000110010101010101011101101111000011000000000101010101000111011000000000000000111001001000011111111101
10000001111000000111110000000001101100011010100010101111100010100110000000101110011000000000101000101100000010111111011111100000000010000000011111111111010011101011011111011001001
11101100000010110110011111011111101101001010110110101101111000001111111110101110110011011010100011101101111111110011000000001101010111101011000010110111111001111000010110010011011
11111111110111100011011001010100111111101010010000000101011111011101000010101010111010011111101110100100110101010110011111111111110000111111111110010000011111011011110110110111001
10011010011111111000001101010101100110100011011011101100001000011001011000101000001111010101101010110001110101010010111011010110111110011001100000110111110111010000100010110001011
20110000111010111111100000000100110100110110010010111111101111010011111110000011111110010001101010100111010000011000000000000000000011111101001110000010110000000110001110000100001
10011010010000100001001011110101100110010011011010011011001101010111001111101111011011010111001010110011000111111110111111111111011000011000011111101110010111111100111110111110111
10111111011110111101111110110101001111011011001010110001101000010101101001100110000011010101101010010110011100101100000010000001111111110011110000101100110000000110000000000010111
10101100000010110001100110100001011000000001101010011101001110110100101101110011110110000001101010110111010110100001111110111111101000011000000101111101110111010010110110110110001
10000111101010111101110000111100001110111011001000110100011010010101100100011001010011010111001000010101010010101111111000000000101101111011111111110000000001110111100110011111111
11011100111000010001011010001110111111101011101011100111001011000100110001111101000110011101101011000000000110100001000010101010001100000000000110100101110111111101111100110011001
11010101111111011101011111101000011011001001100000110101101011110101100111010100010011011001100001011010110000001100010111111111011001010101101100101101111101011100100110011010011
10000000000000010000010110001110111001101100101110100000001000010000110101010001011110001101101111011010011011111111111110000101111101110100111001111000000000000001101110110000111
10101010111111011111010111100000101011000110001011111111101111000111110100011011111011011001000111111111110000011011011011011101101000010110011011010011111110111101101011111011101
10111111100010000110000100111110101000011110100001011010101100010001010101110010101010001101011101100101111111111010000001010100000010111111000000000111100011100111100011000011101
10010011111011010000110001101000101011000011111100011000100111111101010101011010101010111000011000110101000011000000111111000001011010000011011011010000001111110010001111111000101
10110110100001110101100100001110001111011111000101111110101111000001000101011000000000001111000011100000011000011111101110011111111110110110001001010101100110110110111011011011101
10110000111100111101001110101110100110001101110001010100001001111100011101001111111101111100011111001101011101110111100000111110110111111111101011011111110010110010011001001011001
11100110101101101111111111100011110011101100011101000111011011011001001100011000001100010111000101011111000100010100001010110000000000101111111011011000011000011010111101011011101
11110100000000001011010101001011010110100101111100011111011000000011100001110011011001110110010000000111111111110101111110010111111111100110011001110011011011001000010100000000101
10111111110111101010000000011010000010110101010101001101011111011110111101110111111101100010111101111101101011000000000011000001010101101100110011100111111111100011000001111110001
10101011111100000000110101010000111000110101010111101000001111110000010100000001111100111010001100000000000000010101111111011111010100000110111110110001111110111001010100000011011
10000000001001011110011101010110111110110101010110000011111000111111000001111111011001101010111111111101010101011100000001111000010001111100001110110101011000001111111101101111111
11111110100011010000110001110111100010110100010011111001001110010011101100000000011101101010000111101111111111011001101111110011110111010101111010110111011011111110101111100110101
11110111111011011010111111111101111010010111010110001011011011011010100101111111110101100000101100000010101111111111100011011010110111010101011010110010010000000000000110110100001
10000001000001111111101110011000101011010110000110100001010011010000101111011001100000111011111101011110000101100000101111000000000000000000001000110110110111111111111100111101111
11111101111011000000001011000010000000000011011111101111010110011110101010011011110101100000010101111000110001001111111101011111111111111110111011100000000000011000000110101000001
11011001000001111110100001111111111111110110011011000011000111000000101010110010111100110111110000101011111111011111110101000000111101100111110011101111010110110011011110001101111
10011101011011111000111101011101101100000011010011101111101101101110100000011010101001110101110110100000011001010000100101011111100000101101011000000001010010000111111100111001111
10110101010010001111111100000000001001011011011010101100001101111010101111011000001101000000010111101111111101000111101100000001101010000000000011011101010110110101110001101100001
10000001111111100001100111111010100011110000010000001101111100110000000111111101111000010111110101000000001101011110000001111111001111101101101111111111111100111101011101000001111
10101101110011111101110000000011111110000111011111101100110101100111110000110000110011111110110000011101111101000011011101110100011001111111111000000010101111101001010101011011101
10101000000110110001011111110111100000110100011010000110010101111111100111111101100111110000100101001111010101011110000111010001111100001010010010111000000001100011010100011110001
10101101101110111101010111011110111111110111011011011110110000101000110010101000110100011011101111101010010000000000110011000111101101111011010110001111111111001000000001110111101
10100111101010101101010101011010101101011111000000001100011110001110000110000011110101110000000011000010110111111011111111011100000101101010000110100001100000011101010100000010101
11111110101010101000000000000000000101011101111111011110110110111111110110111111000100011011111001101010000000101111001110000001010000000000110011110100101110110101110101111000001
11001100000000000010110111101101110000000101111000010000000010001010000010001101010001010000001011111110110110000001101010111111111011111101111001111111101111110000110100001010111
10011001101101011111100100001001111111110000001111011110101000111010111010111001111011110111011001001100111111110111001000111110101111010111111100101010101000011101111110111111101
11001111111001110000001110101111011011110110100111010011101101111011100000011100110001100011111111011001101100011101101110000000000110000000110110000000000011111111111011100101101
11011000000011111111101011111110000000000100110000010111111001001001111011110101111011110110110101011101000101111001000110111111110000111110000011111111111111110110110001101100101
10001101010111000001101001010011111011110101111111010110111100011011001000110000101001100000010100000000011101001101011110100000011110000011111111100000011110010110110111000110001
11101001010100011100111100011010111111111111101100000110100110110011101010011011101011110111000101111011110000011100010100001111000111011110011010101111110011010110000011101100101
10000011011111110110110111010000000110001010000110110010001100011010001011111001000001100011010000011000100101110110110001100111101101111011000000000000111000000110111110000001111
11010111111010100010100000000110110011101011110111111011011101001011011001010011011111101111011011111010001111010000000100110001100000000000011010110111100010111100011100101100001
11111110110000001000001101111111111000000000110101011011010111101000001011011000000000000001011111101111011011000110111111111111111101010111001111111111111011100110110101111111111
10000000000111101111011111100000000011101110110000011011010110000011011010011101111111111111110100100011110011011111110011101100000101010001011111101000011001101100110000001010101
10110101111110001100001100111011010110001000000111000010000011111111001000110000011000000000110101101110011000000011010110101001101111111011110010100011110011101110100101111010101
11111111101010111101111110000010011111111101011110011011101010001101101011110111110010111010000000100000110010101010000000001011111100101111111010101111111000100100001111110000001
11011000000000110001000111010111011101000001110000110010001111100000001001010000000110001111010101101111111011111000110101011001010110100101011000100000011010001101111010011010101
10011111101011111111010000011110010000011101111111111000100101111111101011000111111111011101111100000110101001001010010101000011000010101101011110001111110011111100000000110010101
10110100001110000000010111010000111011011001001101011111110100111000000001011100000001000000101110110000000011011110111111101000011110000000001100111001111001010101111111110111111
10110001111110101111110100011101101011110011101000000111010101101111111100000001101011101010000011111010101111000111101001111111110110111111111101101101011011010000001101100101011
10110111110000111100111111111101000010100110000010110000000000000101010001111011101001101011101000001011100010010011100011010000000000000010100000000101011000000101011100110000001
10111111011111110110101011000001101010001111101010100101101111110000011011011000111111101000101101011011101000111110001111000111111111111110101111011101011011111111111001110111111
10101000001111000000001000011011001011101101001010101101111000000101000000001101111110111101111111111110111010001110111110011100100000000000101101111101000000000010101011010001011
10001111100001101011101111111111101110001001101110111111011101010101101010100100101010010100000000001100001111111000101011000110101110110111100000100000011111111110000000000100001
10100111111101001111100001111110001100111100001000100010001001011111111010101111100000110110110111111101111101101011101010010010000111111111101111101101001010110111011101101110111
11110000011101111100001101011011100110111111101101111011100011111000000011101010101111110111111100110100001000000001101010111110110001101100000110101111111010000010000111111100001
10000101000001010110101101010001110011101000001000111000001010110010101000101010101011010101000110010101111011110111101010101000111111100101110100000010101000111110111110110111111
11110101111100000111111000011011011010000010101010100010101010000110101101100000001000000000011110110000011000011110101010000011101010110101010110111110101011101100000000100110011
10000111000111101101010011000001011111111111111011111011111011110100101101101011100011011011001100000101011011111100100000111110101000010001011110001000000000000111011111101111001
11101100010000000000000111111100010101111111100011010011111001111111101101101000101111111111111001010111110000110110001010011110000010110111001100111011111010101101010101100100011
11111111011011101111010110111111010101000010111110011110100011000000001101101011100110000000000011010010110110000000111111000000110110110101011110010000101111100000000000101101111
10000111001111111111111100000000010101111010011111000100001011110101011111001000110010111111101001110110110111111110111101101010010011100100001010110110000011101011101010000000001
11110000011000000000000001011111000000000010110001110110111010000111000110011011111000001011111111000000000000000110001000101111011000110101100000000011101000101000111111101101011
11000110111110110101010101010000011011111010111011000000110011010100010100110000101010100000010101011011101101101100100011100101111011100000110101111111111101101010000000100101001
10010011110111110111110101011111111111000000000000010101111011011110110101110101101011110101110101110000100100100110110110111101110010101111111100000010111111111010101101101101011
11011111010011000111000101111100000000010101110110110100011110000110110100011100001000011111100000011010101101111100110100110100011000000000011001111110001010111111111111111111001
11111101010110010100011101100001101010110111111111111110110000101100110101001101011101001010101111111111111100000110110101100001011010110110111100000011011010101101010111010001101
10110100000000110110110001001111111110100100000000000000110110111001111101101001001101100000000110110101010110101100110000001011110010110010000101011111000000000000000101000111111
10000001010110110100011011101000000000110110101010101010110110110011000000101101011001101011010000000000000010100110110101011000010110110111010101000000010101010101010000010000001
11111111111111111111111111111111111111111111111111111111111111111111111111111111111111111111111111111111111111111111111111111111111111111111111111111111111111111111111111111111111
