111111111111111111111111111111111111111111111111111111111111111111111111111111111111111111111111111111111111111111111111113111111111111111111111111111111111111111111111111111111111
101001101000001101000000110011010100000000010101000011010101000110100000010000000001101100011001100011000010100110101010110101010100000010110101101010000110011000110110110011010101
101101101111100101111110011011010111111111010001101111010101101100111111011101011101001111001101001011111010110110101000010101000001111110110101000000110011011011110010110110000001
100001101110110001110000111011000011011000000100101101010100101101100010010111111000011010011001111010100000000110100011110101110111110010100101101101111010010010010110100000110101
111101101010011011011110000001111011001111101110001101010110100000111011000011000011010000110011111000111111101100101111100000000010000110110001001111111111011000110010101111111111
100101000000110011000011111101010001101001111011100000010000111101100001110111111110011010011011001110110001100110100000111111101110111110111100011010110110001101111010100110011001
110000011110011001111001110001010111101011011011111111011110110000111101000101101111011110110010011010111100101110101111100101001110000010101111001010110111101100011010001111001011
111011111000111100000011011100000101000010010010100000000100111110110000010000000000010110011010110000010110001010100010110001100000111110100111011010010001101101110010111011011001
101111101010000111110111001111010001111011011000111111110001100000011111111101101111010100110000000101000011101010101110011100001111100000110100000011000111000100011000000010010011
100000101111101100110101011011111011010010001110111000111100111101110010111111111100010110110111010101011011000010101010110110111111101011110110111111101111010001110011111110110111
111010000101101110110101010010101011011011101100100010000110110000011000010111011001000100111111111111110011011010100010110010010000111001100110010010101101111011011000111010000001
111111110000000000000000011000100001010000101110111111110000111111011111000000000011110001101001101001111011110010101110011010110111110011110110110110101100101001011011100000101011
101101111110101101101011000010001100011110101000010110111110101010001011101010101110111011001101000011000001111010100111011000010110011010110010100110101110101011000010101101111111
100001011000111101101111111110100111011100101101000100011100101011101010111110111000101011100001101011111011010000001101011011110011000000011010101100000110001011101110100100000101
111100000010100001111110110111111100000110000111110110110110101010000000111111111110000001111100111010100010011111011100011010111000011111110010100110111111101010100100001111111101
100001110110111011000000010101010111010011110011010000010000000000101011101011101111111101010110110000111010110111010111011000011010110101011010001100011000100010110001011111001101
101111111111111111111111010000000001111001110110011011011111111010111011000000000000000000010100011110111000110101000111001011111011110101011010111111001110111010100111110101101101
111010011111101100011010011110101100110011000011001111010000010010110001111110101111011111010110111010101101110001101101011001110001100001010000010101100100011010001110000101100001
110000110110101001000011010111111110011001111000011000011111000111100101101111111111110000000000110000101101010100000101011100011011111100011110110101110101010011011000101100111101
100111100000000011111000000001100100111011000010111111011011111111101100000011011000000111101110111110000001011111110101001001111001010111001100110100110101111010001011111101111101
110110101011111110100010110101110101100001101110101101001000101010111111101110001111111111111000011010101101001101000101011011010011010100011110100001100100110000111000010101100001
100110111111101100001011111101010001111011111000101101101110000000011011101011101100000000001111011010111100011001110100010000000110000110110110111011001101111011110011110000111101
110010110110000111111111101001011100110000011110001101000110101111011000101011000111111110111000000011110110111101010101110111110111110100010100011011101000100000000111011110011001
100110110011101100011000001100001001110111001010101100010011101000011110001000011110000000001111111001100000011000000000000001011101010111010111000010101011101111011110001010110011
110100011010000111001111100001100011011110011011101111111011111111010111101110111000110101101000001101111111001111011011111100001101010101010101111010101001100111111000111010111001
100001110011101101011110111111111011010011011011000101101010010110000101000010001010111111000010100001011001101111111000000101011001000000000000110000000011110000110011100000011011
111101011011000101011010111010101011011010011011110101001010110011010001111010111111101011111111110100011011000000100011111101111101111101101111111011101010100111100110111011011001
100001011011110000000000100010000011011011001010010101100000010111110101000000010101000000000001011111000001111110111001110101110000110111000110101110101110101110101100101110001101
111100011010010111111110111011111011010011101011010100111111010010111101111110110101010111010100011011110111100100111011010111011101110001110000101100000110001010000001101100111101
110111011010111100110100011000000001010110100011000101101000000110011001000000010101110111111111001000000010110110101001000010011000011011010111100001010010111010111111101110000101
100000001010011001100111000010110101000000111011110101101101110011001101111101000100110100110011100011111010100000000011011110110011110010010000101101111000011000011011001011011101
101111100010110011001111111111111101111110110010100001100111111011100001110111011101111110011000001010000000111111111010001100011010011011011011111111001011110011110001101011010101
111111111010000110011001110011011000000000100110111011110110000000110100000010001001101000111111111111111110101100011010111111011011011011001010011011100000010111100111101011010101
100000100011110100111101010110000010101110110100101001100111111010011111111011100011001010010101001110000100101111000010010110000011011001101000111001001011110010110010100001010101
111110111010110110011000000011111011111100000001101011001100000011111101001001111001101111010101011011110110101001111000110011011110001101000011101101101110000110110110001111000001
100000000000110110111111011010111111010111111101000011101111011001010001101101010011000110000000001010000000100011100011110110001011011000011001100000001111011100010110111011101111
111111011110000000010001111000001100000011000001111000000101111011011101101101011001110111111111101011111110101110111010010011100001011110111111111111101011010111010100000000000001
101011010000111111010111110011101111011011111101101110110100110001011001000000001101100001100000001011000000000110010000110110101111010100100110101011101001010100000001011010101111
100001111111110000000011011110100000011010100000101111100101100111001101111101011001101111111111101011111111110011011101100100001011010110101110001010101011010101111111110010100001
111011001101011111011110011000111101010010111110100000110000001110011001101101011011101101100111000001011000000110000000110111101010000110000011011010001000000000001110011011101011
111011101100000010011011011101111111111010011000001111111111100011001101101111011011001100101101110100001111110011111101110011001011011110111110011010100010111010100000111001101001
101010001111011011011011001000000110101010111110101101001011110110011000000110001001100110101101111111101101010111000001011001101011001100011011001011110111111111110110001111111101
100011100011110000010011101111110100000000110011101101101010000011001101010000100011101100101001010010001100010101111100001011000011011111011001011001010001000000011111111111010111
111000111001100111010110101011000001011010111001000100001011111011011111011011111010101101101101011011100111000000110111100000010111010110011011001100000111011011001101000001010111
100011100011110100000110101011111111111110001101110111101011000011001001011111000000101100101000000000101101111110110000001101110110010011011011011001110010001111111000011111010101
111001001000011111010000100000111110101111011101100011001011111011011011110101110110001110101110111110001101011000010101011111100000110110001011001011111110100100110011000011010001
111101111011111011111110001111100000101000001000001001100001000010000001100000011111101010101111101011101101001110110111111110111010010110111010011000000000101101110111111111000111
101000010010110001100111100010111010001111101111111011111101111000111101111110111101000000101011000000000001011010011110101100111111000100001010111011110101100000010010101100010101
101011011010111101001101101110001111101010100101000001010101100011111100011100110101101010101011111111010100010011001100001101101101101101111010100000111111110111110110101101111101
101110001010011101101101101011100100000000110101111101000000110110000110110110110001111110101010110001110111010111100111101101101000100001101000101010100000111111100000001100011001
101000100010110000000000101010110111111110000000000000011101111111101110100010011100110100000010011011111100000010110001101001101110001111101011101111101111101100110110111101111101
101111111000011111010110000000010101100011011101111011111101101000101000111011010101100111111010110001011111101110000111001101100011011010101010000011000010101101100010011001010101
100100000011011011111111011011000001101111111101001111000000001110101010111011010000101100000010011011010110000011110011100001101111011000000000111111101110001101101111111100000001
110110111110000000011101111111010101000111110111101101111111101110101110000011011101100111111000110001010111101111010110111101101010001101110101110110100010111000100101011001101011
100111101100111101110000000101111100010011010110101001100000101000101100111011000000101101101110111011000011101010010110101001000010111000011111010010101110001101101101011101111001
110101000111111000011111110000100001111000000000000011111010001110101111101011101101101101000110010001110110000011000110001101111010101101110011010110100110111100001101010001011101
100001110011101101111010111110111111101110111111011011011111100000101001101010111100101000010011011011010011111011110111101101110000000000111001000010101100011001011100010111000111
111101100110000000110000001000000000000111110101010000001100111110000011000000011001101111110110000010010110101010100011001100011111111010011011011110001001111011111001000000011111
111101001111111101100111101101111111110001010101111111011001110111111011111010111100101100100111111011000000100010111010011001110000000011110011001010111011101010101011110111011001
100001101010000000111110100111100000011100000101000000000011000000000010101110011110000110001101011001111110111000110011001100011111111001111011011010000000101010101000111111110011
111100000011111110011010110110111011010111110001111111011001110101111000000111001011110011101101011101010000000010111011011110110110000011010010000010111111101010100010000101100111
100001011001010111000010100000101111010010111100011000011100111111111010110011101001010110001101000100011010111110000000001100000011111001011000101000000000000010001111111100101101
111101111100000000011110111110101101011010000101111111110101101111000011111000001100000011011101110110111111111100111011011111010111111011011011111010101110101110111111100101101001
110001000001111101001110110100000000000000110000111110110000000101110111101011101111111000010101010000100101000001111111001101110110000010011000111011100010111110111010101100000011
100111111101111111101010010111111111111010111010011000010101010000111110101010000000011101010101011110110100011111100000011100110011111010110010101111111111111010000010101111011111
101100010111000010101011010010110000010011101111011110111111111010011000001111110101001111000000000110100111110110111111000101100110100010000110000110111001101010111010001000000001
100111010111111000000000011000111111011110000100010010101011000011001011011101111111100111101011101100001101100110101000011101101100111010111111011100001100101010111110111011010111
101100000000000011101011000010000101001111110111011000000001101111101111011000001010110001111111000111101100101100001111000101100110101010111011111101111001101000000110111011111111
111001101011101111001111101011010000011010110011010010111011111101001100011111101000011011010101101110000110001101100000010000101110000010101000110000101101100011111100101000000101
110011001011001100011000001110011101000000111000000111100000110101100111000101001110110000000000001010110110111111111010111110001011010110101011111011101001101110000110100011111101
100111111001111110111111101111111111111010011111010101111011100000101110010001100000000111111011101011110110010110101111111100111011110000000001111010101011000100111110101110010101
110001100011110110110100001000000010110011001011111100011011111110001011111101111111111111111111001011000000110100001101010110110010100111110100110000000000011101101010101010110101
111111001011000110110001011010101000000111100001111111010000010011101010110101000000000000001101100011111110110111101000010100011010101111111110000111011111110101000000000000000001
100000011010010000010101001111101101101100001101010101010101000110100000000000011110101111101000001000011000010101001111010110111010101000000111110110001010110000011011010110110101
111010110011011010111111011100001001001111011000000000000101110000001010110111111111111100000011111111011101000101100000010000000010101011111100010011100000110111111001110010110111
100010111110001110011111010001111111011000011011101101111111100111111010100011110001010111111111100001010111110000001101000101101000001000000001111110001011100000001101111110100001
101010100000111000110101111101100100001111010011001111111010111111011011110110011100000100101110111101010110011011101111110111111111101011111111011011101000001011111100001111101011
111111111101100010110001110111110101111111011011101000000000000000001111011111001111110110101000110000000100111111101000011100111110000001100010000001111101011111000110100000111001
111111011000111111111011000010100001000000001110001011011111110111101101011011101011010100001101111111110110010100001111001110101011101100001000110101010111110100010010110111111111
101010000010111111100000011000001101111010111111101010010000000100000001000000001000000001100001101011100010110001011000011000100001100111011111111111000000000001110110010110100001
101011110110100010110101010011011111100011100000001011011010101111111101111111100011010111110100000010111010111101011111011110111101101111111110101010010101011100011100110000001011
100000000111111000000111010110001010101111111101011111111110101000000100011100001001110100000111111000000010001111110100001100011001100100101010101011011111111111000111111110101111
111011011100000011010110011100101000001000000001010110110111111111010001000001101011000111101100000011011010111010110111101001001100110101101010001011011010100001111100000010100001
100010000111111111010011001111111111101111111111110000000001100000010101110101101111110110000110101010010000001010100000000011101101100100101000100011000000001011110101111111110101
110111010101000000010111011000000000001100000010100110110100111101111111000101111100000011111111111010111011100000001011010110000001110001101011111000011111111110000000000000011111
100100011100010101010101110011101011011111111010111111111110000000110000010101010101011110010110000010100010001111111111111111010100100100101001011011110111100000111111111011111111
101101001101110101111100111111001110010101101000001111101011111101100101010111000001111111000000110111111010111111110110101011111110001101100011011111000000001010000000001000110101
100111011001111101101110011101011111010000000011100110001011111000110101010100010111100000011010011101011110100000000000000010101000101000001000000000011010111111010101011111110001
110011111111011101000000110101110011111111110111101100100010000011111101010111010100001111010010110000000000101011111110101000101101111011011011111111001110000001111111110110010111
100110101100010111011110110100011001101011100100001111101000101110101001010110011101111110011010110101010101111110101011111110000001011110001000001111111111111111101010110011010111
111110001111000011111000000110111101000000001111100001001101101000000011011100111001000000111110111111010111010100000011110110101100000011011011100001110000011101000000011000000001
101011100101101000101111110000010101111101101011111100011111001110111010001111101111111010110000101000011100000001101010100000111110110110001111111100000111110100011111111011111111
100000001101111110000000000111000000000001001000000001001010011111100011101011000000000010010111101111001111101111111000001110110000111100100100011111101111100001110011000000000001
101101100000000000101011011100011111101111101110110101011000111000001011001000011101101011010100000011011010001110111111011100110110001111110001000001100000110111011001110111111111
111001001110101101101011011111011000001000001100111101011111101111011001101101010001101001111111101011111011101000001011110110100100100000011011101111101111100000001011010111011111
100011101100101001001011110000011111111110100110100001110011000000010011111001011111001111101000001000110000001111100001100000110110101111111000100010100101101101100000000000010001
111011000110101101101110111010110111100000101100111101111010010101011011011101010000011100000011111110111111111000111100001010100110100000001101111000110000000111001010101011000111
111001110111100111111110000010100000001011111111100001000000110111001110000001111111110111110111000000000111000010000001101111110110101010111100110010011010101111101010101111101111
101011000000110100100000111010101110101111010101001101101101110011100110110100110000000000000101111111110000011011110111000011000100101010000111111011111110100000101011100001100001
100011010101100110110101100011111100101000000000011001001101000110101111100111111110101010101101101110111111110011110100010111101101101011011111010001101110101011111000111011101011
110110010100111110111111111111000001111101010101001111101001110110000110001111100011111111111001000000001011111110000111011101001101101011011100011100100011101011100010001111001001
100111010101101100010010010000011100011001110111111111001011100011101111111000111001010011111101111111101000000111110110011000011000111011000001110001101111111000110110111101101011
111101011101100111011011000110111001010011100110000000011000110110000110000010011100000110101000111100000011010010000011011010111101111011011101111100001100001101111111110000101111
100000010001110000011000011100110011111110001111011011110011100110101111010111000001010000000010000001010111111000101110010011100000001110001100011101100001111000011000000110100001
111110110100110101000011010001111011000011111111111111111111101100111011010001111101111011101011101011010001101101100011111001110110101110101001000111101100101111000010111100111101
111010010101111101101111111101000001110110000110100000000000001110100000011111000001000010001011001011011011000001101111101100011111100011101101010111001101100001011010000110000101
100000111101100001111110101101101111010010111100001111111011011011111010110000011101111111011010011010011111111101101000000110110001001001101101110001111100001101011111101110101101
101101101111111011000000000111111000000110011001111100000010010011011011111111011001111101111111011111110101011000111101010000010100011011001101111100010111111111000101111011111111
101101100000011111111010110111011111010000111111000111101011011000000010001101110011000001110101110000000000000010111111111101111110110011111100000101110111000011110000010000111001
101101111111010000000011100000000000011010011011110000001111110011101010100000100111111101010001111111111101101010001100000000011100011001011001110100000000011000111010110111101011
101111011000000111101010001010101110110011000010111101101110111010001111111110001110111100000100001000110001001011011111011101110001111100001111100101010101111011101111100010001001
101000001110111101111111101010101000111001101000100000111010101010101000000000101000000001010110100010000101101010001011111100110100000110100000110101011100001000000101101110111011
101101101110110000000000001110111110011011111110001101111000000011101101110101111111010101010011111010101111101011011000000001111110101100110111110111000101111010110000001110000001
111111000000011110111101011000110000110001010111011111101110111011001111100101000101111101110111100011101100001001111111111101010000111110110000010110010100001010011010100000111011
110111110101110000100001011111111110111111000000011000000000111111111010111101110001101000111110001010001001011100110000000000011010011000110101110010110101011111001110101101110001
100000011111011110110111110110000000101110010101001101011110101100011010101111111100000011101100111010101101011001111111010110111111011110110100011010110101001101100011111000011011
111101000000001011100110000000111111100011111111111111111011101101111010100000000001101110001001111111111001001100110000011100110101000110011101111110010111011001101000001101011001
101111110110100011111111111111111101111001101001111010110001100001100000111111110101111111100011000000000011011001100101000110100000011100110000101100111110000011111010100111001011
100110110011111010000000000101000001000011001011000000011100111101001010000000000101000001110111111110110110011101110111101100101101011101111010000110000011010111011111111111011111
101100111110010011101011110101111100011011101010010101001110100000011111101110110111101011000010111100111110110000011100000110101001110000011011011100111001110000000101011101110101
101110101011011011001111000001101111111001100011111101100000001011001100001100111110111000011010000101100000011101011101101100101101100101011001000110001100011111010000000101100001
100000000010001011111100010100000100100011001000000001101111011010011001011111101010110011011111110000111111011001110111100110111101110101011011010111011101000001011011010000101111
110110101000100000010111111110110110001000011110110101001000001011001111110100000000000111110101010111110100011111110110001100110001000101111011111100000111010111011001110110000001
100110111110111110110110101011100000111111110110100101101010101011111010110111101101101111000000000110000001010000000000101110111101101100110000000101010001010011011011111100101011
111111110000100000000110000000001011110000000000101101001111111110101010000000000111101010011010101111110101010110110110100110001101101101100111011111111011010111011000000101101001
111101000110101011010011111111111111011101010101111111111101110100000000101011011100001000110011101100000111010100110100110011011001101100110110000010111110010001001010101100101011
100000010100101111110110000000000100000001110100111000000000100111111101111110010110101010011011001111010100010110011101111001001101100110100110101000010011110111011010100111111001
101101010111111110100010101011010001011101000101101111111110001100000001010100110000111011011010011000010111010110110000001101011000110010110100101101000111110111001111111111011111
101101010111011010111011111111111011010001011111101010110011101111011111000001111010001011001111010011010110011111111010101111010011111011100101101101010000011101011101000100000001
100111011100000000000001010110101110010101010010100000010110001010011000011011011111011011011000011010010011000110000010100011011010101011110101111001011110110000000000011101010101
110110011001111101110100000000000000111111111000001101000000100000111111010011000101001111001101010011110111101100111011101110010000001010000100001101000010010110101111111101111111
100100111101000001000110111111111110011010101111011111010101110110110000010111110000011000011111111010000011001001100000100011111101111011011101011001101111110100100000000101101011
110110001111101101010100100000000000110000000000000111010111111111111011011111111010111101010000000010111001101011111010101001110000111110011001111111100000110111101011110000000001
111110111010111111111110111101101110110111111011011100010110100001101111111011011110110001010101111010001011101111000011101011000101101110111101100110001011110100001000110101010101
100000100010110110101000100001001000111111100011111111011100001100000111110000000100011111111111100011011110000110011000101001011100000010100000001100101111011101101010010101011101
110110111010000000000010101011011110011000001010000000010001100110110011011111110110110110101000001001001100111111011101111101010001011010111110111110100000001101001010110101110001
100110100000111011110110111111111000111101101011010101011100111111111010001010100000110000001110101011011111110110010000001111111011001011111100000110110101011111101110011100011011
110111111111111111000110110101110010110001111010010111110101110101001011101010110101110110100000101001010001000000111011011011000001011110000001010011110111000110000011111111110001
111101101011000000010011100000000111110101000010110110000001100101100000000000000101100110110110101011111100010101100011000001111011111111011011011001100011111111101111100000011101
101101000000010110110111001101101110000101110110110110101100110000001011110110101111001100100100111010101101110100110111101011000000101000010011011011001000111100000000110111110001
100000011011011100100100011111001000110101100111100011111110100110101110111100101100011111110110001010000001000111110101001001101010001101011001011001011010000101101011110111011111
111011010011010001101101011010011010111111111101110111010000110110101000000001100101010011011111011010101011110100000001111011111010101101110011001011110010111100111000000000001001
100001111011110101001101010000110011100011011000000110000110100110111101101101110111000110001100010011111001100111101011000000001110111111111001011000011010011001100010110101100011
111011000010000101100111111010111011101000011101010011101111111100110001001101010110011111100001011111011100110100001010011010101100011011010011111010111010110011101010010111110111
100011111111111100110110101110011110111111000001010111001000000001111111111100011111000001110101110000000001111110101011001110100110110000000110101111100011100110001010110000010101
101010000000001111111100000000110110110111101101111110011010101011000000111001011000011101000100111011101101001100101001100010101110111011010000000011001000110011101010110101010001
111111111111101010100111011101100000000000001101101011111111111001101010000011010011001101010101100011001000011001101011110110111010011001111011110111101011111001101110111111111011
110101000000000000101101111111001101111101011001000000101111010011001011111011011010011001110101001111101010111101001000110100110000111100110000010011111000001011101100011010101001
100001111111011010000000000010011111110001111101101110101010000111011010000011011011011011111111111110001010001101101010110101100110011001111010111001100010111110000111000000001011
111100000110011011010101101000110100011011100001111100000011110101111011110111110011001110001010111000101010101111111010011111110110111100110011100011111010001100110100011101011011
100001110000111110010100111011110111000000111111010101101011000001100010000001110110011111100010100010101011100110000011111010100010000101111000111000011010111001110111001101001001
110111111101101000110101111111000000010101100000000101101000010111110111010111000111111010111000001010101001101100111111010000001011011111101110011010110010001101100100011111111011
111110000001000010011111101100010101010101101111110001001101010110000100010100011101110000000011101110111011100110111100000101101011001010100011001010011011011100111111010000001001
111011110101101110111000000001010101010101111110000101101101010110101111110101111000000111011011001000100000111111100001101101101001100000101111011010111110000101100000000111111101
110000000101101000110010111101111101011111000000110111001101011100101011100111000010110011010001101110111011111101110100111001001111001010000110001110011000101101101111011100001111
100110101100111010011010111001000001001010011110110100011101010001101000001111101010011010010101101000001011000000111111111101100111011110101100100011001010100100101000000001100001
101100111111100011001111101111110101011000110000110101011001010101101011011101101010110011010111001101101111111110101010100001101100000110100110111111101111101101111101011111101111
100111111010111011111101101010100101011011100101100111110011010101001010010000001010011010011111111101100001100000000000001011100110111100101100001100000110000111111111000000100111
111110000000001110101000000000001101110011110100110100000110011101101111011101101010110010111101110000111111001010111010101000110100000111101110100111101111010001101000010111101101
100000101111101110001111101010101001100110000110011110111111011101001111110001101011111011100001011101111000011111100010101011111101110001100111110011000011010101100011010110111001
110111111110000011100100001010111101110100101110110000100000000111101010111101101010000001110100000001001011010001110110101011001000010100110000010111101011010101101010010000011011
111111011011111010110001101110110000110111111100110101111101010011001000000000101010111011000110111100011010010100000110101001100010111110011010110110001011010111101011111011111001
100000000011110000000101100011111101100110000001111101000001010111111111101011111111100001111110111101111111111111010010101011101110011011111010110011101111011100001010000011000011
111111111000000101110101101000110001110111011111011111110101010101110000001001100001111011000000100000001101110000011110101010000110111000110011100110001101111111011111101000011111
100000000010110101000101001011100100010100010000000000000101011101000101101011001100010011010110110101101100000110111100111111101110000011100111001110100000110110010000101011000101
111101010110110111101111011011110101111111011010101111110111011000011100111001101101000110011111111101111001101100000110011000001000101000101100011100110101100000111010001011010001
110001011111111100001100011010000100101100001110111000000011001101110001100011001111101111011101011100001100111111010011010011011010101111111101000111100100111101111110101110011011
100111010000001111101101001110110111101001011000100011011011011111110111001010011011000011010000000001111111110000011011011011010011100000000111011100001110100001010000100110110001
110001011110100000001101011000011100000011011111111111011011010100000110011111111000010111110101101100101010100101001010011001111011001011111110011101011011110100011010110010110101
100101111011101010101001011111110001010110010000000110011010010001010111110101100011011110110101001101100000001101011110111101110011011000001011000101000000011110110010110111100101
110101100000001011111011110111011011110011011011110100110011110111110100000000001011001100000111101101101101100111000110001100011010001101111010011111010101110000110110110001101101
111111111111111111011110110000001111000111111111100001111011000100000111111011011010011111010100001101101100110100010110101001111111011100011011001100011111000110100110100100100101
101011110000010110001110010101100101111110100100001011000001101101111111000010011011000111010101101101111001111111010110101100101001000101000011011111011011110100110010110101101101
100001100101000000100010111111110001011010110001101111111011111001000001111010110010011100010111101101001100011000010110101110001100011111010110011011000000010101100110011100101101
110100001101010101111010101010000100000010110101100110111000110011101100111010011011011001111100001100011110110011011100101000100110111100011111000001110101011101101100111101111001
111111101101011111000000000000101110101000000101001100000010100111000110000010110010011101111110101101000110011010001101111101111110000111000001101111000111011001100110100000011101
111100001101010011110101011101111000111101110111100111010111110110011111010110011111010111010110111001110100110011011101000001011000101100010101100111110111001100110010101101000101
110101100101011000000101010000111110110001000000110001110110011111011111110110111000010010000000001101100101100110000111110100001010100110110101110001100001101111110110111101010101
100000110101001101010101011010100000010101101010011011000011000000000110000010110010111000110101011000110100110011010110000101011010110010110100011011001011001000000010100001010101
111111111111111121111111111111111111111111111111111111111111111111111111111111111111111111111111111111111111111111111111111111111111111111111111111111111111111111111111111111111111
