11111111111111111111111111111111111111111111111111111111111111111111111111111111111111111111111111111111111111111111111111111111111111111111111111111111111111111111111111111111311111
10101101101001101010100000110010101000110101010000110110110000000000000001010101011010100000110000000110110000000011001101100011011010100000110000011001010100100110010101010100001001
10000000101011000000111011111000000011100000000110000000111110101111101100000000000010111110011101110000011111110111100100110110000000111011111111011101010110110000110000000111100011
11111010001001111110111010111111101111001101011100111110101111111101001111011111101000010110111101000111010100000111110110010111110111111011010101000001010110000111110111111100101111
10111111101100001110000000011000000101111111111001110000101011010100011000011111111110110000010111111100000001110011000111010001100001100001010001111101000111110110000010110110001011
10000000001111101000101101001111101101011010101111011110101011000001001110110000000000111111000111000001111011111001110000010111001100111011011101010101101101000011011110100110111001
10111111100010101111101111100110000100000000101010001100000011110101101000110111111110101111110000011111000000011100110111010101111101101011011000010001001101101110000010101100001101
10100110001000001011111010101111110111111110101011100001111010110111111111100110000000000000011111110000011011110110011101010001010101001011001111011100011101101000101110000101111001
11110000101010100000110000000011000010110000000010111111010000111111001101001111111110101110110011100101001111010111001000010111010101011010011010011111010101101110111100111100011101
11111110111010110110011010111011111010011111111000001010000110101101011001111101101100111000011010111101111110010101101111000011010001011010111011010100000100101100010101110101110101
10101100001111111111000011111000000011011010101111100000110100101001010011110000101001111110110010011111101011010001101111011001011101011000110011000111110101100111010101010100110001
10000111111110000011101010000010101000010000000000001010111110101100000111010110001011000000011011010110000000000100000001011011011001011011111001101110110101101111010101010101100111
11110111110011101000001011111011111111011101101010111111101000001111110101011111101111010111011010000011111111101111011101110010001100000001100011101000000100001101000000000101110001
10000000011000111110101111111110010100000001001111110101101110100110110101001100000101111110011011111010100101111000010000111011011111111011001001001111110101101101011101011100100111
11010111001110010011111000000011000001011011101000000000000000110010000000011001010000101011011011000000110000011111011010000001010111000001111101101110010101111100000111111110101111
11111101101011011011111111101111111011011110111110101101101101111011111101110011111110101011011011111110100111010111111111111100010101111100110001100011000000011001110110110100000101
10000000000000001010101010101010001111110100000000111111001111000001111101011111100010000011000010101010001100000000101101011111000100110101111101110111111101001100111100000110101101
11111101111010100000000010000011101101000111111011110000011000010100000000001101001000101001111000100000111110101110001100000000010101100000110100010011000001111101101110111100101001
10100001000010111101111000101000101001010011100010000101111111110110111101100101101111111101011110001111110111111111101111111011110101111110100111000111111100101000001010011001111101
10111101011011110001000011111010001101111000001010101101100000000011110000110000001000000000000100101000010011011010001010110011100101011000101101110101100110101011111010111011011101
10101101111011011111111010000010100101100010101010111111111110101011010110100101011011110101010001111111000110000000100000011110110100001110101000010101110010101000111010110010001001
10101111101010011100011111010111110000111010101010111000000011111110000110110101111110000101111011010101010000111111111110110100010101111000001101000001011000000011100000011010101011
10000110001111000111000101111101000110000010101111101111111011010100110010111111000100101111100011000001111101111111010000110111000001101111100101011101001111101000110101110011100001
11110111101101101101010001101000011111101011111101000110000000000001111011101010010001101000001011011101101111000000000110110110011101100101001111111001101100001110011100011001001101
10010101001101000000011101100010110000001111100000011100110101101101011110000000111111001111101111110101100000011111101100000000111000001101100110101101101111100111110001011100011001
11010101101101110101010000001010011110101000111111011001111101001001000111101111100011111000111000100000111111111111111111011010100011101101001110101001000110110011011101110001111111
10000000100101111111111111011011001111101101100011010011000001101101010000111111111001111110011110111110110100000000000000011110110110001001100010101101010010111000001000111011001011
11111110101101010000110100001111111011001000111010000111101100111111111010000000101011001010110000101010100001110101010101110111111111101101110110101001111000101011111011101011011001
11110000001001011110000111101101000010011110000000110110000110111001101111111110000011101000011110100000001101000111111111000001011101000001010100000011111110000001011010100000001101
10011111100011001011110110111101101000110111011110110100111100100011000000000011111001101101111100001011011111111110100111111100010000011100000110111110011011110111001010101101100101
11010110001001011010100000011000111101100101111000110111100111111011110111101000000011000000110111101011110110110000001100000111011011011101010000000011001001000001101000000100110001
10010011111100001010111110110011110111110100100011111111110001000001111111111101111010011110000000001010000010011110101111101111011110010001011110101111101101101111000011011110111111
11000110110001101010110010000111010000000110001110011000011101111100000000111111000000110000111011011010111011010111100000000100000111111101110000111010000000000001101001111111101011
11110110011101100000011000110010011111110111111111011101111100111111110101101011101101111101100011011010100000000011111010110111110001101001111110110011111111110111101111110101001001
10110011000111111110111101110110110000100001110000000000110001100000111101000001111111100000110111010010101111111010001111100000000100101101000000010111100111100011000011010001011011
10010110010100101100110001000010011110111101011111011101110100111110101001111101010110111111100101111111111111010011011101111111101110000111111111000010110100001111101110000111000001
11000100111110000110011111111010110000010001010000010001011101100000001101100001010100001100001100011101010000011000001000000101111111010010110111110110110111100011000110111101011101
11110110101011110110111010110000011101011101011111111100011000111110111001111100000111101101011110110101011011001111101111110000010110011000000000000000110110001110011110011100000111
10100000001010000100110000000110110111010101011001101110111110101110011100010101010011101111111010100001001111100011101110000111000111111101111111111101100011101011001010110101111111
10111011100011110110011111111100110110000001010011000000010110101011010101000111011000001010101010111011011110110110000011111111110101111111101011111100110110101001011010010100000001
10011111111010100011001100101110110011110100011001010101000000000000000111110000011101101010100010101011011000000000101001000000110101011010100000000001100100001011011010110101011101
10110000001010110111100110000000110110110111011011111111111110111111110010000111010111000010101010100001011111111011111100011110000000000000111110101100110111101000000000000001000101
10011101100000000010101111101110010110010100001001101010000000110110111011101100010011101000111010111100001010000011010111111011111111111110011000111110000110000010101010110111111111
11010101111111111010100011111111000110111111100011101010110101100000000000000111111000111110010000001110111011111110000000000000111110101111001110100011110011011111101010010010111011
10000111001101011010101110100000010000011011111001001011111111001010101111111101101110000111000110100110111011011100111111111110000000000011101000101000111001000000101010111000000001
11110110011000000000001010111101011110110000001101101011001011101111111011010001001111110001111111101100000011010111101101101111010101011000000010111110001100011101101010110010111111
10000010110011101111101010010111111100111111101101001001100000001001010000011100011011011101000010000111111011010101000000000000011111011101101110100000100111000100101010010110000001
11111000000110001000001011000111110001101101001001101011111101011100000101010111001010000001111011110100000000010101011111111011111011110111001100111101110000011111111010110011011111
10101110101111111110100011110101011100001001101101101000111101111110101101000001100000101100000000000111111111000001111000000011110000000111101110110111100101000011001011111111111111
10000100100011110110111000100000010111101100101001001011100111101011111101010101101111111111111110110000000000011101101111101010000101010000000111100000001101011001011111101000000001
10110001111010000000110010001011000000000110001101101001101110000010000001010100001111010111100000111010111101010000000000001010101111111111101101001101101101001100000110000010111111
10110100001111010101111110101001111111101100100000000011001010101000101101111110101001000000001110011111111111111110111010101011101010000000001000011001001101101111111100110111101011
10110101101111111111001100111011000000001111110111011011101011111111111101001011111101111111011110110100000010000000110011111111111011011111111101001101101101000000000110011101101001
10010100111011001011100001111111111111100000000110010001001011010111010111100000000000010000010000110001111000101010011010010110100001111111110101011001001111010101011110111000000011
10111101100011100000111101100101000010101101011100111101100011000001010010101101011011000101011010110111000010101010110011000000111101100000000001011111100110011111000100000011010111
10011101001000111101101101110001111000001001110001100000001111111101010110111111111111010101001111111111101110101010111011111010000000001111101011110000001111000110010001011111111101
11010111101010000000000001000100010010101101000101110101101101000000000110010110100001110101011101101000001111111111101110000011010101011000001011000110101011101110111011000000101101
11110011001111111110110111101111000111101001101100111111000101111101010000110110111100111111110000100010101011111101101111101011011101001101011001101110111010000010001001010110000101
10110111111101000000011111111011110110001101111001101111110101100111110110000000010110101010111110111111111010101000000011001111010001011111010011001100110000110110101011111110101101
10000011011000010110110001010000000100101111011101000101100000101100100100111011010000101010101110101111100000001111111010011101111101010111111001111001111010100011111000000010100001
11101001001110111100111101011110101101111011000111110101001010000110001110100010000110001010001000000010111111011100111011111000100001110100000011000011100011101000001101110111101101
11001101011011101111100001011011111111011001101100000101011111010000111000101011010011100011100010111000000000000001100000000010001101100001010111101010111001101101011000010100000111
10011000000001000101111101010001011010001100000111110001111001011011111110111111011010001000001111101111101011011100111101101011101100111111111110001110111011001001001101111111101111
10111011101101110100100001011100000000101111110101010101101101001110000111110000011111101110101000000000001001111110000000111110001110111110101000101100000011101101100100001011000001
10100010001000110110111100011111011101100000000000011100001001011110110001011010110000000110111101101101101011110000101011110111100110100000000011101001011001101101101111100001010101
11111111011110000010100111010011110001001011011101000001101011111000011100000011111101101110001111101101101110000111101111000000001111101111110111001011001100101001001011101111111101
11100001110000101000001101011010100101011111111101110101000001101101111110111001100001001100111000001101001110111111001001111010100011101000000110011011011001111101100000100000011101
10111100111111111101100000000000001111110101100001100111111101101111010111110011001011101101110011101001111000111101111100000010101010001110110011010011010011010001101101111111000111
10101101101100000001001010110111011010100000001011110100000000001010000000000111101011000111000111111111000010100000010110101010101011011000011111011001110111000100101000111111110001
10000000001001101111101010110001010000001010101110110111111111101000111011011110111011010111111100010111110110111011000000101010101011001110110000001101100001101101111010000000110101
11010111100011001000101110100101111111111111111110110110110000000010110011010000000001110100000001000000000011111010011010101110101011011000110101011101001101101101000011010110011111
10010100001011011110001100101111100000000000000000011100000101011010011001111111110100010110101101101101010110001111010010111000111010011010100111011001011001101001010110010011001011
10110101011011001111100110101010111111011110110101001001101111001110111011100000000101011111111111001001010011100000010110011110001111001110101100001101110011001101110011011001100001
10111111111111111000001100101000000000011110110111100011101011011100001010111011101111001100000000011101010110001011010011110111011000011100101111011000011001100111100111111100101101
10011010110110101111011111101111111101010000011110110110001000000110101010000010001100011111110111011001010100101010011010000000011011110001111000001101010011111111001100010110101101
11110000000100000000000001101100000001111111110000000111011101101100101111110111011110110000000100011011111111101110110011101011001111100100110011011101011010110001100001110110100101
11111111110111101101010111001101011111110000011111110100001101000101101100010110011000011111101111010010100000000110111010001011011000001110111010011001011000011100001100000110110101
10011110100000001001010011111111111111011111010101100101011101101101001001010011001110111101001000010110110101110110011111101110001110101000101011001011010010110001011110110110111101
11000000001011111011010110110110110001011100000001001111010111001111111111000110011000110000011110111100000101100111010000000111011000101101100010011001111011111111001010011110001101
10011010101110000001110100000000000100010111111100011000010110011010110110011111001110111110110000011111010111110011011111101100010010111111110111001011000011101111100010111000101101
10110011111111010100110110110101111111000000000001111110110100110000000000111101011000011000011110110111010110011001110000000111011010100000000110011001110110101000101010001101111001
10011010010000010110111111111111011011111111111101100000100001111011010111100000001110111101110000100000010011011100011101011100011010110111110110110011011100000010001110101100011101
11111111000110111111101011011100000000000101110001001010111101100010010100001110101100110111111110111101011111010111111001110001010011111111100010010110010001010110100111101110110001
11101000010100110011101010000111111111110000000111111011100000111010111111011100100110110000000000110001011000010110000011100101111001100000001010110111000101110110110000100110111101
10101111010110111000100011110101110001111010101100010000110101100010100000010001101100100111011110111011111111000000101000110101000011111111011011110100010101000100110110111100000101
10001100011111100010111000100000011011001011100111000111111100111111111010110101101101101101001100100010100000011010101111110111101001100000010001011101010101010101110111111110110111
11101001011000001010000010001011001011100011111111110110000001100001000011100100101101111101011101111110111011001011111111100110101011111110111011011001010101010101100000000110110001
10000011111101101110101110101111100000001010011000000011111111111101101011110110100111000000000101000000000011101110000000001100001011000000110000001101111111110111001011111111100101
10101000001111111100101000100110110101011011000010101110111010000000001010000111111111111010101111111110111110000010101110111110111010011010111010111001101010100001101000000011001101
10111101101010110001101011101100000101110010011111111010101011111101011011010011100000100010100110111111100000110111101000000111100010111110100010111101100000110111001110101001100101
11111000111010100100111010000111010100010111111101111000000000000001010010011000111110001010101100000000001101100101111011111101110110001111110111100000111010110011011100101011101111
10000010011000001110011111101111111111111110110000101101010111110101111011011010111000101010100101010111100111001100000001100001000110111000010101110101100010000110000101101010000011
11110110111110100111110110001001001010011100011110000001111111110111100011001011100010101011111111011100001100011111110101111100010110001111000000110111111110101111101101101110101001
10000100101011111100000000111101101000110111001111111011001100000011001011011111001010101010011010001101100101110100000100110001010011011111101111110111000000100011000101100110101101
11101101100011010001101010100000100010110110011011000001100001010111101011110101111010111111000000100111001101100001010111111101011011010000000001100101110110101011101101101110100111
10001101101001011111111111111010001010000111000001111101111011010011001010000000111111111101111110101111100111001101010100000001011011111011010111001101010100101001101100100011110001
11111100101100000111010100111111011111010001110100010000110011010111101011101110000101101000101000111000001110011101011110110101011010001111010001111100000110111011000110101000111111
11010111111111101100000001101111111111111100000101000101111111010010111111111110110000000010000010110010100011010001011000100111011011100000010111110001101100011111110110101010011111
10000011011011101111111101101010101010000001010101101101100000011010110000000000111010101011101011111010101001111111010010101100011011110110110011011011000111000010111100101011000001
11111011000000000101111000000010001011111011010101111001001101011000111111111010011010101011001011010011101101101111011011111111001010000100110110001001101100011000000111111001010101
11010011111111110000000010101000100000000001111111010011011001001101100110000011011110111011101110000111101111001001110010010000011111110101110110100011000110111110111111100011011101
10011010111100011111101010111101101111110111101010000111011101111111110100110111110100100010001000101100000001100011100111000101011001000101100111110111101100001100000000110110001101
11000000000111001010111111110001111100000100000000101100010000001100000001111110000001101010101101101001010111101001001101101101001100010111001100000110001101011110101010011111101101
11111111011101100000010101011111010001101110111110111110111101111001111100011000101111101111111111111011010110001100011000001001111111011110011110101100100111011000101111001011001101
10000100001000001011000000000010000101000110100000011010110000011111000001110011101110000011100000010011010110100111111111101100001100011100110000100110101111011010100011100011011101
11110001100010101111101010111000101111111100110110111000110101001100010101000111111010110110111101000110011111111110101110001110111001110101111010111100100001010010101000110110000101
11100101101010111000001111100010111100010101110100110010010111101001010101110110111000011110101101110111111000000000000000101000101111100000110011100001101011010110101111100011101111
10001101101110100011100011110111110111000000010110011010110000111101010111000110000010110000000001000000001111101111010110101010101010110110011011111011001110011100100001101001100111
10101111111000101111101110000100000000010110111100110010011101100001110100011111011010100111111111010101111000001000010110111010100000000011001010000011101111111101101101101100110001
10101000000010111100001110110101011101010100011001111110111100110100111101010000010010110100000110010100001110111110110111100011111011101001011011011001100010110001100100111101111011
10101101101111110001011000100111111111110101010011000000000110110111100001011011010111111111110000110101111111100000010101111111100001101011011110010011101000011101001101110100011011
10111101111101000101110010110011000110000101111001110101010011100110001101111010011101101010100110110100111011111101111101011110001011101001010000111000101011001101101100000101011001
10100001000000010101000111110110010000110100001101000101011000110111101101100011001100000000001100011110100010110111011001000011111011001011011010100011101001101100101101011101001011
10110101101110110111110100000011011011110101111001010101001101100100001100111010011001010101101001001100111000100011011101111000000001011001111111111000111111001110101001001101101001
10100111111000111110100111101110011110000100011011010101100100110111101001100011001111110101111011100110111110101111010001101010101101011011101001000010000001100110101011101100101101
10110110010010011010111111101100110000101101111011010100110101100100001101001011111010100100111011001111100100000101010100000010101001110000001100010111010100110111101111101101111101
10110111000111010010110000000111111101101100101010010101110101101110101101101110000000001111100001111001110110110000000110111010111100011011011001010011010101100011100011001100000101
10110100010011111000000101011100000001000110001111011111100101111000101101001000110111101100001011111101000111111011010110111010110001110011001011111011011100101010001001100101101101
10111101110110101111110101011001101101101111011001110000001101000010111001111101110111111111101011001001110011000011011100100010110100011001101010000011111001111011011011001111000111
11101111000100000000000101001101001001101101001101111111011111110111110011100001100100000000001001101101111011110110011111111010111110111100101011111000001100111110001001101011110001
20000011111111111110101101011111111011000101111000000000010100000110011110111011001111111101011101000001000010000100110100000010011010110101101010000011100110000011011011000000110111
10101000000000000000101101011010100010010000001111111101000101011111011100011110011000000001000111101100011000110101110001011010110000110001001111101000110100111111011011010110110001
11111110101101011010100111110000001011111011111100000001011111011100010110110100110011111111010010111111111110111101000101110010011110010101100110001011111110000001111011110011100101
10010100101001111010110110000101011111000000000110111011001010010111000000000001100110000000010110100011101000011001010111000111001100111101001111011000001100110111101110110111101101
11000001101011101110011111111111011000010111010100100001111011010001110110101011001100110111011100111000000011001101110100010101011110000111101100010011111110010000001100000000101001
10011101111111000111110000000000001111010001011111111011000001111011000100111010011110100100001110111111110111101101100101010100000111011110100110111011110111011101100101101101111101
11111100110000010000000110111011011000010111010000000010010100101010010110110010110000111110111010000000000000111111110101011110110011001100001110100000000001011000101111101111010111
11100001111111011011010011100011111101110011110101111110111110000000110110100111111011110000100000101010110111110011010101000011111110011001011100110101010101111010100110000001000001
10001101101000011010010110001010000000111000010111000000100011010110110011111100011111100101111010101110100000011000000101101010000000111101000101111101010100110010101111101111011111
11011001100011011011011111111111111011101101111111111010101001111110111010011101110110111111000011111000101011111111110111001010111010011001101111011001010101111011100110000000000001
10010011110110001111000101000000000001100000001001110011101100101000001111000101100000000000011111011110101000110000000011101110110011011100111000000011110111011000110110101101111111
10110110000100101000011101111111111011110101011011000111000110000010101101110100001110111010110000001100101010110101010110101100011001010001110010101000110000011010110010101000000001
10011111010110111011001100110101000011110101110000010110011111010110101000000111111000110011111111100001101010010101111110001111011011010100011010101010011101110010110111101010110101
10111101111110100011100110000000011001100100010101010011011111110111111101010000000011111111011110001011001011010111101100101000011111011110111010101011011111010110100011001010010111
10100000000000110110001111111101001100110101111111010110000110000100110111011010101010010000000000101011011011011100000001101011000101111011110010111011000011011111101011111010110011
11101101011010011111111010000001101101110100101010011111011111010101100000011010101011000111010101101001011111000111111100101110010001100000000110110011101000001011111010000010111001
10001101111110111100000000101111001100010110100000110000011001011100111101011010101111110111110111101101010100011111110001100011010101001011010110100110001010100000011111110110011011
11011001100000100001111111111111011001011111110101111011001101111110101001001110101100000100000110001101110001011000000101110110010101111011010011110011011011101101010011000111011001
11111011111011111011111111010000001101000110000111101110011000110010000011011000111001011101010110101001111101001111010100010011010101111011011001100110010000100101110110010011111111
10000011011111000010000000000110101001010111010110001000111110011000101001111110100011011001011110111111010001111000010101111011010101000010001100110011011010101100000010111000000111
10101010001101111111010101101111101101111100010111100011100111011101111100011000111110001101011000001100000111000011010100111110011111010110100111111001010010101001101011100011010001
11111111101000000000010101001100001101101101111101111111110100010000000110110011111111011101111110100110110100011011010110010111011011110111101100000011111010111100111011110111111011
11010100000011010101010111111111111000000101101101011100100001000101011100111111000000010001100000101100100101011010010111000011010000110101111111011000101010001110001110000000011011
10000001111111111111111110110011100011011111000101010110111111101101000101101000010101011011111010101110110101011011011101101011010110000000011000011010001010100010101000101010110001
10101011111110101100000000000110111011000110010001010100011110100111101111000011010101011111011011101000100101001111011000001110011111010101111101010010111111110111101010101010011101
11111110000000000111111111110000000001101100110100000001000000001100000110010111010111110000000000101101110101100110001110100111011011110100000101011010010101000101101011101010111101
11010111110111110110111100000101010101001111100111010101011010100110101100111100010100000101010110111001010111101100100010110001010010110101101111110011000001101100111001101110110001
10000000011100000000000001010111010101111011111100010101110010101100111111111111010111110111010010100011000110001001101111111011011000000111111001110110011011000001100011001111111011
11101011001111010101111101111100010101100000000001010111110111101101110111010000010100000111010111111111101111011011000000111111111101110111000011000111011001101011111111100011100001
10001111100000010111000000110001011101111111010101010100000101101111010100000110111110101100010001010110100110001011011010010101110001000000011001111100001011111011011000001000111011
11101000001010111110011010011011000111000000011101011110110100001011010111111111101000111101010111000000001111011111011011110000000101101111001111111110111001100000001101011011101001
10001101011110110000111110110010011110010111010001001100111110111000000011111101000011100001010011110101101011110000001000011101110101000011011101000000011111110101101101010000001111
10100111110111111101101110010111011000110100010101011001100000110010101000000000011001111011011001111101100000110110101011010001100101010110010101110111000111000111000101110101100001
10110100000000001101101010111100010010111101010111001111110110110111111101010110110011010001110011000000110101100110101001111011001101010010110000000110010001110001101101000100110111
10111110101111100001101000011110111111101001011100011010111100011101010101010011111010000100011001111101100100101100101011100011101101111010100101101111011100110111000101110101100001
10101011111110111101100010110000011101000011011001011000011110110000000001110111101111010110111101100001001110111001101000110110001000011010101101001100001101100111101111000100110111
10100000000000000001101010110111110000011001011111011101000000011111010100111110100101110110001100110101101000011111001011111111011010110011101111100111011100110000101100010101100001
11110101101010110100101110011110011110110011110000010001111011010000011111101010110100000110101101100111111011001011101110101000001111100111100011001111011001111011111111011100110111
11111111001110100111100110111011011000011001111010110101000011111111011000000000000001011100100101111111011001100001101100000010100110001100001010011000001100011001100000000110010001
10101000011000110000110110100010000011001100011110100101101010100000001111010110111101001110101100011100000011001111001110101010110111011111011011011010100101011011111101011100110101
10000011011010111010110011111000101001101001110000101101111110101111011000011110100001100110100101010001011001101110011010101010110100000110001010011110110111011000110001000110010101
10101010001111101011111110000010111011001100011110111001000100001000011111010000110111001111101111111101111011000011010000111011100101010110101111110110110001010011100101110100110101
11111111111110000011101111101010100001101101011000110011110001011111010000010101110110011010001011110000110011010111111010100001101101110110111001110100011011011000110100011101100101
10000000000000101010000011101111110100111001111111111010000101010000010111010111000011000011100001011101111011111100000010110111001111110100111101010001110001010010011101001100101101
11010110101101111011110110001100011110111111110111011111110101011010110100010111111011010110001011000001100000001111101110110001100011000111101000000100011101111011111001101101111001
11110110101000111110000000101001000000001100000000010100000101110010011110110100000011010010101001101100110110111010000110011101101010010110000010101101011001100000001100101001011111
11111110101101100000101101101011010110100111101011000111110101100110110000010110101110011110101011001101110110000011110011111101111111010110110110101101110011110101101101111100001111
11000000100111111101100111101110010011110011001111110100000111110011111101010100101111011111111001100111100110110110000111100000000001111111100110100111110110000101000100010110100001
10011011101100000001101100000011011010000111101110110001010011000111010101011110111000000001100011001100001100010011010110001010101111001011110100101100000011101111010101000111110111
11011110001111010101001101010110010011110110001000000101110110010110000001110000110011010111110111100111111101110111110011011010100001100000000110100101010110001011110111011101100001
10010000101000010101100111011111011011000111011111101100110110110011111100011110110111110000011110101100000000010100000111110010101111001010101100101111010110100000110011000000110101
11010110111101010101001100011000011010010011111100001101110111100110000001011000100110000101110000000111101010110111110001111010100011111110101110111010010100110101110111010101100111
11010100110001111111101111001101011111110110101001011111010011110011010101011111101111101101111111101100101010111100000111000011101001110100101000000011010101110111000101110111110001
10010110111011001010111001011101010000000110000011111011000110010110010101010110001100000101001000000110001010001110110110010110001101010110111101101110011101100011110000010011000111
11011100001011101010111100010001011010110011010110101000010011000011011101010000100110101111100010111111101110111011100011010011011001000000100001101111011001101000011010110110010001
10010001011110000000000001011101110010111110010100000010110111101010011111111101101100100110111110011100001100100011001011110110011011101010110101100001111011001010110010010011010101
10110101001100101011011011010001111010011000111101111010100110001111010010100001101101110000110000110101100110001011101000110011111110001010011101001011000011011010110111111011010101
11100101100111101010011011111101000010110010011111110010101111100101111000001100111001000110011010110111101100111110001101111011000100101110110001011001110111110010100101101110011101
11001111101101111111011001101111101011111010110000000110100110001100000010101101100011011110110010100011001110000110100100110001110110101000111101110011000110100111110000100011001101
10011010001000000000011011000011001010000010100101010011101100101101111010100111101010000010011011101000011000111111110111111111000000111010100000011110010010111101000110001011011001
10110000101101011011001001101000011010101010110101010110000110101101000010101100001010101011011011001101010010000110000001100000010101100010101011000011011000110000010100101011001101
11111111111111111111111111111111111111111111111111111111111111111111111111111111111111111111111111111111111111111111111111111111111111111111111111111111111111111111111111111111111111
