111111111111111111111111111111111111111111111111111111111111111111111111111111111111111111111111111111111111111111111111111111111111111111111111111111111111111111111111111111121111111
110101100000001011000101011000101010110110100001001100001011000000110101010100010110000101000101100001101100011010110101100101011011011001000101100100101001101101010010101010001000101
100100111111100011010000001110000010110100111100011101111001111010010101000111010000111101101100111011000110110010110101110101010001001100011100110001101011100101010110100000100011101
110001101010001001110101111000111010110110100001011001011011001111000101110010011011100101001101101001110110011000110101000000000100011001111101111101100010101101000000001011101110101
100111000011111101100111101111110010100000001101001101010001101101110000111011000000110101100001101101100110111101100000011111111111111100100100011000110110000001011110101000111110101
101111111010110000110010101011011010111010101111100101000111001000000110000011111101100101101111001100110100011000111111000111000110001101101101111110000011101111010111111011110000001
101101011000111110010110101011000000001111100001110001110001101111111111011010101001110101101101011110110101111101110101011100011111101100001000010011011110101101010101011111100101111
100101001110011011000110100001111110111001001111011100110111100011111011110000001100110101100100001100110001111001100000001111011011000110111011110110000000001101010101000100111100101
110101011000110011110110101111100000011101111101011110110010111000000010111011100110110000110101111110110111010011111011111011011011011110000001010110111111111100000000010101101001101
100001010010011010110110100110111111000000110100000000000110100011011000001111110100100111100000011000110001010111000000110011010001011100111011010110001011110101111111111101001011101
110100011111001010010010101110010011101110100111101101010110111011010011011110110110101100110111111110000111010101111110011011011100000101111110000110111010010100000000001100011010101
100111010101101011011010101011011010111110110100101001010000001111111110000000000000000110110111001000111101000001101000110010001101111101001100111100011010110101101110111001000000101
101110000000000001010010101001010010111000100110101111111111011101001100111111111111110000000001101110101101101111001010010110111100110001011110101001110010010000100111101111011101101
111100101011111101011000001011011010101110001100111011101111011001100001101011001100010111010111001100000101101101101111010010010110000101000110101011010110110111110011000110000101001
110111111010000000011101111011011010001100100110011001000000011011001011100011100111000111111111011110110001101101101100000110110010111111011100101000000000000000011111110011011111101
100101011111110111010101011000010011011111110100111101111111011011111110001010110001110000011001001100011111001100000101111100011000011110001110100011101101101011110010110110010110101
110001010101011100000001011111011011010111000001100001001100011000111000111000000111010111111101011111001101011101010100011101110011110100100110001000111111111011011010100111000010101
111100010001000001010101001110011001010101110111111100011001011101101111110011110000000000110100001000011000000111110101110100011001010001111111011101100111111010010010101101011110001
100001011101111111111101011011001101010101010100101111010011000101000011010111110111110110100111101111011101111100100000110001111100010111010100000100110001101111010110001100000110111
110111001101100000000000001010011000010101010001101011011011110101111000000100010110010111110110000011000100001110111110110111010101000000000001111111111011000110000011101001101100001
111111100000111101011111101011011111010101010111000000001010000000011011111111011111000001100111111011011101111010001110110001010101110101011011111010110000010000111010000011111110111
100001001110000111110110000010001011010000000011111111011111011110111110111010001101110111001101100000000101110011011000010111000000011101110011001010110110110101111111111000110100101
111101111111110110100011011011101010011101111001001101001101111000001100000000100101000001101100111111011101011001001010110101111011111111111111100000000010011111100101011011100110101
301001010000000000111011111011101011001111100011011000011000100010100110111111110001110111100110110000011000001100011110110100110000100010001111101111110111111010110101011011101100001
101101011011010110001010110010101011100110111011011111011110111111110111111011011101100101001100011011011011111111001100110001111011101110111011000000011101101010010000000000000001011
101000001011111111100010111010101010110110110001010011010110011100000000000000000000110101100110111110001001101010011001110111110000101000011011010111111101100000110111111010111111001
101101111110101011111000000000000000000110011011010110010010110111101101111101111110000101101100110000101011100011011011100010100111101011110011011110100101101101110000011010000001101
100001011000000000000011110101010101101100111011000011000110100101111111100111110111110101100110011110101000110110011011001110110000000000011001001010001101101111010111110010101111111
111100001111111011101011000101010101000110101000011111010010110000010110001110000000000101001100110111100011110110110000011110000111111111111100011000111000100011010000011010101100011
100001100110100010001011010101010111110000101111010101111010111111010011011011111101010000011110000011001111010100011011111011110000000001011001111011101010001110000111111111100001001
111100110000001111101001111111111100000110001101010101101000101000000110011000001101111010110110111111101100000001110001101010110111111111001101001001101011111000101110001101111011111
101001100101011000001011000010101111110011100101010101101011101011110111001111100111101110100110010101101111111011111011001010110001110101011100011011001001101011111100111000111000111
100011110101011111111111111000000110000110110101010101100001101111000100011001001110101100001100110100001011010010011000011010110111000101010101111000011011101011010110100010001111101
110110011101010010000001100011101111111100000000010101111011001101110001001101011010000110100110000110100011000110110011111000110110011101010001101011111000000000000000001111100111001
100011000001111011110111001010000000001110101011000001011011011001011011100001011011101100111100101111110111110010011000101010110100111000000101100000000010111111111010100000111101011
111011101011001001010000011010101011100000111110011101011010011100011010001100010001001110011001111011010101011010110011101110000001101011111111101101010110000110101110110111111101001
100001111111101100000101001110101110001111111111010000000000110001111111111111011101101010110011011010010101011000110111001100111100001011100011001111111111110000000111110011100101011
110111010101100001101111111100111000101000001011010101101010110100110100000010000000000000011010011011010101001011110001100110001111111010101111101010111101011011010000011000110100001
111100000001101011001100000001111110111111100011011111111110011110110111111011111111111101110000111011000001101011000111110110111011010000001011000000010101011111110101011101110110111
101110111100001001011111011111100000110101111010011000010110111000010100000000000000010101010111110001111101101001110001010110000001000111111000011011000000000100011111110111010100001
100000110001101101010000011100111111100000000000110011000000101110110110111110111111000001000011011011011001101011000111000000110100010001011011111111101010110001111010100011000001011
101010011101000101111101110110101100001011010111111111111110101100110111111110100000010100011110011000001101001011101101101011110101111101001010000101111110010100001000001111011111111
101110110111010101110001100000000001111111111111001101010000000110010101000000111111111111001100111111101100011001000101111011011111101111011000111101010111111110100010111001010100001
111111100000010111011111111111111111000000000000011000011111110100110101111011101000101011011001111101100110110011011100110000001010100010000011101101010011011011110111101100000001111
100000001111010110000010001000000000010111111011001111010111000110110001100010000010000000001100011001110110010110000101100111111010001110111111100101010110010011011101001101110100001
111101101111010100101000100010101011011111111111101000000000010010110111111011010111111101101101110011010100110111110100110010001000111010000110101101000010110110000100011000010101011
111111001000011101111111101111111111010000001110100011010101011000000011001111110011000001000000010110010110010011000001110110111011100000110000000100011110010000111101111101111111111
100011111101001100110111111101010101011111011010001010010111010010111001100110100110011111011110110111000111010111110111000000111001001011110101010001000010110111100000011000000110101
101000110001011001100000110000000000001111000000101111010110011011111101001100111111110000011100100101101100000000110101011111101011011000011111011011101000000000110111111011111100001
101110000101010011111110000101110110101000011011101100010011001110000101011110110001100110110110110100001110111111100000000000000000001101001001001110111101011110000000001011110001101
101000110111111110111011111111000110111101110011001110111001101000110000010110011100111110100000000111101010101010110110110101011011111001101011111110000101000011010110100000010111111
111110100001100100000000000000010111100111000110011000101111111111110110110111011001101011111101010101101010100010010110011101111000001111000001101010110111010110011100110101000000011
110100101011110001111111011011010011110111111111001111100100110101011110110011011101001001000001010001000010101110110011111100001010100001010101000000111111111111111110110101101111001
100001101110111111000000011011010110000100000000011011110101100000001000000110000001101101111011111101111000000000000111100101011010111111111111011111101000111010010111111100101111111
101101101000101011111011011011111111110111111011111000000001111111100011110100101100000001100010101000101110111101111100001101001010000000101011010101000010010000110001011101100000001
101000101110000000001111011001100011100000101110000010101100000001111111110001101111111011111110000010001100001111011101111111111111101101101000000000011111000110100111010111111111011
111011111111101011100100001101111000001010000011111111111111110100000000000101111011100001000111111111101001100010000000011010100101111111000010101101001011111111101110000000010101111
100011011010001111110101100111000010101110110111000101010000000111011101110100110000111101110011101101000011111110111111110010001100000111101111101111100000011101100000110111110000101
110110000000111110000000111111111111101111110101110101011111110100011001000110111110110101000110101000011000000000110010110110111001101101100001100000110111110101001011111100000101101
111111101111110011101010110101100101111000000101010101010000111111001111111111101010100001110110000010111011101101110110000000011101111001001011001011110111000000011110101001111111101
101101111011011010111010100000110001010011110001000000000110000001111010111101101000111101010100111011100000101100000000101011001000010011011111111001100000011011001110101011001010001
100000110010000010000011111110110100011010000101101011010111010100110000000101000010001000000001111000110101101101101010101011100011110111000101111111110101001111100000000011011000111
111101111000111000101001101100111111001111101100001010010100010110000110110001111110100010111101000011110100100101101011101000101110110101011100000000111111111101001011111000000011101
110001101111111101101111101110101111101111111111101011111101010011010110110100001111110111110001010110000101101100101000101101100000000000000001111111101010000001011000111010111000001
100100000001001101101000001000000100001010100000001110101001111111111110111111100001011101100111010111101101111001101101111111101111111010111101000111100000110111111010001110001101011
111110111101101111111111101111110111101010001111011100000011101101110000100000001100000000001100010010111100001100101000110111000000011110000111010000001111100001101110111111101111111
100011111000000111110001001010000000000011111000010001101010000000000101110110100110110110100111111000011001111110111110010101110101010110110011011111100000111111000010000000100000001
111011000010110001100101100011111111010111011111111100111110110111010111011111111110011100110011000010111100000110110011000000111101000011111001000100101011100010011011011010101010101
101011111011110100001100111010101011110000000011100111110000011101111111011010000000110001100111101010001101011110000111010110011111010111001100011101111000001000110001111111101011101
100001010010000111111110000000000000111111111010110111011111110000000000000010101011111101001111111010100111000011110001110011000001010000011001000000001101101101100111110000111000111
110100000111011111011010111111111110011011100000000000001011011111111111110111111111000001100011000010101111111111111100010111101111110110111111010110100101100111111100000111111111111
100110110101110000010011101011000011001010111111110111101000000100000000000101010100010100110111110110100000000000000110110110100000110010011000011110101100111111001001111101101100001
101111111101111111011001100001101001100000001101011110000010110001111101010000000001010101100001110110101010110101111111110100001101100111001110111011111001110001101011000101000001111
111001100000000000011101001100001100001101100000001011110111111011001111011010111101010101001111000100101010111100111000011111100111110101011110000001011100000100000000010000011100001
111100001111111111010100011110101111011001110101100000000011100010011010011111100001110111101011101110101111101110000011001011001110111101110011110100000110110101010101010101111101111
100001101000001110000001001100111011011101011111110111111110101111001011010100001100110100111010000110100001100000111001100001100000000000111011100101111100010101010101111100000100111
111111101010100000111011011111100000001101001011011110101100111101100000010001111101100110000000101100110101101110001111110101001010111110000000111111110101111111110111101111011111101
101010111111111110100011011000001101111111100000011010001110010000001011010101100000111111110101101001111101101100100001011111101010001111111011111010000100011110110000000001001011101
100000111101010000110111111110111111101010111011000000101011011011101010010111101101101101000101101100011001101101101111000111111110100001100000000000111111000100011010111111100000001
111110101000000110100100110100100000000000011111101101100010011111101011111110001001100000010101001101001101101001101101011101011000110100110101101011110111111101111110000111110111111
100000000011110110111110010110111111111111010110001111111000110000001111110000101011111111010111011001101101101100100000000100001110110101110100101000000000000001101111111101011110111
110111011111111111111011010010100000001110000000101000000010011110101100011010101010000000010001111011001001100110110101010001011111110101000101101101101111101101000011111101011000001
111101111100000000000011010111111010100000110110111101111111000000101101001111111111111110110111100001101011001100010101011111000000010101101100111001100001100100011000000100000010101
101000000001010101111000000001101111110110110100111001000101101110111111101101010100000000010011001011001001100110110101000001101011010101100110001101101011001110111101010001111111101
100011011111111111011101011100000101010100010111101111010000001000000110000000000001011010111011011001101111101110110111010111111111111111110110101101001001100110101001011101010111111
111111111110101100000111111001110100000101010110000000011011011010101100110110101011010010110001110011000011001000010001010000010000001010111111100101011100110010001101011000000010111
101110100000000111110010100011000001101111010100101111011011010010100110100100101111010110111011111001101001101011011101111111000110101010101000101111001111100110111111111010111110001
100000001010110011011000001001111011000110011111111000011011111011111111110110101100011100001110011011001011001010011100000001101111100000000011100111111000111100000000001010000010111
111010101110110110000010111011000001101111110000000011001110001000110101011100101101010001011111010001101001101011000110110101100000101101011111111101101011101111111010101010101000001
111111101100100000101110110011111011000101111111110110011000100011100000000001111111110101110000000111111011111110010111111111001110101101000000010100000000000101101111111110101010101
100000000101111101101000111000110001110100000011000110111101101111101011111011000100000101000101110011000000110000110000000111100111111001101111000001101101010000000101010010101010101
111111101111011001001110011011100101100111011000010100011001111000111010000001110001010111110101100111101111100110110111010000110000001101000001011011000101010111111100010111101010101
101111111010000011100111011011001100110110011101011110110011010010110011111011000101011100000101001101100000101100110001010101100111111111101111011110010111110000000001110001101010101
100000000000101110111100011001101110110100110001010000011010000110000111110001111101010001010111100101001010101101111011110111110000000111000011010111010010111011110100000100101110111
110111110110111100011001001011101010111101111111011010110011010100101100000101100001011111011111110001101011100111001000010000110101011100011001000011011000001000111111110101111110001
111100010011110111000011011110001000011001000011111010111111111101101001101101111011010000001101010111001000110011100011111111111111000101011011101001110011011111100011011111011011111
101111011001100000010111110110101110111101111000110010011101000000101100101111000011010111011000000001101011100110111000011111011011111111010000101101100110000000001110001011011011011
100111011111001101010011000000111100100111111110000111010000010101111101101011110111111110011101101100111000110110000011000000011000000001010110100111001100101101100000100000001000001
110000000100011001111001010101100001101111000000101100011101010101100000111001110011000000110001100110011010010110101001110111111011110111110010111111111111111100101011101111100011011
111010110111001101000011111101111101001101111110101001011101011111111011111100000111101010100101101100110011010010111101111110110000011101100110000101110011000001101000100000101011011
101011100000011111110110011111010001100000010111111101110001111011000010000111010100111010111100101101110110010110110000000010011011111101111111010001000111110100101010101011101011001
101111111110110000000000110000000101111111000000000000111011000001111010110000010001100011110001101000010011110111111110111010110001110001000011011100010000010110111111101001111111111
100110110010100101010110100101101101000000010110101011101011011100010010110101010100111001100101101010111001110011000000011110010111010111011111111101010111111110000110001100111100011
110110111011111101011100110101000101111110110100101110000001110001000110111101010101100011001101001010011011000110011101000011010101000000000100000101010001101010101100101110101001001
100000000011011001011001111111110111110000100110101000101011111101101111101001010101111011100101111011110001010011111111011111000000011111110001011111011100000011111110100010000011101
111111111001000011011100101010000111011010101100101010111011011111111100000011110111000000110111000000010101011011000000000000011011000000011011000001000101101011111011101110101110101
101110111100011001001110100000101100000010101001101111110001010111010001010110000001111101110011010110110101001111111111011101001001011111110011111011010100101010101011100011100000111
100000000001011101011000111010101111011010101100101000011011000000010101010111011011000001000110010110111101011100000000000111011111000000011000001001111110111000000000111111001101111
101010111011110001001101100010101000011010111111111111011111110101000101010001010001110101101100110100000101110111101110110001000011011010111110111100000110111101101010011101100100001
101011100000111101011000110111111110111010100010111010000000000111010101111011111011000101100110111110110101100000001000010101101110011010000010001101010110001111001011000001101110101
111010001011101001011101100011111000100010101000000000101010101100010111100001101011101100101100100010010100111111101110111111100011011010111111111001010100100111111001010111000011101
111111101001101101000111111110100011110111111111010101101011100111111111001011000001100110111111101000111111100000001100000010110111111110100000001111111111110000001011010111011000101
100100001101000111111100100000110111011101011100010100111111111100000000011001111011110110110100001010000010110110100110101000011110101100001011111110111111010110101111010001110010101
110110101100010001100110111110100110001000001001010111111000000111110101011011000000110100000111101110110110010011101110111011001010000101011000000000010100010011100001111100011010111
110100101001110111110000000000001100100011100011111100101111110110000101110001110101111110101100001110011111000111111000001001100000101101111111111111110001111111001100000101110010011
100001101100010001100111101101100111110110001010001110101011100000101100111011000101100000100111011000111011101100000010101011001101111101100001101100000100000001100111101111111011001
101011000110111111111100001101001111011111011111101000000010110110101001100001110111111110101100011110110001100111010110111001101001110111101111000001111110101011110000100000001011011
111011101100101101100001101001101000011101110110001111111010111100111100101011000001100000101101010000000100101100011100110011101100100000000000010100000111111111011011101101011111011
100010100110000000111100111011001101000000000000100100000000000001110110111011101100101110101101011010101101100101011001111000101110001011101111111111110000001101001011000111000101001
110110001110110110110001100011111111101011110101110001011101011111000000001110001101111000101001011010101101101101010011110011100011011111100000000000111010100000011001101111110101111
100110101100010110010100101010000000001010000100111011010001011000011101111000101100001110111101011010101111100111111001100111111110000110001011011010001110111011001011000000010000001
110110101101011100110110101011010101101111110111100011011111001110111100011011100101111110110001001010100011001100000011110000000011010111011110011110100010110011101111010101010110101
100011101111000111111111111111111111001100000011111110011000011000110001111111001100110000011011101011101110011111111110100101101111010100000011000010110110011000100001111101010111111
101010000011011111011000011110101010011111010110100000111111111101111011000100011101100101001001101110000011001100000000001111100001011101011001011111110011111011110100000111010000001
111010110110000000001011001010100000111011111100001010011000000101000011010001000111001101101111100111101111100110101011100000101101010001001111000000010110000000011110110001110101011
100011110011010101011111100000001010110000101110101111001111010001101001111101010011101111000000111100000000110011101110001011111111110101100001111111011111101101000010011011100101001
111111010110010101000110110111011110010110100010111100011111111011001011100001010110000001101110100001010111100110000011101000000001111101110100000001110001111111101111111000110101011
100000000011010101111100011110011000110100001000110001011000000001101010001011110011101111000111111011010111110111010110001010110100000111000110110100111101010110100001101111100101011
101101101001011111000001000000110010011111111101111011001011101011001011101000110110000110010001010010010000110100010011101110011101011100011100011110011000000000101011000000110101001
111111101101000111101101101010011111011000000000110010011110001001101011001011111110101100110100010111010101100101011110000110111001000111001110111111000011110111111110010111111111011
100010000101010000111001001010110110011010111011100111001100101011111111101000001100101101100101011100010100110101010011101100001111110110011010000101101111111110000011010000100011001
111011010101011111111101111011100011111111111110101100011001111011000110001011011001101101001101111001010101111101011000000110100000111100110011010001100000000000111111110111101110011
100000010101001100000001100011111010110101000000000110111101100010010000101001011011001101101101000011010100000111001101101100101010000110000111111011001011111111110010100000000111111
111010110101101101101111111110000010110101101101010110111100110111011010101011001011101101101101101001010110111100011001101101101110111100110100001010011011000000010110101101010000101
111110010111111111111011010111111000000000001101010100011001111101111010101001101010001101100101001011011110011101011011000101100110000101100001011110110000011111110110000111111101101
100000110000011111000010000010000010101110101101110101011101001101110010101101001010101101101101101011111100110001011001101111001111010101101011000110010101000000000100110010101111101
111010110101001101111000111011101010101000111101000101010111100000000110100101101110101101100111001001100001111101011011000001100001010100111110011110111101110101111101111000000010001
100010110101011000000010100000001110101010000101010111110000111010101110101111001100101000101100011100111011010001111011101111001111110101110111000010011000110100000000011010101110111
101010110101011111110111111111111100111010101101011111111010000010100010100111111001101101101101001101100011000101100010001101100000110100000011011010111010100101101010111111111010001
101010100101010001011101100000110001100010100101111101000010101110101111111100000011000111001001011001101001110111111111100000110111110110101011110010100010110100111110010111000000111
101110110101110100011000001010000100111011101101000000010111101100100000000111110111010001101101111101111101100110100000001101110000010110101000111010111011100110000011000010011010001
100010100100011111010010111111101101100000111111111111010110001101101010101101000001110101101000001101000001001100001110100101000111011111101110001010110000110110111001101000111010101
101010101101010000000110100000000111111101111010111111010011101101001010111000011100110101111101111111110101011001100110101101010011001101111110111111100101100100011011111010001011101
101111100111111010101111110101010100011001100000000000010110001111011010001101001101100100110101110110000111011100110011111001110111100000111000010100110101110110110000001010101000101
100011110011000011101010000101110101000011001101110110110110101000011010111111011000101101100001000000110100000101111000001100110100101010001101000001110100011100010101111110111010101
101110000111101011000011111101100111110111100111100110110110101101011010000011010010101000111011110110010111011101101101100110110001111110100111011111000101111001110100000111111011101
100110101110111110010110000000110001100011001110001111111110101101010011011111010110101101110000110011010100000101100001101100100111011111110001010001110100110011100101010000001001111
110010101100000100110011111011100101001001111000100110000000101101111011001100010100100111000110110110010111011111111011000110110000001011000101000100011101111010110111111111111100001
100111111111110110110110000011001111101011000011101111011010100101000011011110110110101111101111100011010100000000011011101100110110100001101101101111011100011010010000000000110111011
110101011000000000010111111111100110001001101011001011111010111111111011010110110100101000001100110110011110101101111001111001100011101101100101100111000110110000110101010110100001001
111100000011110110110101000001111111101011001011101010000010111011000011010000010110111111100001100110110000101000110011001100101011000111001100110001010110011010011101010100001101101
100001111010000011100101111100111101101001101110000010101010101010011001110110110110110000001011001100110110101011111000011001111011110001011110011011111100110010110001110110100101111
111101000011010111111100010101100000001111001100101010111111101011001100011100110100010110101001100111100110111000011101111101100000110111110011011010101110011011110100011110111111011
101001101011010100001111010000110110100001100110111011110100000000011101111001110101010110101011001100001100100010110000000101101101100000011011110000000011011000011101001100000000001
101111111011010111100000000101110110101111110100100001100001010101000101000011000101010010111011100110100110111010100101101101100111101011111000011010101001011011111111101110101010101
100000000011010100001010101101100011100010100101110101111111111111011111110110010111010110011001101110101100110011101100111111101100001000000011110011101111110000000001100110101111101
110110110111111101011011111000101110001000110100110101000000000000000110000111110011011111011011001000100110011001101101100111001111011011111111111000100110011101011111110010100000101
100100110011001111111110000010000111101010110101100101110101010101110011010011100111001100011111111101101110111011001100110000011000011000000000001011110000110001000000110111110110101
101111111111101010000111110111010011001010010100110111000111111101111111110110110110011001000110100001100010100011101101111010111101010011101010111000111101100111011111110000111100101
101100001110000000110101110110010110011011010101111100010110000000000011000000110011011101011100001011110111111010111101011011110001011001111110011010000101110100000000011010001101111
111111100000101111110001000110110111110001011111011111111111101011010110010111100110000101000110101011110101011000010101000000011011011100000010110010110101000101010111001111011000001
100000001010111000010100011100110101111101011000000110101010001011010111010111110011010111110010101001100100000011000111010110110001010001010110010110011111110111010001011101001110111
111011011010100011000101011110110000001101001101110000000000111011010011010000011001110011000110101100110110110110010001010010010101111011111111010111001011000011010111110001100111111
100001110011111111010101010000100101011001011111000110101011111001111011011011111011100111101100111001100110100011011111011011110101100010000101110101100001101010011110100100110000001
110111111111000000010111111010110101001101011000010110111010000011110001010000110011001100000110110011110110110110000110001000010101101000110001111101111100101011000000001101110110101
100111011101111111010111000010100101011111001110111111111011010110000101111011111011011001101100011010000010100011011111011110111100111101100111011000011001101011011101111111000010101
101100000000000000010101010111110101010110011000100000000001111111011111101000101111111101001101001111101010110110011100001100001101110100110000000011110011111010011001110111110110101
111110101011010111010100010100010111000011011011101110101111101000011000000010000000000111011001011100001011110011000111011110111111000001111011101000011010111011001100000000010110101
110111101011011100010110110101000001101011011001111110101000000010110011010110111111111100011111010001011000010110011100011110111001110101100000101101111110101111101101011101110111111
100000001011010001010011100101110111111110001111010000101010111010110110010010000000000101001111111111110010111111000101001100000011110101111011111000010110101110101001001100010000001
101010111110011011010110001111100000011000111000000101101011100010111111111011111011111111011001101110100111110011011111011110101000011111000000001101000000000010111101011101111101011
101010100000111111010111100110110111111101100010101111111111110110100000000000001000111010001100100000110100011000000110000110101101110000011010111111011011101000000101000101101001001
111111111110011000011100001100000000000111111010101000000110100011111111011110111011100011011110001010000001111101010011011100101100011011011010101100001001111011111111101100001011011
100101000000110011011001011111010110101100000010111101010000001111101110011000001000101111011000101011010100001101010111011110101101010011010010000111011011011000000110111110111111011
110000011101100110001101011000010011100101110110110001111110111110000000111101101011100001010010101011010110111111011110000010101101011011011011010011010000001101010000010100000110001
100110111001110011011111111111011001101111111100011011100000100000101010100000101000001101111011111110010100001100000010101010101111011010011001111111011101100111011101110101010011011
101111100011000110010000110111111011000110000001010010001010101010101010110101111010101100001010000000110111011110101011101011100001011111001101101101010000111110000100000101011011001
111010001001110011011110000001000001010010111111111111101011101010111011100101011011100101111110111111100011001010101000101000110111110100011100000001110110001011011110110101110011111
100000101111100110010011101100010101010110100000101110001011001110111011001100011001101100001100110000001011011010101011101011100001110111010101010100010110111001001100011111111000011
111010101111001100111000000111010101010010110110000000111011011000100001100111001011111001111110110110101011000010111001101011001111000000000101010110111100000011100111111010011101001
100011101000011110101110101110010111011110100011010110110011001110110100101110011000001100011010010110101011011111100011101111100111110111010101110010001101011010110101000000110101111
101010001010110000100000101000110100011000110110010100110110011000100110100011001010101101010000110100101010000000101000100011001100000100010100010110101101001000110000010110000100001
111111111111111111111111111111111111111111111111111111111111111111111111111111111111111111111111111111111111111111111111111111111111111111111111111111111111111111111111111111111111111
