111111111111111111111111111111111111111111111111111111111111111111111111111111111111111111111111111111111111111111111111111111111111111111111111111111111111111111111111111111111111111111
110100000000000000000000101011011010101100011101100000001011000000000110100101001100010110011010010100110101100010000100000101000101011010001011000000001101100101011000110011011001101001
100111111111111111111110100010010000000111001000001010100001111110111110110000011111000000111011010110000001111011110111101101101100001011101001110111111000110100001011110110011100000011
110110100100100000001010111011011111101101100011011111111100000000110010011101110011111101101010010111111101010001100101001101101111011011001011010000001110010111011011010011000001111001
100000110110111111101010110000000011101101111011010001001111101010011011000000110110000001101011010100110101011100110101101100000110000011100011010111111100110110011011000110011101011111
111110100100011010100010011111101000101001011111111101101001111111001001110110100111111100001001010101100000000001100000000101111111111010110111010101110110110100110001011111001111010101
100110110111011000001000110001111110000011010101111101000011011111101011010111110011000111101101010101111101010100111111101100110110001010110000000000010100110110011101000101011011000001
101100110111001111011110011100011011111011000101010001111000001010101010000101100110011100000101000000111111010110110001000101100011011010100111111011110101100000111101011101010011011111
101110110100011011110011010110111000000001110001011101000010100000001010110000110100110101010001110111100111111100010100011100110110001010110000101111100001111011110000001001010110011101
100110110111011010100110010110110011110111111101011000011111111111100011110110100110110111111101100000110101100110111111011001100010100000010111101100110101010011011101100011000011010101
110110110110011010110011010100111110000110000001011111010101101100001000000011101100110010100001001111110101001110101100001100001010110110110001100001111101011011000111110111011111010101
100100100011000000011000010110100011110000111100001011110101000111111101110111000110010110001101100010100001100000101111011001011011111100000101001101011000000000010100010101000110010001
110110111001111110111101000100101111100111100001100000100101110101011111110110010110110111101001101110111100111110100000011111011111111001111111011111011111111101111111000001011111000111
100000110011011100001111110110100110111100001111111110110101010100001011000011110110010100111101100010110001110010111111000110001100110011111010011011000101011001101101111011001101011111
111010011010000110100110100100101100101101111111010000000000000101101010011011000111010101110101101110011101011000110100011100100101100110001010111001110101001100101101100001011001001001
101111010011011100110000110110100110000111000000011111010101110111000000110001010011010101100000000100110000001110110111000110111101001111100000101011010101101001101001111100001101011011
101100010110000111111010000010101111110011111101001011111111100110010101111011110110010101111011101101111110100000010101011100011000011011001111101011010001000011001100001001101100000001
100111000110111101111111111010100110010110001111100010101000101111111111111010100111010001011110100000110011111111010100010110111111011001100000101001011101101110011111100011111111011111
110000010010110100110011101010101100110011100110111010101110000100100110110000101100011101010100110111100111000000010110110110110001001011001011101101011000000000111001001000010110010101
100101011000010110000110000000000110110111001100010000100110110101101100011110100111000101010001110000110110011101000110110100011101101010011110001001011111010110001101011111110011010101
111111111111000011110111111111101100000110011101000110110111100000001111010100110110010001011011010111110011110111110110110110111100001010110011101011001101110111101000001100110111010101
111010111110011010000000000000001101011111000111111110110100111111100100010110100011111101010011000011011000100011000010110000010111101010000110001001101100100101111111011001110000010101
100000011010111111110101111111101101011111110010101000000001101010110111010000001111100000011010011110001110111011111000111101000011000000101110111011000110001101011110001011011101110001
111111010010000101011111000000000101110110111000001111111100000000000000011111100110101101011011011100111000000001101110000111111001110111111010110001101111101101001011011000011000110111
101011011000111101011111111111110100110010011111100000000001111111111111011011110010111111000001010110101111101100000110111100001011000011011000011101100110100000011010000011110011100001
101000000010011000010100000000110101100110110000001011111011000000100000000000111000110100010100010110000001111001110000011111100011110110001111000101101100001111111000111010011001001111
101111101110111111010111101110000000110100111111111110000011111110111111111011101110000111011101000011011111011011010110110110111001010111101010011101100110111011101110001110111011011001
100000111100011010000011001111111110110101100111010100101010010000000101010011100100110101111111101000001010001111011110110110101100000101101010110000101100110010101100111100100000011011
111110110111001010101001111011101100000000101101000001111111011111110101011010110110100001110100111011111011100101011010110010101001110100101010011011101110111010101110010110111101110001
111100010100011011111100110010000001111011101001111111010000000000000000000000110111111100010110010000110001110101000000110110001111000110000011011000000110100000101010110110100100010111
100111010110111001010101111011111011000001101011101011011111111111111111111110100011000111000011011011111011000000011110000010111011110110111111011011111100001111101010010100110101110101
101101010110101101010000010001111111111100101011000001010110000111011101110110001111110101110110011000110001101111011000111110010010000110101100011000011111100001100000110001100000110101
100000000000000101011111011101001111111101101001110111010111110000000001010100111011000001110111011011100111111111111110110011011011110110000111011011110110110111111011111101111110000001
111101111111110101001011000000011011000000001011010101010011011111011100000001110001111101010011001010110011010001101010111000001010110010111110001011100010100001100000011000010110111111
101111000100000001101011111111011010011110100011010101011000011101111111111100011100101001011011101010110110000111000000101111101010011000001011101000101110101111110111111111010100001011
100111110001010101000000001101011011111111111011010001011110110001110000001001110110001100000000001000110111110101111110101100001000111110111010101011100110000011000001010110000001011001
110000010111111101110101100001010010110001000001011100001100111101011111101101010011101110101111101011100011010100111000000111101110101010101010101000101111101110010100000011111011111101
100111011110101000111111111100011000011101111101010111011001100000000000000101010110100111111101000000110111000001101111110110101100100010101010100011100101001011011111111110000000101001
111100001000101110101010110111000011111101110101010101001101111110101101010001010100001101010101101111100001101100101100010010100110111010101010110111001101100000001011010111111011100011
111111101110101000001000010111101110010000000000000100011001010111111111111101010111101101000000000000110111111110000111011000101100100010001010110101100101001111100011010010111000111001
100110000000000011101111010000001011011111101111110001111101000101100110101000000010000101111111101111110011010000110011011110001110111010111010110101110101011010111111010110101101100011
110000101101111111000000000111100010011110001011100100110101110100110100000011111011110101101010101011000111011010100110010000111000000000001010110000100000000000111010000110001100111001
110101111111110000011111011100001000110011111010111110110000110001110111011111100011000100100000000001110110001111110011011110110011111110111010000110101111111111100011110111101101101101
200111000000000110110000011111111101111000110000111100000111100101100011111110111000010110111111011011000111100101011011011100100110000000011000101111101110011000110110010011000000101001
111111111110111100011011110000000000011011111010100111110001111101111000000000110010110110010111011111110010001101000010010110110111111101111011111000101010111011100011011010011111101011
100001000000100001111110000110110110110010011110110111000111010001001010111110111111100011000101000100011011100101111011010000110101101000101000111101101000101000001110011011000111101001
110100011101101011101100111111111110011010110100010101110010011101101111101000011101111001110101010001110001101101011000011110110100000010000011101000101011101011111011010000011100101011
111111111111111010001001100001101011000000110111000000011000110101000101001010110100011101000000011111011100000101010011001110111111101110110110100011100010100010110011010111000110000001
101000000010010010100011111100000000011010110101111101111011100001101100011110110111010101111111001011000101010101011111011000011001111000100000001110001000001110111011011111011111011111
101111111011011111111110001101111101001110000000000000110010110101000111010100010101010101010111011010011101110100011000011111010011011111110111111111101110111000101011001100000110011001
101011000000001101011100100111011101011000110111111110111010111101101100000001000001010101000101010000111111110101111111001000011010001101010011011010100111101110101011100111101111011011
101001110111101000000001110110000001010010011111111110000010101000101111011011111100000001110000011110110110000001101101101110111000111000000111001010101101000110100000001101000101010001
100011011110001011111111100000110101011010110000000000111000000010000011011111010111110100000101000010110111110100000000001000101110101111110001101010100100011100001101101101110100000111
111011011011101111111010110111110101111110011101010110100011011011111011110101010100000111010111101000010101111110101110100010001100000101000111000000001101000110100111111001110101111101
100010000010101110000000000100000111110111110001011111101010011010000010100000000111101110010100001110110101011011111111111111101111110101010011011111100001101100111110011101010101111101
111011101000000011111110101101101100000001100101010001111111010010101000001111101101111011011110111000000001011001100001010100000010110101110110000000101011111110011010110000010000000101
100011111111011010111000111111111111111100001111010100111111111111111101111100000101011011111000111111110111011100111100000001111010100100100000101110111000011010110000111111010111111101
111000110011110010101111110110111111011110111011110110001010101101000001100111110000001010110010100000000110001001100001101011101010110110110111111111111011111000010101100111000000110101
101011100110111010100100000000101101000100111010110111100010101100010100110101111101100010011111110110101111101011111111001111001000000010110000010011001110001101110111110101101011110101
101000110100000000110110101010101101110111100000011101001010101111111101100000001111111011001100111111100101100011011011111101101111111010100101110110011111011001010010110101001110000001
101011100101101101100011111110101101110001111101001101111000100101101111001011100110101001101101101100001100110111000000000000001100000000001111010111001010000011000110100101100110111101
100000110111111100111001010100000101011100001111101101111110110001101010011010001110101101000101001111100110110101111111111111101111110101100110000001100010111111011100101100110011110001
111110100010110110101101010111010000010111100110101101000000011101101011111111100100000001110001011010001100110101100101010100001011011111110011011101001000001101010110100110111001011101
100000001000000000101000010111111011000001101100000100011110110101001010001101110111111101011100001011011110110100110101000001100001011010111001000111011111111001010110001100011011011001
111010111111111110000011010001111111111101101111110111110000010101011011100000000000000001010001111000011110100110110000011100110100000010100011011110001100101101010111011111011000000011
100010111110100000101110011011011000011100101001110110111011000001011001111111011111111101010101001011001100110010111111011111111111111000111000010100101110101100000011001101010011010111
101111101010111111111111011001001101000110000011000000011110011100001100111001110101000000011101011111011001111000101111110110101011111110111101110001111010101111011111101101010111111101
111001000000000111010000001101011111101100111011111111010110110110111110101101100101111111011001001100000011011110000001100100001010000000001100111011011010100011000101101101010100101001
111101111011101101000111100001010110000001100000000011010000100100010100000000110101100001011101011111011001001011101111110111101011111111011110010010011010110110011101001100000001101011
100000011111000101101100111101000111110111111111111000000111110001010111011010000000111100001101000110001100011010000110100011100011000000010100110110110000110000111001011110101111100001
111111010101110101111110100001011101111110101100111111111111011101110001111111111110011111101100011111111111011011101100110110110111101011010110000110010111111101101011000111100001001111
101110000000000000010000111101001101011010101110000101111000000000110111111101101010110000000101111001101011011010001110000110110110111111000010111110110000110000101011101101001111011101
101011011011111111011110100001011000010000001011110000001111111010000101011001001010100111110101101100001001011011100111101110010110110101101010111000010111111011101010101101101101010001
101011111111101101011010111100001111011111101010111111101010111111110100001101100000111111000001000111101100011000110010001011010110110000111010101111000000110000001010101101100101010111
100010100100001001011010110111100101001100000000000000000000000000000111011000111011111101110101011110001111001011111011100011010000011110111000000101011111111011111000001000101101010001
111010110001101100000000000110101100011001101111111111111111010110110000011011100001100000000100001011011011100010011001110110010111011000000011011101010101011011011101111011100101000111
100010011111000111110101010010001111011101111111011101100011011100110101000010111011001111110110100011010000001110110011000111011100001111111011110101010100011011001000111000101101011111
111010110100010000011101111000100101010111010000000000001001111111111111101000000001111101000011101110010101100000011011110011011111101101101010110100010101111001100011101011100000000001
100010110111111011001111101010110000000011011111111101011100110101010000111010111101010101111010000011011111111101001010100110010100000101101010110101110100101011101110101010101111111111
111010110100000001101011000011111110101001010101101111110110000000011110011111100001010101011111111011011000110111100010110110110111110101000010100001010101101011000110101000001101101001
100000000001010111100000011111000000101100000000000110010111111101111011001111101100000101010110110000001011100011001000000010110001000001101000101111010100101011011100101011011000000011
111101101011110100001101010001111110111001011101110110110101111101010001101010000110110000000000011111011011001111011111111010111101111011111110100110000001100011000110100001111011111001
100000111011000101111001010101111110111111111000110010100000000000011100000000101111111101101111000000001011101100010000000000011001010000010100001100101111101111011100001100110000001101
110101100001111101000011111100000000100000000011111010101010110101001101101010101000001001111000011111101010000110111111111101111100011101110110111111101110000110000110111111110111111001
111100111011100001111000011001011010101101101011000000111111111111100001111011111110100011000011011000001011010011110000000000110111001000110110000101001011011100111100001010100000011101
100001111010001101000011111101111011111111001011111110110101101010111011010000111011111111111110001110100000011001011010111110110101101010110000111101101000000110001101111000001010110001
110111000010111001101010001001000011010100011010000000000000000000000010000101100011011100000100101000110101001100001111110000110000001110111110110101000011101100111000111010111111111111
100100011010100011111110100011111110000001001011011011010101111111111111110111001000000001110001101011111111111110100101011110011111100100011010110000011000100110101011101011110101010111
111110111111111111000100110111011111110101111011111011011101000000011110000011011110110111000101111001101010101010110000010110110110110111011000011110111101111110101000101011000000010001
111011101101010101110001111110000000000101001110101111110001101011000011101111110000100100010111011111000000001011111111000000000000110110001101110100010111100010100010101000010111110111
101011000000000000011111001000111101010101100100001110100101111111101000001110110101101101010100000000010101101000011100011011110110100011011001100111000110111000101111101011111110110001
100000011110110111010011100010110111110111110001100000111111000101101101011000011111001001111111010111011101000011110001011111111110111010001100110011011100011011101001101000101100010111
111111110111111110011010111111100010111111111111110110011111110000111101011011000010011111111011111100011001101001100101110100011000110011101001100110010110110010100011100011101001000001
110110100101001011000000001111111010001001101100011110110101111011111001111111111011010000010001111111001111111101001111110111011110111011000011110011010110011010001010101111000011011111
100110110101100000010111011010111011101011000110110000110101011010101111001110101010010111011100010001111011010100011010000000000000000011111001100111010111000000111000000001011111011001
110000000000001011011100000000000000000000010110011110010100000000000111101000000011011111011101000111110000000001011011111101111111101110100011110101010101011111111111101100001101110011
100101011011011111010001110111011101011111110100110111010111011101110101001111111001110000000111110011011111111011111011111001000110101100111011000001010101011011000001100110100000111001
110101111011010000011111000100001101010000000101100000000000000111100100011011011100111111011110110110000000000010110000001111101100001101101001111101010101000000011100110010101010010011
111111100011010101110000011110101101011011110000001110101011111110110101110000010101101000001100000011101111011010000101101011000111101101101101010100010101011101000111100110101011000111
100000001001111111111111111111111111111111110110111000101111110100000100011111000000101101100101110111111111111111101111000000010000000000000000000001110000001111110110111111111011010001
111111101111101100001011110101011010001110000011100010111000000001110001110101111110001111101111010110100000000101111111101111111111110110101011110100000111100010111100000011011001011011
111110111111000111100000000000001011100000111111111011111110101101111101100101010100111010000110010110101111110100100101111000000000000110101111110110101111111000101001011110001101001111
100000110000010001111110111110100010111101111010000011101000100111011000110100000110101011010011000110111011000110110101011111111111101111111000000110100000011111100011111010111111111101
111110111011010100110111110000101000000001000011110110000010101100010010110111110000101011111001110110010001110100000001010100000000000110011101010010101101010110101111001000000001110001
101010101111111110100001010110111111011011101011000111101011111111000110010110111110000001101100000111011101010111010100000001011110101111000001011010100101000010100101101011110111010111
101010000110101010111100000110110000011110111000010100001000110011110011000000001111010100000111110101000000000011111110111011110000111001011111011010101101101000001101000001111100000001
101011101110000000001111110011111110110110000010111110111011110110111111111111100000010111110000000101111111111010101010100010111101111100011000011010100111001110100100011111011101111111
100000000011111111101001111111101011110011111010110000001110000000000001000000001111111111111111110001101000110000100000101010000001000001111111001110110011100111110001001011000000000001
101101101000000000001101001010001011011010101011111110111111110101101101111011111111101000001000000100001101111110001110111111111011101101100000011100111000110000011111100000011111010111
101101001101110111101101101011100000000000101111100111101001000111111100110011111000001111101111101111100000110000101110110000000010001101001101000110100011100101000000110101111011111111
111001111111111101000000000000001101111010000110110011101101110111110110100110001111101011000001111000001010000110111000011010101011100111011101011100111000110111101010010100000000000101
111111111011010000010101101111101001100011110000111010101101111101100000001110100000000000010100011010101011011111100010110011111010001100011001000111111101100010111111111101011111111101
101111000000011111010101101000001100110111111010011010101101011000001101011000110111011010111111000010101110001011111011111111111011100111011111011111000000101000000000011001000000110001
101000011111000000011101111111011110111100000011000000101001010011101101011110111111111110100000010110101000101000000011011110101011001100010000001101111011101011111111011011011110000101
100011111111101101001111001111110011100001111011111110101101010110001001110000100000001111110101110110101101101101101010000000000011011111011010100001111001101000100001001001000010110101
101011000000001001111011011000111011111011000010000000000001011111111101111110111111100000111111100010101101100111001011011101101011001100011010101101001011001010001111101011101110111101
101011110101111111101010000010010000101010011011010101101100000101100111010011111110111101100000001010111001101100011111000111001001011001010011101101100011101111011101111000100010000101
101110000111111000000000101111011110000011111111110111111111011100110111000110000000001000001010101111110011111001010101101111101011110011111001101001101001100011010101011111111010111111
101100110110001111110110101000000000110111110100111111010000011001100000010011111111100010101010100011011000111101010000001000001000011011000011001011001011001011000000000000001111101011
111001111111100011111100111111010101100100000001100000011111010011111111111010000000001011111010110110000010100001111101011010111101111111010111101001101001011001101101110111100101000001
100011100011111000001111110100011111101110101101111111000000000111010101100011111101101010000011110011101010110111100001011011100000001100010110001011001101111100100100010001110000011011
111110111000000011100101100001011010111011111000000001110101010010000000111000000001101011011011000111101110011100001101111010001011011110111111101011011000000110101110111111011110111001
100000101101101011110100111111111000110011011111111100000101011000101010000011111011111010011011010110001000110001011001101110101001111000011101101001111101111110100110000110001111110011
101110000001001010000110101110101110010110010101101001010101011010111111010111010011000010110001110111011110111111111101001100111100001111110000001111000000001100101100101110111000011011
100111101011101111110000001010101011000011010000000011011111111111110101111110000111101110010101000011111000100000001101100001100001111111011010100011011010111110100110100000000011110001
101101111010001100000111100010101001101000000101010110001011000000000001101000110011001111011101101010000010111101100001001101110100101000000010101011010010000110110011110111011000110101
101100000010100111111111111000001101101101011111011100101011101011010100000010110110011000011111111011101010100001001101101100110110001011101010101011011011010110011011000011111110010101
111111111111111101000000001111100000111111111011111110101001111111110110101110110010111110110000011011111111111011111101000101111111011010001010111011010011011111001111110110110111111111
100001111101110101111110100000001110011010100000000000111011010100000111111100011010110111111101001110100101100010000001101100110000001111011110110011011011000001100001100000000100001011
111101000000100000111000110110111111011010111111110110100011010111111101010110110011100011001111100110110100001111110101101001111011011000010000011001110001101011001011110110111101111001
100100011110001110001110011111110000000000000000000011111000000001011100000000111111110110011010110000000001111000000111111100001110001110110110110011111111101001111001100100001101011011
110001111100111000100000110000000111011011111111101111101011111100000001011010001100110110110010111011101101111111010100000001011110100110011100010111000000001111110011111110100101000001
111111110001110011111111111101111101111111111000001110000011110001101101011011111110100000011010101111101101000100010110111011011000101111111001010110011101100111011110100000110000011111
100000011101000110011111101001100000000000000010111011110110000101001001111111111000001101000010000100001111110001010110110011010010100011000011110011010000110000000000111101100110111101
101011000001111111000000000011001110111101101111110001000011110101101011110110001111011001111000110001100110110101110100011001011011111011011010111001111010110101111111101101110010000001
301111101111000001110111101001111000110001111001011100011110000111111011010111100000001101000010011011101100000101100101110011110010000001111000001101100010110100110101000100011111011111
101001111111111100000011001101010010011111011100001111110000111111011110000000001011011111111111110011000111010101101100011110111011011011000011100111110110100110000000010101000011111001
111101010000000111011111101111000110110000000111101011111110100000001000110111101011000110111110000111101100010111001101111100000011110001111000111110110010110100111011110111011000100011
110000000111110101111011111010010110011010110111000000000000111111101110011100001010011100000011101110001101010011100101000001011010111011010010011000000111111110001000110011011110001111
100101010110000000101001010000110011001111110101111011010111110000000000111101011011001110101000000011011001110110110101011101001110001110000110111111010000110000111110110110000111100001
101111111111111110001101011010011111111000000100000010011100000101101111100001110001100010111101110111011111000110000101010001011000100000101111101000010101100110000011100111101101101011
101000001010101011100000000010111110101101010001111011010001011111001111001011111111110110100001100110010000011111101111111101001111111101100110000011011100110110111011111100000000101001
101111100000000000001111011011100000001111111011000011111101110000011001101011000001010111111111110011011010111010000000110001011000000001110011010110011001110100001000101110101011111111
101000001011011011101100011111111111101011000001111010000001111101001100001011010100000011000000000110001110100000101101111011111110111101000111110110111100010110101101100110101000000001
111010101111111010001110110000101100000010011011101111111111010111101110101001110111010111111110110011101100110101101100110001110100110001010000110011100001010110100100101111101011011101
111110101100000010100111111010100111011000110010001101011110000000001000101111000110010101010000110111001101100101101001111011000001111111110101100111110101110110101110000001101001000101
101100101101101010101101011110110011110011111111100000000000101010101111100011010110111100000110110110011111001111001011001110010101101010000111111100000100110100100110110111101111101101
101001101101001110101100000100000110100111010011111111111101101011111110001110010100100001010110100111111011100001101000011000110101100000110000110001110111110110101100110110100001111111
100011100111101100111111110001110110101100000110110000000001001011000000100011011111111101010110110101100000001011111010110010111111001010111101100101100001011100101101100000110100010001
101011001110000111111011000111100010111111110110111110110101011001010110110110010000000001010100011100001011101011010010011010011000011110000100110100110100011101100101110111100101110111
111111101011011100000011010110001000010111000000010000100101010011010110100011111101010111011110110001101011001011000111111110111111111000101110011111110101000101110111000000110100000001
100100111011111001111001111111101101000101111011000101110101010111111100111111000001111111111100011011001110011111010110000111100101101110101010111110100101101101000001101111100101101011
110101110001101111111011101011001111010000000001101101000101010110101111111101110101000000000001110011011110110000010010110001110000101011100011110100001101100101101101100000101100101001
100100011011000110000000000000011010011101111101111111010111010110000111000000000111111111110100011010011000011111010111100100011110001011001011000001011001101101001101101010101101111011
110001000000010011111011110101110000110001111101000000010110010110110000011101110111111011000110110011010010110000010111111111010111101000011001111011001100100111100111001111101100011001
111011010101010110000011110111111110100101000111111010110111010011100101011001111101000000010100011010010110011101010010100000000000001101011100110011011110101111001111100000111001001011
101111111111110111110110000111010100110101110111000011110101010110001111111101001000010101011110110011010100110001011000110110110110100001000110011010000110101100011000001111110011111001
100000100010100101011110101100000110111101000000011010000001110111111010110111101011011111111000111011010110111011010011111111100100110101011111111111010010101001001110100000011000001101
101110111010110101011000101111010000100001111011111110110101100011000000000010000011010000001101101110011100100001011011001011001111110101000100001100011011101101011010101111001010100101
111110101010000000000010111010011111111011000001100110100100111110011111111011110110011010100000000111000110111011111111100000011000000101010001011110111000101001110000100011011010111101
100000000000111010110110110000110000011111111101110000101111111011110000000000000010110010110101011101011111100001110110111011001101110101010111111111110010111100010110101111001110000101
111011111011111110010011111110011111000100110101000101101100000000000110110101101010011010100101001100001100001011000000110001100111000101010001101100011010110001011111100110011111011111
101111000011000100111110000111110000010001100101111100101111011101110100110101001110111111101111011110100101101001111010000111001111101101010100000001111110010101000011101111001011000001
100101101111110001111011110101111111111101110111110001111000010001111101100111100011110100000110000010101101101101000010110110011000001101010101010100001111011111101110000001100001101101
110000111000111100110010000001000010110000000011011011100010110101000001111111001010000001010011010110101001101001111011100011001010101101110101010101100001110000001011101111110101111111
111101111110000001111011110100011000000101101000000000110110100101101011001100011111111101010110010010101011111101100011001010011111101100110111110111001011111110100001100000011100010001
100000101011111111101010000101011011010101111101010101100111111111111111100001000110000001110111010110111001100001101011011011001100001110110000110001101000001100110101101011110001000111
111110101011000000000000111101010011010101000001010100101100000010010100001011011100101101000001010110100011001101111110011111101111111010110101110111111011011001100101001000011011010001
100000000001111111111010110001011011111111111101111101111111111011000001011010000110111001110101010010110111101100110000110000000111110000110101100000110001001011110111101011011001110111
111111011100000010100011111101111001101011011101110000111010101011110101110011010110111101110111111111100001111001100101100101101100000101100100101010100101011111010110101001011011111101
111000011001111010111111100001100011000000000000011101101000000000000111111011011111100001000000000001101111011111001100110101100111101101111110101010101101110000000000101011110000000001
100011001111111000000000001011111111101101010101001111101111110101110100000011000011101011101010110111001100000000011001100101001100001100001010111010100100110110101010101010110101011111
101111111111000010101101011011000000001001010111011000001101100111100101101001101110001110001110010100011110110101011011110101100110100101011000001010101110100111101010101000010111011001
111000101001110110101001011011111011101011110110001110100000001110001111001101101000100010101100110111011010100101110010111111110110110101110011011010101111101100001110101010111110000011
100010001101000100101011001110100001111011000111011111110101111000100001101001101010110111111001110110010000111101100110000000000111100100010110011111100101111110101100101110000011101001
101010100000010110101111011000001101000011101100011011011111011101110111111100111110110110011011011100111101100000110100110111101100001110110011001101110000001111101101101000101011001011
111110111111110110111000001010101001111001111001010010010000000001100011110001110100010011000000000101100000101011100101100110000111100110010111100000011011100110000101101110101111101001
110111110000000110011011011110101111000011011111111011010111110100101001100101100001010110011010111100111010111110001101001111011111101100110000110110110001101111101101101000100011001101
100101100101010110111011001111111111010110000010101000000100000110111101101101110101010011010010000101100010110111100111111011001100101101100110010100100100100110000111111010101111100101
110000001111010010100001101011100000011111110110100011110110110010110001001001000111011011011010101111101010100101101110000000011110000111110011010110110110110110101100011011100001110101
100111101100011010110111111000111011011011000000001111100100100110011011101111110111110010010010100110001111110000001100101101001011010001100110011100100110010010101111000010001100010101
101111001101010010100111011010000001010000010101011000110101101111011111111111000000111011011011110110101101010101101110101001011000010111001111011110110110111010100011011010101111010101
101100011001111010101100000010101011111010110111111110000101000101000101000000010110011011110000110111101000000111000111111101011011010001100011000111100100011110101011010010100110010101
101001001101100011111111111010101000110010100110101000101111101100010100010110110100110001100110110101101101101100011101010001111111110101001011010000101110110000111001011010101100111101
101011100101101010000000000010101101100110110100000010101100000110110101010100010110011011001100100000101001001001010000000100011000000101011001011010101000011010011011010010100110110001
111111111111111111111111111111111111111111111111111111111111111111111111111111111111111111111111111111111111111111111111111111111111111111111111111111111111111111111111111111111111111111
