1111111111113111111111111111111111111111111111111111111111111111111111111111111111111111111111111111111111111111111111111111111111111111111111111111111111111111111111111111111111111111111
1011000000000110101010000011000101001100000000000000000000000001100010010101101001000000001011001101100000000001101011010100110111010100011000110101000000000011000011001011010110011011001
1001111111011100101011110111110000011001011101011010110101010100001110110101101101111111101011101000111111010100001011000001100010000101111110110101101111111011110110011010000111011000011
1101000000010110100011000010110101000011010001111011111111110111101110110001000001100110001010101101101000011101101001011100111011110100011000000001111100011001010011001011101101011011111
1101111111000110111011101000111111011001010111101111101011000100000000011101111011001111100000100000000010111111101101110110101010100101111111111100110001001100000110011001001100011010001
1001101111110100110001111110011111111111111110000100000001111111101111110000000001101100111110111101011111110000000000100000101010110001110011000001111011100001110011001100011001110000111
1100001001110110011101010100110101101110011011110111111011000010101010100111111011001001101100011001111000000111101010001110000000000101011000010100011110111111110110011111001100110111101
1111101100000000111000000110000001000010110001100101000001111000000000111111000001101011000111011101101111111111111011011000111011010100010010111111001100111110000011010100011001110000001
1101001111101110100010110011111101111000011100101101011011001110111101101101111101000000011101000111000000000000011111111110110001111111011111101011011110100000101000000111001100000101111
1001101010101100001111110110100000000011010110101101110001101110100000101001000001110111011001011111110101111111001110100000011011110000001101100010000010111111111111011110011110111111101
1101000010111111011000010100001010110110000000000000111011001011111010001101111100111100001101011001011111100000011010001101011010000110100000111011101000001011010110010100110100000010101
1001111000010000011111000001101111111111111111111110001001101011000010100101010101100111101000011100011010111111000000101001111111101111111110000000111101100000000000110110100001111110101
1101101111011111010000010100111110000000000011110100100011001011111111110000000001001101001111010101110010110000011011111111101101111011111011111101110111110111010110100010101111100010101
1000001101011011111010111111100011111111101000000001111011101010101101011101111101101101101000000001011010111011111111010110101000111010101000011101010011000100011110111010101000110110101
1011101001010000011111101010110110000000001010101101000001000000000000001111000000001000101111101101000000101111000001000110101110000000001111000000000111101111110000000010101011110010101
1110001101011101110101000000000011111010111111101001110100011011110101100010011101100010001011111001111110001101111101110100101011110101100000011111110010111001111110101010100010011010001
1110100000000101010101111111111010110011110110001011000101011010000111001000111111001111100010111100000000100001111101010110100000111111111011111111100110011011011111111010101110111010111
1000111111110101010001000000000000011111010011011110010101001111010011111101100010011101110110101001010110110100000000000000111101101011011111110000110110110000000001010000000000000010001
1111111111000000011101111111111111011100011011110111111111011101111110110111001000110000000000101111111111100101011110111110110101101000000100011110000000011011111101011110101011011000111
1110000001110101000101001010101010010111011001100000000000011000100000000110011010011010101010000110101011110111111011110000000000001111010111001111111111011110100001000000101011011010011
1011111100010111110101101010000011000010011101111111111011111110110111110100110010110010111111010000001010111110101001000101010111101011110101101011000000010110001100011011111110011011001
1000011101000110000000000000101001111011000001010001011111000000011111010110011011111110110001111101101010101010101101110101010100000010100000000001101011000011111111010000010111011001111
1110110111101111111110110110101100010001101101011101010101111010111100010000111010000000110100000001000000000000000001100111011111111010001010101100111111111011011000011011000011001100001
1000000110111000000000100100111111000111111000010101010000101110010111000110110011011111100110110111101111010101010100001110010000000000111111111110010110100000000011110001011111011110111
1101010010111111101101111110111011110110011101000000000110001111010111101100011111111111111111100110001111011101110110101100110101011010001101011011000000001010101011100101011101111100011
1111111010100110001001001100100010100011000001101110110011100000010000111001011101000000000010001110101001111111000110101110110101111010101000000000010110101110101110001101110100011001001
1010101000001111011101100001111000111000010101101000110110001011011011100011010001111011101000111000101100110111101100111000100111000011101101101101010100101000111000101000000001110011101
1000000011100011110111001011010010000010111111001101111111111111010000111011110100001111101011100010101110000000001001111111110110011000111001001101110110101111100010111011110111111010001
1111111010001110110011111110000110101011101011011001001010110110000110000000111111100000001010001010100111101110101101000000000011110011111111111000111110111000001010100000010000001011101
1010110011100000000110110100111100111111100001110011100010000100101100110110011010001011101111101011110101001000111101101101101011000111001110000010100000111111101011111011110101111001101
1000111110001101010000000001100001110010111101110110001000110101100110011100110000111111111000001111010100011110110001101000111110010001101011101010101011101111101010000000110100001011101
1110101100101001111010110101101111100110110101010111011111100001111111000110100111100000111101100101000111010000011011001101110100110101000000001011111111000000001010101101111101011110001
1010000111101101101010100111111110110110100000011101111111110100111111101111111110001010000001101101101111110111111111111111100001100111111101011111110100010101101011111100000101000011101
1000111101111101000010111100011000000010111011001101101000000110000110001001011011111111010100111000111101111111110101011010110111111111000001011000100001110101101010000001111101101110001
1101100001010111110111111101001111101000101111011001001111101100110111011100000011110101011101100010010101011000010100010010111110111001101011111110111101000100111111101100000111000011101
1000111100000010111101100001100011111110101110001101101101111110010101111110110110000100001111111111000000001111010111011010011000101100001000001100001101110111110101101110111111101110001
1101101111110110011000111100111000010000001011100000000000000000111101101011110111110110111010101101111011101011000000000000111110000001101011111001100001000011000000001000000001100011101
1001100011010100110011111111101111011111101011111101110111010101101000000001100000000111100000101000000010000001110101111110101011110100111001010011111101101110011010101101011011101000101
1100111011010101111011000011001100010001001010000001000011010101100011010100001101110101110110001111101111111101111111100000101010000101111111011110110000101000110010100111001011001010101
1110110000000000110001110110011111011101101011111111111001110111110111110110111001000000000011101110111101100000000010111010000000111111101001010000100101101101100110110110011011011110101
1010111111110110011101010100110101011000000001110000000011100010100110111111111111110101110111000000010100111111111000000011101010111010001100000110001101001001111100110011001011001111101
1010101000111110111001010110110000011110110100000101011011001110111100001100000110100101000100011111010110101010100010110110001110100000100001011111011101101100011001100110011001100011001
1010101110101100101101010110111111010111110110101101110001111100001111011111110000001111111101000111000110000000001010011100101110111010111011011000000101000110110011110110111011001001101
1000001100000110000000000100000000000000000100100111111100110001100000000000000110100110001111101101110111101110101011110001111011111011110011001111101111101100011110000110001010011101001
1010100111110110101011010110101011011101010101101100000001110101001010110101010110101100100011111100100000001000111011000111100001101110000111011000001010111110111000101110111111000111101
1111101101110011111111110100101010011001010101101101010101100101111011100111010100111001101001010110101101011110011111111110001100000110101110011111011000000010101110101100000110010011001
1000001001010111010101110001111111001101011111111111010111001101000000110111011111111111111100000000001111110111010110010000111001010000101011010000011101101000000110100110101111011010011
1111101101000000000001011101100000011001110000000000010011100111101101111100000110000111010001011010111010100000000011011111111101111010100011010111110101101101011111101111101101001111001
1000000000010101011100000000110111001111111101110110110110111110101000110001010011110101011111111111110000001110101111010111100001000010101011011111100001101101110000000001101100011100011
1111011101010101000111110110100001101000001000110110110110111000001010011111111111010000010110101101000110101100101000000000001101101010101010011000001011101100011110101101000110110001001
1111111101011111011101110110101101101101101101100100110110101101011011011111101010000101000000000000010100111001111101010101101000111011101110111110101011000111010000100101010100011011101
1000000001010000010000000110101101001101000000110111110100000001110011110001000000101111111010111011010110011111010101010101001101111011000011101000101011010011111101110101010101010010001
1010101011111011111110101100100101101101111010111111100110101100110110100100010110101000000010100011010110110110000001011111011111000001101110000010101010010110000000110101010101011011011
1011111011000011000000101110111101111111110010100000001111101001111110110101110111111111010110111010010100110000110101010000001100011011100111101010101111010011111011100101110111010010011
1110000011111001110101111010000101011000000111111010101001101011101010011111000100000000010110111111011110011110100101111101011111010011001101101011100110010110000000101100010001111011001
1000101110000011000100110000101111001111010011000011111101111010001011011011011111110101010110100000011110111111111100101001001100010111101100101000110010110111111011100110110111000010011
1110101111011011101101111101101001101101111001101000110000011111101000000011111000000101110011111110110100110001100001101101100111011110100110001010011011100011100000111111100011010111001
1000101000011001101101101001000011000101000011111101100111010110101011111001101101101111100110000110110001111100001011000000110100010000001111101111111011001110111010001100001010010101011
1101101111011011001001000011011011110101010110100001001100000000000011000011000001111000111111110000011011000001011011101101111111010111100011000011010001111000000010100111011011010100011
1001001100011011101101110110010010000000010110001011100110110111110111111011111111000010011000000110110011110101010001101100101000010100001110011111000101000010111010101111111110010111001
1011101001011010000111100011011011101101011111101110001100011111011101000010110011110111000011110100011010000101010101101111101101111111011111000101110101011010011011101001100000111110011
1001111111111011101100001111001111001111111011101000100111110000001000011000000110111110010110000110111111101111011101101000000001000000010000010100000101010010110011100011101010011100111
1011000000000010001111011001111101111000100000001011101110000111100011001111110100000000110111110100010100001100010001101010101101101101011011011110110111011010111000101110111011110101101
1010010101101011011000011100001000111110001101111111111100101100001010011000000001111101110100000110110111111001011101101111111001001001011011110000110001111110100011100000011111100000001
1010111101001001010011000111100010000110100111110100000001111111101011011111011011000000011111111100110000000011011001101101010011111101010000011010110111100000111000110101110000001101101
1011101001101011011111101100001111010000101100000001010111000111001011110000011011010101011000000001100110111011110011101000000110110001111010110010111100001010100011111101011101101001111
1110000011001011111110111111101100010101111111111111111111110101101001100110110010010101001111010101110111110000011010001111010110000111100010011011101111111111111000000111000000111100001
1111010111101001110000000000001101010111010100001001110000100000001111110100011011010111011000010101000101000101110011101100010100101100001010111110000011000001000011110001111011110101111
1000010101101101011111011111100111010110000001100011011010001101101100011101001111110011011110110101111101110100011010001111010110100111011011111111111011101100011000010100011010000000001
1101110101001111010111001100001100010100101101001000000011101001001110110001011000000111010000011111001000000101011110101000011100111100001111011011010000001101111011111101110011111010111
1001000100011000000000011001011111110111111111111011110110001111111000000101001101110001011011111011100011110111010000101101011001110001100110001000000101101001000000000100011110111010001
1011101111001101110111010011011010000111011000100011000100101000111110101111011001000111010010000000101110000011011110111101001011000111101111101110101100101101010101011111110000000010101
1000111000011001100100011001110011111101000010001001110111111010000000101100011111110111111111011110001100101010001100011001011011111110111000001000101110101001011101111001011110101111101
1010100010111100111111111111111010101000011010101011000111011011111011100111001111000001101101110111011110101111011101001101011010000000000011100010101000101111110001101011001100100001101
1111111010000110011011110001010010101101011010101010010100001111000010001100011000011011000000000000001010100001110001011111011011010101011111101010111010111110111100000000011111110111001
1101101110111100110000000101011000000001011010101011011101100110011010100110111101011111010101111011011000101111111111000111010010011111110000001111110010110000000001011010110001100001101
1000000000110001111110111100000011010101110011101110010000110000110010110110100001110000011111100010011010100110000000010100011011010000000101011110000111111010110111011010011100001011001
1111011101111101000000011001101001110100111001101100111111111011111010111100101101000101010000101011010011101100110110110110110011111010110101110000110011000011110100001110110001111001101
1000010000110111111011111111001101000101101011111001100000000001100010100001101001110101011010001110010110000101110100010100011110101111100101000101100110011000011110100011110100001101101
1011011101100011000010000000011001101111000000110011111111011100111011110101001101111101001110101111010011010111000110110110110000000000001111101100111110111010110000101000011110111100101
1010011111111011101011111110111101000001110101111110110000010001110001100101011001000001011000101000011111110001110100110110100101010110101100001101100000110011111011101010110000000101111
1011010111011010001011000000101001011111000101100000000110111101011011110111001101101101011010101101111010100111000110110110101101011111101111011111101010011000110010001010111101110100001
1010010100000000101011101010001101011000010101001101110100100000011001100100011001111001011011101101000000001100010110110100111111010000001000011000001011110010011011101010001100010101011
1111010001011110111010001110101001111011010111101101100111111101111100110111111011000011001111111111111011011110110011110101100000011111011110111101011011111010110011001110111001111111001
1000011101011000011010111110111101100011011111111001001111100000110001100100000001101001101110000000000010011010011010000100111101010000010000110001001010000010110111100010001100000011011
1111111111111110110011100000110001101001111101011111111000111010011100110110110101111111101000111101101011010000110011010101100001111011010101110101011011111010110110101011011001111110001
1011110111000000011011111110110100101101100000000110110010000010111001100110111101000000001010111111111010011010011011010100110111000010010100011101011011000010011100001111001100001011111
1000000000011010111110110000011110101000111111110100111111110110001011110110100001011101011011100000000011111010111001110111100011011011111111110001011001101010110001100110011110100000001
1110101010110011100000000101000111101101110100010110101110000110101000110100101101111111110011101111111010000010101111000011001111111111101011000111001011111110011101110011001100111101111
1000101110011011101111010111010000111111000001000000000011101100111010011110111111000000111110111000011111011010000001110110011110101110000000010110011010000000110001010111101110011111001
1101101000110010001000010111110110010111111111101101011000001110110011111000100011111110101100111111000100011010101111010111111000000011111110111111001011010101111101000011111011000000011
1001001011111111101101011100000010110000001110001001111010100011111000110010111001100000000110101100010001001110101100000001101111110110100000110001101111111100011101101001010000010101111
1011101110000001111111110001101011111111100000101101100010110110000011111111100011001110110110000001011011101100111110110101000110000000110110011011000110000001110001001100011101111100101
1011001000111100011010111111001011011011111101101111110110110110101001111100001000011000100111101101110000100110110000010111110100111110000011000011101111110101100101101101001100000101101
1011011111100001000000000000011010000010000001001000000110100100111100110001111110111111110000001001100110101100011010111111010111100000101110011000101100011101110101001101101101110100101
1111110111110101111101101010111111111011110101011101010110101110100001111111100000001100000101101101110110111001010010011000000111111111100110111101111111000001000111101101101101111110001
1110100000000101100001101110010101100010100111110101110100100110111011010000001010101111111111000111000110111101111011011011110100000000001110001100011000010101110110101001001100001100111
1010111111111101001011111000110000111000110110000001110110101100100000011010111010100110000010010111101110000111101110011111100111110110101100111001111101011101000000101101100110100110001
1000000000000001101111011110011010011010100011110111011111100101101011010011100010101111111000111100001100111111001111110110110000000011100110001100101111110001101011111001110010101100101
1111111010110101101001010000111111000010001011000110001100001101001001011001110110101101110010110001011001110101011011100000000101010110001111011001100000100111001000001011000111101101101
1101100010110111111100000101101101101011011111010010111001011101111101011101000100101000000110111101001101000100001010111111011111110011100011001101110110001111101011101010010101101000101
1000001111100110000001010101100000001010010000011000011011010111110001010001011111111111110010100001101001110001100000110000001010100110001110011000011100101100001000111010110100001101101
1110111100001110101101110100111110101010111011001101011011000110010101010111111100011010000110110111001101111101001010000101111000001100100110111101110001101001101111111010100111011000111
1000000110100011111001100110110000111111101110011001010011010011000101010110000001000000110011100111101101000001101111101111000010101110110011110000011100111101000000001111110110011010001
1111010111110110011101101100011010111001001100111111011001011010010111010111111011011101110111110100000101101011001000000111110110100110011000010101111110100001101101100101000110110010111
1000011101011111000100111111111111101100011001110110001101011010111111110100000011111100010100000111101101001001011101011100000100101100110010111101000110110111111100110001111100011010111
1101011000001011110001110111100000000111000011100000101001011010100000000101011010000001111111110100001101111011110001110001010111100110111010001111110000110011010001111011000001110010001
1001111111100001100101000000101011110000010110111110111101011010111011101111010011010100101100000110100101100000011111100101010100001100001010101000011010011010000100011001110100011010101
1111110100001100111101111110111111100111110000110000000101010011111111111001111111110101100001101100110100110110110000001101010111100101011110111110111011110011101101111011000110111010101
1111010110111101111111100000010100001111110111111110101111111111101110111011000000000100111011111001100101100010100110101101011100001111000111111000000000111010001101100011011100001010101
1000000011110000000010111011000110101100000000110000111100000000000000001001101011101111100011000011110101001010110100111001010001100011010011100010101101101011101100101011011110111110101
1011011010000101011010000010010000111101010101111110000110101011110101101011001110001011001001101000011111111111111101111101110101101010011000111110101001000000111001101010010000000011101
1010010011110111111000110111011010100001110100110000110110101011000111000000011111100011101011001010110000010101000001000001100101001110110011101110111101110110100011111010111010111111101
1111111000011111000010100100011010110111000110110110011111111111011111110111111000001110001001101010011101000001111101101101101111100110110111000000011001100010110111111111110010001110111
1101101111000001111111111110110010011110010011100111000101000000010000111111101010100111011011001011010001101101001111111101101000001100100110011010111101101011100101101100000110100000001
1000001101110100000000000000110110110000111000110001010101111111011010000000000010110011011011101111111111111101101010000000101111100111110011011110000101001011110000000110110010101101011
1010100000111111101010101110110110011110110011111011110100000000010011111111010111100110001000101001101111010000000011110101111000001111111111010000111101101010000110110100111011100101001
1011110110101010001111111110110010111000110110000001100110101011011010011000011100001110101011101100000000011111011000000101100010100100101000011010001111001011010010011110011001101101111
1111100100001011101100000000011010100010110011101011110100101011001111000011000111101100101001101101110111000000010011010101111110110001100011010010100001101001111011111100110011001100001
1110001110100010101111101011001111111010110111001011000101101011111110010110011100000110111011001001000100010110111010010111000000110101110111111010110111111101100000000110011001101001011
1000101000111000000110001001101100000010110101101001101111111110101011010100110001101110110011011101101111010100100011010001110101100100110001111110110011000001101010101100110011111101111
1110101111100010101100101011001111010111110001101011001000010000000000011111110101000010011001010000101000011111111011011011100100110110011111010100011111111011001011111110111000011000001
1111111100001010101101111011011000010001100101101011011101000111011011011011000101101010111011011101101101011000000001001111001110110100110000010001000011000011011000000110100011111101011
1001000001011110111101100011001110110100110101111011011001101111111110010000010111001110110011110000111001111111111101101100011011100101111011000101110111111011010011011110101000001101111
1100011111010000000101111011011000100101100111000001111111111000110111111101011111101111111010111010001100110000000001100110110011001101111010010100110001100001111011000010101110111100001
1111010000011010101100011111001110110101110001010111110111011110100000000101010000000001100000001111111111111011111011001100010110011000110011010110011011101100110001101110101000000101111
1000011010111110100110110000011100100100011011111110000000000000001101010001011101010111110101111000011010000010000001101101010100110010111011010110111011000110110101100010101101010100001
1111010010101000110111111101011001110101011010101011101101010101101001111101011001010110110101101101110000101011010101101101110001111011101010010010100001101110111100110111111101010110111
1000010110100010010100000001111111000111001010000000001001011101001101100001011011010000011111000000011110111111110111101111100101100011000010111010101011001100011001100001100101110010001
1111010010110110111101110100101011110001011011101101111101010001011100110101001011011011111011011110110111110110000010101000110101001001101010110011111001101110110011111111110000111010111
1000011010100100011100110110100000000101111010001001000001111111110001100101011011011001101011110000000000000000101000111110000101101011001010010110000011001000011000001100000110001110001
1101001010111101000101111111111101101100001011101111110111101110110100110101011010010011100000100101010111110110101101110110101101001111101111010111011001011011001101100101010110101111011
1111101010100001101100011100010001100110111010001000000100001000000101100101011111011010001110001101010011000100101101100000100111100000111100010100011011111011111101001111010010100001001
1010001110110100100111110111000111101100001111111101011111100010101101001111010000011010111000100111011011101101101001101110110110110111100001011101010010101000010111100110010111110101011
1000100010110101101111100000010000111101111101110111011000001010111111011000011010110011100010110011010010111000101101001100011100000001110101001101111110100010110010101111010000110111001
1010101111100100101000001110110111100000011000000000011011101110100100011101111010011111111010110111111110000010101111011110111111010101000101011111100000001010111000000110010101100011011
1110100101001110111101011010110011110110111111111111111110111000110001110101000011011110100010110110000000101110101000000110110000010111011101010110001111011011101101010100110100101011001
1110101101100010100001110000011000011110011000000000000100000010111011110101010110010000001010100011110110100011101011101110100101010110001101110100111000011011000001010110011101101011011
1010101100001110110101111011001101010000111101010111010001011011101110000001110100111010111010111011000100110110001110000011111101011111011001000001100010110001010101010110111100111001001
1000100101011000110101000001011001010101100101010100011101011011100000110101100110110010011010001110010110110110100110101010000001000011011011101011111010110111110111111100000110011011011
1011110101001110100111111011110011110100110001010101010001010010001110110100110100100111001111011100110100110100101100101011101011101011010000101011000011100110000000011101011111011010001
1011100101101011110110000000110110000111100101010101011101011011011000011101100101110011011000000110011110111111111001101010001110001011111011111110011001110011010111110101001010001011011
1000111111101011111111101010110111010000110101110111111001110011010010111100110100110111011010110100110000100000000011101111101100101110100011010111001100111111110110100001111011011011011
1011101000001000101000001010010001111011111111000111101101000110010110110001100101110110011010111110110101110111101011001100000110111100001011000000011110000101100000110100000001001110001
1011000011011110101111111011010111000001011000010101001111111111111110110111110101100110110011100000011101011100001001100110101100110001011011111011001100111100101010010110101011011000101
1011011001110110101101110001010110010100001011111101101010000000001000111100110111110110111001111111011001010001101011110110100110011101010010000010011110111110001010111100101011011110111
1111111111100000001000000101010011011110111010000000001011110111101110000110100011000110001011000000001101000101101001100110101110110001111011101011000110100000101110011001101011010000001
1001101100111101100011010101111111011000011011110101100011110111000111011100001111110110101001111111011001101101001011110011101000111111101010001011101100111101100011111100111011111110111
1100000101100001001010011100001100011010110010000111001000011101110000010001011000110110101101000000001101111001011000011111001110011000000011101010000101100001101001110110001000101000001
1001110000001111101011000110111101010010110111111111101111001000111011010101111101100110111111011110100111000011111101110000011000111011011111101111101101001011001100000011011011100010101
1101111111101100001001101100000111111110011101111101111111101110000001110100001101001100011000011111101111111010110001000101001101101001111100001100001101101001111110111001010000111011101
1111000000001110111100100110101111101000110000000000000000000000110100011101011000011001001111010000000001100010000101111101111101000011000001011001100111001100111110001011110101100000101
1100011011011000110001110011101101000010100101101010101101010111110101010001010010110011101100011011011111001011110111111000110001110111111111011011110110011001101100101000110100111011101
1001111110011110111101100110001100011011110111111111111001010100000101111101011010010110000111011010011000011010000100000010111101000100000010001010000011111011000001111101110101110001101
1011110100110000011001101110100111011111111110010001011111010111010111101001010010111110110001010011011011001111011110111010100001110110101000101111011011000011010100000101000101100100111
1110010110100101001101100011101111010110110011000100000000010100011110100011111110101100110111110111111011101000011000110010110100110100111010100001110001111011011101011101101111001110001
1111000000110101011101101000111101110000011001011110110110111111111100001110110000000110010001100100101110101010111110100110100110011111110010101111000100110011001101001101100011100110111
1000010101110101011001001011100000110101001101111010100110011000000001100110011010101111011011111110000000001111100000110111110011010000000110100110010101100111101001111001101110101100001
1101010100011101011011101001111010000101100101100000110110111110101101001111000011100011011011000000110110101101111110100011010111111101110110111100110101101100101011111111101100001110111
1101011101011101001001111011000011011111110000001110100100010100101111100110011011001001001111111010011100101000000000101110000000110001000110000110110101100110001110000110001110100110101
1001011001000101011011001111111011010000010101101000110110110111111000110011010001101111100001100011000110101101011010101111101011110101010100111100100101001111100000111111101000111100001
1101001101101111010000011101100001011111000100101101111111110000000010000110011011100001101111001010011100101111011010101000001001010101110110111110110111011001001010000011001110000110101
1111111001000110011101110001111101110111101101101101000001011110110111101111011011001011000001111111001110111011011010101101101101000101100110000110110110001100011010111011011000110110101
1010111111110010110000111011010111100000001100111001110100000000010011001000010010011001101111010000011000100000001010111101100101101101110110110110011111011110111110001111010010010110101
1000000000000110100101100000010110111111100110011111111111101101010111011101111010111100111101011111001110101010101010100001101101000111000110110011000110000010110000101100011011111100111
1110110101010111110111110101010110100000001100110000010000001001110100001101000010000101110000000000011000111111101111111011000111101111111100100110011100101011100110101101011000000110001
1000011111110011000110000111000000001011011110110111011110101100110101011111110110101111100110101101111010100000000011000011101100001100001101110011011110111011001111101101111011111110101
1010111000100111110110101100010101101010000111111100000000101110110111011110000100100110001100111100001111111110101001101010001110100110100000011001010000110011100001101101100000110000101
1011100010001110000011111110110101101111011101101111101110111000010100001100111101110011101111111001111101010000101111111010101000110011110101110011111110111001101100101100111010011101101
1011001111011011010111010000011100101110011000000000001000110011011110101101100000010111001000000011110000000110100001100010101101100110000100011110100000001011000101101110100011011001101
1011101000000011010110000110110001101000110011101011101010011011010000111001101010110101111010101011000101010110111111001011111101110011110111000000110101011010010100100110111001011101101
1110101010101011010111111100111011111011111110001010001010111111110110011111111010011101110011101011011101110110000001111110011000111111110100011010110101110011010111111100100011110000111
1110001111101111111101101110100001001111000000101011011011100000000011010000000010110000000110001011010001100100101111010111000010000110000101010010110111000110010011010111110110000110001
1000101110000110001000000011110100011100010101101001110001110101110110011101010110011011010011101011011101001110111000000000011011010100101101010111100001111111011000000011000010101100111
1101111000110011100010101001111101000101110101101100110101000111000111010001010011011001111111001011001101101100011011011101001010010111100101010001110111011101010010101001110110101110001
1101100010011001111011101100101001101111000101101101100101011111110011010101011110011011101110011010011001111101110001111001011111011100001111011111000110000000011011111101100110101000101
1001101010111011000000111110000011001011110111111111111111110000000110010101000011110011000000110011001111010000111100110011001110011001011000001100010100110101110000000111110010111010111
1011111010110001111011100000101010011000000110110110111001111101101111010111011111000111010110010110011100000110011001111011011000111101011110100101011110111111111011110001100110110010001
1001100010011011000011001111101011011010111110000000000011000001100110011100011000010110010111011111000111110100111101100011001101110111001110101101111111100000000001111111001111100110111
1101001010110011011111101100001001011111101100110101110110010100110011001101011110110011011100001101011101000101100001111011011001100000011000111000110110001111110100000001100000111100001
1001101010011011010000000110101101110001000001100101100000110101110111011111000110011010001111011000011000010100101101011001001100111111011010001110000011101000000101110101001011110001011
1011101010110011011010110011101000110100010100110100110101111101100001110000010110110010100110011011111110110101111111000011011111111000011010101100101010001010110100010101101111000101011
1011001010111010011010011010001011111110110110110101100111000000110111000101010011111011111100110011000000110100110000011001010110000011001110111110101011011110111101111111101101110101001
1110011010100011010010110010101001101010110110100111111111111101100110010101010110000010010001111111111110010110111111001011000110110111011000001100111011001111101000001010100000010101101
1111010011110111011010110111111011000000100010110011000000000000110011011101011111111011000101101110000000110110100000011001101100111100001101111111100011011011000010111000110101111111101
1000011010000110010010010110000001101010110110011001101011011010110110011001000011000001101101000000101010100110110101001011000110100001011000001100001001010000011010000010110100000011001
1111111111111111111111111111111111111111111111111111111111111111111111111111111111111111111111111111111111111111111111111111111111112111111111111111111111111111111111111111111111111111111
