11111111111111111111111111111111111111111111111111111121111111111111111111111111111111111111111111111111111111111111111111111111111111111111111111111111111111111111111111111111111111111111
10001011010100000011011000110000101100110000101001011000001101011011000101101011000110001011011001011001011001010100001010101010001100110000100010101101011001010101101000110101001101001001
11100011000101101000001101111110000101111110101101001110101001011001110101101011101111101011001100011101011100010111100010101000111110100110101110100101001011010001101110110000011000011011
10110111110111001110101001101111110000011000101101011011101100011011000000001010101010000011101111001101010111000011111010101110010100111110101010110001011001010111001100000111111110111001
10110111100111111111101101000001100111111110000000011011000101001001111111100000101011111010101000011001010111110110011010101011010101101010100010111101001101010111100110111110110110101011
10100011001101011011000101011111110001011000111101111010010111100011110000111110101001111000001111010011010100000011011000101001010100100000001110011000011001000101101100011100110100000001
10101111100000000000010000001101100111001111100001110010110010101110011101111100000011001111011000010111000101111011011110001101010110111010101100111111001101110101101111010101100101111111
10001111111111111111111101111101001110011001111011000111111010100110110001100111011111100000011111000001010111100000001010111000000010111110100101101101011001010101101010000000110000000001
10101011010101101001100001110101101011001101001011011101000000001100011011110100011010111111010011110111110010111111100010001111111000001111110001001100001100010000101000101111111101111111
10111011010100001101111101010101000011011001101000001101111110100110110011000001110010110000010110000110100110010000101010111010101111011011111100011111011111011110100011111011011001010111
10011011000111101100110100010101011110001100101111101101001111101100111001111100011000011111000011110000110011010110101000111000001100001010101001111000001101010000111000110011011011000001
10110001010010101101100111010000011100111110101010101001101011000110101101010001111011111111110110111101100110011110111101101111101101101010101101101111101101011110001110011010011011011111
10011011111000001100001111011110110110011000001000000011000001101100100101011100110001100000000000011000001111001010011001101100000111000000000001100110001101010010111110110010110001000001
10111001101011100111011000001000110110111111101111101111110111100110110001010110011011111111110101001101111011100000111101001110101111111111111101001111011000011010101000011010011011010101
10101011001111110110001010101110110010101011000110000011010101001100011101010110110010110110111111100000011010111110110101100100101000110011101101100110001011110000101111000000111000011111
10000000011110000011011111101010111000101001101111011110010100011111010100000000111010010100101010111110110010100000110000110101111110011000001001101111100000011110101100011111101011001011
11011111011011110110001101000000000011101100000110001011000111011001010111011110011010110110101010100000010110111110111101100101010100111101100011100101001111010100001110110101101011111001
10000001111010110011011100011011111011001101101111011001110011011100000011111100110000000110101010111010110010110000101001101100010110111111111010110101100111110111011010110100101000000011
11011111110000111010000110111111010011011111101100001011000110001111110110110101111011011100101010101011111000011110000011000110110110011010000000110101101101100000000000000001100010111111
10000011011110101011011111101000011001011110100111101011010000111000000000000000110001110110000000000011101111011111111001110000010110110011111110110100000001101010101110111111001111100101
10111111010100000010011001001111010011001100101101000001111110101101010111111110111011100011110111111000100110000000011100111111010110111010100000010001111111111111111110101110011101110001
10110110000111011011001101011000010111100110000101111100101000100101111110010000010010110110011110111011101111110101001110010100010100011010111111011101010000110001100000000000111000100111
10010011110111110011011101011111000110101111110001100001101101101111101011011111010110110011001100000010101101011111101011000111010101110010101100000100000110111100111111011111101011101101
11000111010101100111010101001100010000000011000111110100000001100011000000001100000010110111101101110110001100011011001001110011010100011000000001110001101111100110100010000110101011000001
10011100000000001101010001100101111110111111110000111111101101101111111111011111011110100101000111100000100111011011101101011010000101111101101111111100100101101100111010111110100001011111
10110111111111101101010111110101110000011001110111101001111101100110100000010110011010110101110010101111111101011000000100001011010000010111111000000001101101100110011000010100001111010001
10010110000110101101010011010111011110111011010011000011010001110010111011000111000000010000011000001101011001001111110111100001111011110010111111111101111001110111001110110101111011010111
11000111110100000001010111010010011000101001010111111011010100111000001111110011111111011101111111101101011011011110100110001100101000011000001111000100110011010001101000100000001011000001
10011101000001011101010100011010110010001101010010010011011110011011111101100110111011011000101101001100000011011000001111111110000010111111011001110001110110000111001110001111100011011111
11000101111101011000000101010000011011100000011011010110001011011010101000110010101010001101100000011001111111011111100110011011011111101101011101011100010111110001100000111011111111000101
10010100111111111111110101111111011001110101110000000111101010001010100010011010101011101001111111010011101010001010101111010010001001101101000101010101110011011011101110011000000100010001
10111101100011000000000100101100001111010101011111110011000011011010110111110010101011001101011000011000101011100000000110011011100011001101101101010000000111011000101000111011111101111111
10011001111001110101110001101110111000011101000011011010011110011010110101011010000001100101001111011011101000111111110011000001101110011000000001011101110100011110111110110000101100101001
10111100101011010111100100000100001011001001110111000011001010110010110100010000101100110101011011011000101011101100110111111100000011011111111101010100011111010100010100011011101101101011
10110001100001011110110111101101111111101101010101111001011010111010110111011101100110000000010000010010100011000110010011011111011010010110100000000001001100000110110101110000000000000001
10011101111101011000110100000100101100101000000101101100011010101000100110001111111111101101000111010111101001110011000110000110011111010100111111111111100111101110100101000101111101011011
11001000101101001101111111110101100110000011110101101101011000101101101111011011010110111101101101000101101111000111110011101111000110010001100100111111110011001100110100010100000101111111
11101110101100011000101011010100110011110110000001100111011101100101101010011011000000110000111000011100000001110011011010000001110011010111110110100001011011011110000101111101011101000101
10000000101001111011100001000101111010111110111101110110000000110101101011000011111110111101110011000110111111011011011000111111111011010011010110111101010011010111110000001101111111101101
11011010001011010011101101110001011000101011110101000011111101100100001011110110101000100111011111011100001010000010001110011011000011010111000110000000011000000011011101111111110110100001
10010011100000011000111100111101001011101011000000011001000000110001111010100110101110101100010100001110111011111000111000110011111011000101110011111111011101110110011000001011010110101111
11111111111010110011110110100101101011000011111101011101111110110111000010110100101100100111010110100010110001100010011101111001101001110001110111010010001101000011001011101011010000000001
10000110100011111010100100110000101001110110101111110100010000110111111000010110100110101100000011111010111101111111000001101101100011100111000010011011011101111001101001111011010111111111
11110000111001010010110110011110100011100000000110110111011110110000011111000000101100000110110110010010010100011101111100000101111010101101101000110000000101001011001101011011010000001011
10000110000011011000110000110100101111001010110010100000010110111011110101111110001101111111110111011010110001110000111001010000101010100101111011111101110111101011101100001000000101111001
11111111111011010010011110000110001110011111111010111111000000101001100000101111011101001101100100001000010111010101101111111010000000101101010000110101000010000010101101111011111111011011
10000000000001010111110000110111011011110110011000111000010101101100111110001010011000011001110101101111000101010100100110110011101110101001011010100111111011111000000000000001010011011001
11111111010100010101011111110101011001100011001110101011011100101001100011101011011101110011010111100111101101011110101100011111001110101101000011110011011001101101011010101111010110011011
11101011111111010101001101000000001101110111101100101111111110101011111011000010010000011010000010110101100001001100100111000101111010101001111001111001010011101111111011111110000011011011
10100001111011010101011001111111100100110101001101100001110000000010100001111011000111110011110110000000111101011110101111101100010000101100111100101101000110101011001000011011110110011001
10111101010000010001010011100010110101100101101100110111011111010110111101011011011101100110010010101110101001011000100101000111011110001101100001101000011110000001101011110001100011011011
10100000011111010111011010111000100001110001101110110010000100010110001000000001000001101111010111111010101100001110101101101110011011101101101100101110110011110111101001010100101110000001
10111111001011000011011000001110111101011100000110011011110111010011101111111101011111000110000011000000101001111100101001001010111000101101111001101010110110110101000011010111101011101111
10110111100001110111011101100110111000011111011100111001110101011110100001010000001010011110111111111110101011110110001100011010110010000100111101100000010100010101110110000110100001100101
10000100001101000010010111110110101110110110000101110011000000001100111100000110100000110100101011001000000011000011011111010010011111110001100000111111010111010101000111011110101111110001
11110111111001111010110010100110101000010011110101011001110101011001100101011111111110100110100001101111110111101110011101011011001110011100111101110000000100010101101101010000100000011011
10110010010011010010011000110110001111010111000101011011011101001100110111111100000000001100101111100101110110000011001000000000011011001110110000011111110111010101101001000101101111110001
10011011011000011010110010000111101011000101110101001011011111011110110110100101011110100101100110110101010011101001101101011111000001100010111110110011000000000101101101011111100100111011
11000001001111001000010111110011000011110101000001100011010110001110110100001111111111110101110110110000010110101011000101110010011101111010011100000111111011101100101100001010001101100001
11110101011001100011111110110111101110000101110111111011000110100100110110100010100000000000110000110111010100111011011111111000111000110011010110111111101010001101101001111010101000110111
10110100010011001001011000000100000111101100000001101010010011110001100011110110111011111101111101111110000001110000001100010011101110011001010010001011001111100001100011100010111011100101
10110111011001111100001111010111101101000111111100001011111001011101101111000110101111001100101000101011110111010111100111011011000010110011010110111011101110111011110110101110011011001101
10010111001100011001111101110000000101110110010111101001111101010001101001110110101101100001101110100011010011011101110011011111111000011011000100011010100010101000110110000000111001100101
10111100011110110011011001100101110001100011000100000011011000011011101011000010101101001100101000001111011000001100010111001110001110110001101101111000111000000011100110111111101100110101
10001001110010111010001011111111111011110111110111110110001110110011000011101110000000011110000011101100011011111111000110011011101100011011000001101110101111110111110000000010100110110001
11101101011010101011011011011010000001100011010011010011101000111011011110000011011010111111111010111110110000101101110010111000000001000010011111001000001101110110000101111110001110011011
10000000010000000000010010011011010100111010010110011010101110011011000110101111111111101100000000011000011011101000111010101101101101101000111011101111011100000111111100000011011000111001
11111011000111010101000110110001111110101000110010110010100111010001101111100110101101000101010110111101000001001110101000000111111111001010010001001101011001110011110001111110000011101011
11100001111111111111110110111101101010001110011010111010101100011101000011001100001101110101011100010111101100011010101111011110110001111011000111011001001111000110011100100111011111100001
10111111000001101100000010101001101010111010110000101010100111001101011111011111100000000111111001000010111111011010101010001100110111001111110011001101011111110000110110101100011100101111
10100001111100000111111000101011000010110000011101101010110101100000000101011000111111110010100011011110110000001010001011011110110011011000000110011001011001111110110100000101110110001011
10111101010001101100010010100000011010010101000001101010100101110101110000000011101110000110101010001010011111101010111001010110010110001111110110111100001101011100000110111101010000100001
10011001011111000111000110101010111011011101101100101010110001010101000111011110000011010010111111100011001101100000111100010011010010100110000010001111011001010111110100001101000101101101
11001101000011101111111100111111101000001111111110101010100111011111011100001011011011111010110100101011011001001110001111010110010111110111101010101000001100000101100001111101011111111111
11100000011010001100101110011001101111011011000000000000101100001001111111100001110010101000010110101110011101111010111011010111010011000001111010111111101111010000111100110100000001010011
10001111111011101110000010111100000000001011110101010110000111100011000110001111100110000011010110000111010001010010110010010101011001111011010010011010100111111110010110110101111111011001
10101000101010101011111010100110101111101001111111111111110000111011110111101011001111111010000010111100011101011010011011000000011100110011011000110000001100101000110000110101001010001101
11111110001010101011010010101111111011000011001010001101100111101001100101000001100110111111111010000111011000011011010011110111000110011011011101111010100110101110011010010001011000111101
11010111100000000000011010100101010001111000011011101100110110101100110101110111110110101100100000111100001111011011010110011111011100110011001000101111110110101010111110110111000011100001
10010000001011010111000000101101011011011110111001001001100010101101100001100010100110001110111110000111100110000010010010111001010110011001100011100101010100101010110100010000011011101111
11011010101110011100011010000001011010000110001101101101001110001100111101111000001111100100011010111110001111111011010110101100000111010011111010110001010110101010010111010111111110001101
10001111111000111001011011011100010010110100111000000101101011101101100000110011100001110111000000010011101010000000000110100111010011011010110000011101000000100000110100000000000110111001
11100101011101110011001110011111011011110110101111110000001010101101111101111111001111000101111110110110001011011011101100001101111011011000111111001101011110101111100001101011111100101011
11110101001111010110011100110000000001000000100011011111101010101100101000011101101001110100010100000010111011111111101111011000110001001101100111101001111010101010111101111000011110100001
10000001011010000011010001111111011101111110001110000000000000000110000011110101001011000111000111110110111010101110000101001101100111011001101100000011100010101000001100001011010000001101
11110111000000110111111111011100010000010111101011111110111011011111111000110101100001110101110110000110101000101010110000011001110111011100000110111110111000001011111001011001011110111111
11110111011101110110000000010110110101000001001011001000100001011101101011110101001111000001010011110110001110101011111111011011000101001111011100001100000011100000110011111111010000001011
10000001111111011111111011000000011111011101100001101111111011110101000011010101011001011100000111010000101000101001011000000011110100011000010111011111111110001110111010101101111110111001
11110111000010011010110001111011111100011000001100000111000010110101110111000000000011111111110101010111111110001011001111111000110001111111010110001010100110100111101000000000110000011011
11010101111000110000011011100011010111011101011111011101111000110001100001101111011110110101000101000101011011101001101010001110010111001100000100101010110011110101101101111111111111001001
10000100101110011111001110101010000111110001110000010101011101111100110111111011010010100101110101110101010000000011000011100011010111100111110110111010010111000101101100101111100101101011
11110001101011000110011000001111110101111101111111010001010100001101100101100001011000110100100101010001011111111001110111001110000101110100000000011011000001110100101101101000110101101001
10100111100001101100111111101110000101010111001000011011000001111000110000111100000011100110110101010111001010010011010101011100110000110111101101110001111011100101101001101011110101101011
10110000111011000110011001111011110001000011101111010001110100010011100110100111111010110100000000000101101011011000010101010111100111100010111001011101101010110101101011000011100101101011
10110111111000011111001101011010000101110110000001011011011111011000110011110111101010110111101101110001100011001101000000000011110101111010110011011000000010110100101000011110110101101001
10010001001101110010011001010010111101010111110100010000011000000011111001100100001010100011000111110111111011011111110111011110010100110000010110001101011010110101100011110110110001100011
11010111011001111010110011011011110000000001111111011101111111101110110011110111100010111000011100000010110010001010111111001011010101111111010011011111110000000101111000110010111101110111
11010110001101010000000111011011011111111011011100000001100110000110011001100101111000011011011001011010111000101000011100011000000101101101010110011000100111110100011011100110011100110001
10000111011000011110110010001011010110000000000111111100110100101100110011110100011011011111001111010000000011111110110111011111110100101001000011001110111111000001110000110010110110000101
11101101011111001100111011101010010011111111010011110110100110100110010110100001111110001101011110010110111001011000010100001101110001101101011110011010011001111101010111111010110100111111
11100000001100011111100001000011010110000011111000000010101111110111010100111100010100101101110000111111111101011111010111100101011100101000000110111011001101101000010001100000000110000001
10101110111110110011111101011010000011111001111111111000000101010011000110110001110001101000011111101001101000001011010011101101010101101111101100101001100101001111010111110101111100111111
10111000011000111010100001111011110111000011010110101111101101011011010010111101011100111101110100001101101101101001010110101100010101100111000110101011110101100110000001100111100110000001
10011101001110011010110100100001100101111001010100000110000101011001111010011000011110011000100111100001001100111101010100001111000001101101101100101001100001110011110111110110110110111111
10110001100010110010011110111101110101011011000001110011010001001100110000111110110111011011101110111101101110011000010111100011111101000101100110100011111101011011010110110110110010011001
10011111111010111011001000000000110000001001111111111010011100011001111110101010010101010000001100100101000010111111000011001110100001011100110110111011110000011010010010110000000110110011
10111100000010101001101111011010110111101100010011011011110110111100011000101010110101011011111110110101111010101000011001011100111100001101100110101001100111011011010110111011011110011001
10110111011010101011000101111110111111001101011000000000100000101101111110101010110000000010001100000000010000001111110011000110011111100100110110000011110100000001010100011001110100111011
10000111110000000001010001110100001101101111011111111110111110101101011000000010011111011010111001011111011110111100111010011100110110001101100011110110111111111011010101110011100110101001
11101100100111101111111101000110100000000110001100111010110000001101001111110110110011110000110011111111010110101001101010111101100000100100101010000010101101101001010000011000110000101011
11101110111101000001100000010011111111110000100110000000111111100001011010100010010110100111111110100000000000101101000000010101111111101101101110110110001101101100000111110011111101101011
10001000101001101111110101011001011000111111110010101110101111101100000010111011000110110011010100111011011110001001011011110101001011001100100111100111100101001101110001111010110001100001
11101110101101100101111111111101001110011011011011101000000000000110111010010011101100100110010110101011111011101101110011100101101001101101101101001101101101011000011111010000011101001111
10101010101000110000101010101000011011011010011011001111010101011111101011011000100110110011000110101110100000000100111000110100101011001101101000011101001101010011111110011011111001011101
10001010101110100111101000101111011000001011000011011000010101110000000000011110001100011011110010100100111110110001101101100101101000011000101111011001101100000111100010110000001101010101
11100010101000001100101110101010011111101011111001011011111111110111111111001110111110111001111010110110001110011101101000110000001101001101100110001100101101101100001010111101111001000101
10111000000011100110101100000011000110000000001011111110001011011110101010011000111000001100000000100000111000110000100011111010111111101000101100111001101111000110111110010100011101011101
10111111111111101100101111101001110011011111101011000111101011011000000011001110101110111110101110111101111110100110110111011110101010001010101110001101000110011100100111000001110000001101
10000000101100000110000111001011110111111000000001110001101011001111111010011000001010110011111000000001101011111110000110001100100011011110000011011001101111010110001101011111011111100101
11111110100110110011110101101111000110101110101011011011001011011011000011001111101010010110011101010100101001011011110111100110101110000100111110001101101101000010111100000110011000110001
11100100001111110110100000000110010100001110111010000001101011010001111011011100000010110011000001111110001011010001010001101100001011110110011011011101000101011110011001101110111011110111
10110111100101000110101010101111110111101011110011010100101010011101000000010111111010000111111011111010100001011101011011000101011010110110111011001000011101001100111101111010110001100101
10000100001101110110111111101010100111000001011011111110000010110001111101010111100010111110111111010011111101010100000001110111011000010110110001101111000101011110110100110000011011001101
11110111101101010100010101101010001101111100000000101111011010111100111111010100111010011010100101011011011100000111110111000010011011110000110111001110010000010010000101111011110011101101
10000010101001010110110000001011101000110111101110100101111010100110100010000001100010110010110100000000000001110101100001111000111001011110000001101000110111110110111101100010111000101101
11111010101100010000011011100010101011110011111110101100000000001100001011011101111010011010010110111101011011000100111011111011110011011000111011001111110000110110001100101110101011100101
10000000000111011101111110111000000011010110010000000110111110111111111011111000101000111010110011110001111111110110100011001011011010001110110001100011100111100010111110100110100011101101
11110111110000011000101110011111111011010011011111101111110000000110110001101110001110110010011011010101100000000110111011101010011010111011100101001110110011001110010100101100111010100101
10011111111111001110000011010001001010010111000011100110011111101100011100001111101100010110110001010111001111110000100010100000110000110011111101101100011001011000110110000110101010001101
11000000000000011111101111011101100000110101111010110011000001100111001111011010000111010100011011011111111100110110001000001111111010110110111001000001111101011110110100111110101010101101
11111011111101001011000101001001101110000000110010111011111100001100011000000011101100010001111010001101010110010011011111101111010011110010101100011101010001001100100101111010001010111101
10000010000001100001101101100011111000101010111010100001010001100111001111111011001111000111110011101100000000111111110101000001011001000110101111111000011011011110110000101011011010010101
10110111010101111100000101001110111111111010010010111101011011110011100110101011100001110101010111001111111110001110000001011101001101010100001001101111011000001100011011101011000000110101
10100100011101000001110001100110101100111111011010101100001111011001110000000001001111100101010110011011001011011000110100000111100101011111101011001100001110111111011010101011101111110101
10111101011111110100111100110100101001100101010010000001111101010011000111111101100110110001010111010001100011001111111111101110001100011011001011101111100000011000010000001001101011100001
10100001110110000101101101110101101011110101011011111011011000010111111110010101101100111100000011000111111011100110001000000011101001110001101010101010001111001111011011111011000000111011
10110101100111010101100000010101100001100100000000101010011111000101011011000001000101100110101110010101001010101111101101101110000011111101101000001011111111100110011001100001101111100011
10011111110101111111111111010101110100110111101010000000110101101101010001111101110100110011101100111101100010100101000111000011101111011000101110100011010000101100111011101111000101101001
11111000000101100000000000000001011110000110111111111011100100000000011011000001000110010111000110011001111000001101110110011110100001010010000011110110000110000110010011000001110001111011
11101101110000111010111101011101011011110110010100010010110101011101011011111101110111010001101100110011001101011001010100110110001111010111110110000111111111110011010111011111010111010001
10000001100101101111111001110101011010100011010111011010100111111111010001100101010000011100001001111001011001001101010110000111100111011110100011110101011011011001010101010101000000000111
11111111111101000101101111100000000000111000000101001010101111110010011100110001011111010111101101111101001111100101010110111101101100001100110110010101010011001101000000000101110111111101
11101111000001110100000000110101110110000011110001100000000101011011011001111101010110010011000000110101011001110101010100010101101101111110110011010001011011011000010111111100010101000001
10101000010100000101011110110111111100110111000100001101010000000000001101100000000010110111111101100101010011000000000111010101001000111000011010011011000011010010110001110111010101011101
10101111111111110111111000000100000111111101010110101001011101011011011100111010111010110101000000001101011011101011110101010101101011101110110011011001101001011011110111000101010000000101
10001101101011100010101111111111101110011101010111101011010001110010001001110011110010100001111111101001011001111110010000010101000000100110011010011011111100010000010011101101011011011111
11100101100000001000000000000000000011010100011100001111111111111111101101011111011010110111010000101101011011010111011111010001011111101110110000111011110111010111111110001101010001000001
11110000111111101101101101010101011000000001011111111101101011011100000000011101000000110011011110100000011011000000001100000101001101101100011110110001100111000100011011011100000101010101
10000110000000000100111101111111111101011011010011010000000001010001111111000001111101100110011000111011000001111111101101110111101101101110110010111011001100011101110010000110111111111111
11101111111111101111100001100000101101011111111011011011111100000101000001111101110001110110111110001111011111100010000111000010100101100110011010101011011111000000011010111100011100101011
11001011000000001011001100111010000001001110000000011111100001010111101101011001011100100100011010111101011000111000110000010110101100101111010000001010001100010111010000010110110110000001
10011010011110100011101001111111110101011011111110110000111111111111111000001100010110110110111000001001001110110011110111010000101101100110011011101011011111011101111110110010000010111101
11010000111110101010001111000100011111010000000110111110110110101101111101111001000000000100001101101101011010110111011111011110100000101111011110001011001100001100110000011000111000001111
10011111100000101010111111110111011011111111110000000000000000000000100001100011101011110001011111000001001000110100001101110000111110001011010100100001100111011101111110110010001111111011
11110101001101101011111000000000000000101000000110101011011110110110001100111111111111000101000111011101011011111110100000111110110110111000000111111011001101010101101010110111111111100001
10100000011111111111001011101101111110001110101100111011011000111111101110010101100000010111101101010000001001011111111110001100010100101111010011000001101100000001100010110101000000110111
10001011010111010101101111101001000000100000101001100011011110011011000111000000001110110011000101111111100011010110010011101111000101100001111001111011000110111111111010000001011111110001
11101001110000000000101100001101101101110101111101110110010000110010011101101011011100111111110001100110001111000011011000000111110100101111111011101011110110000001100000111111000000011011
11101111111101011110001111111111111111100100011001011111010111111011110001101011010001101011010111110011101101110110001111110100000101100011010001000001100110111111001101111110010111111001
10000011000001111111100110111111011010001101011111000001111100010000000100001001110101000010010101100111000000110111100110000111110000001111011100010100110110000001111100000000111100101011
11011111110111000000001110101100000011101101110011111011001111011111111111101011000111111011010101110101110111100101101111110010111110111110000111111110000000111111010101110101111110100011
11110010011111010110100000100111111000001111111010000001101010000011001010001011010110000001010101000101000001110101000101000110100000010011101101101010111010000110010000010111010110001001
11111010111101111111111110110010110011011011010011111100001011111011101011101111011100101100000101110101111011010001110101110100111110110110100101001010100011010011000110111111010010111111
11011000010100101011010000011010011010010010011011010111100010000010000000000001111001111111110101010101011000011101000101000001110000010100101101101011111011111111110011101001010110111101
10011111000110101000000101001000111111111011011000000100111011111011010101010111100011011011110101000001010011110101110001111101011111010001101001001011010000110010110111000011010010101001
11010111110110101111101111100010011000000000001111110110100011101000011101110110001010000000000000010100000111000000111101011000011011010111001101101001011011111010100101101110011000001011
10010101000000000011001100110111001111111111101011000000001000000011011000011111111111101010101011111111110101111110100101001101111011010001100100101101010010110010110000000111000011111011
11010100011011110111111110111111100110000000000001111111111111011011011110110001010111111111111111101010110101011010110000011100110011010111110110000101011010011010110111111101101001111001
10000001010010000000010000000010110111111111011100000000000000011001110000100100000010000001100000000000000000001010100111010101100110000010100111101100011011000010110001011000001100000011
10101011011011110111011110111010110011000000001101111110101011001111110110101111111011111100001011110110111101101010111100000000101111011010110100001111011011110110100100000010100110111111
10101110010011100110010011100000011001101011011001101011111111011000000111111010000001010001011110000111111111100010111110110110100110011110100001100110000010110100001101110111110011101111
10100011011010001111010111001011011011001111111111000001010100001110111101100000110100000101110100110101100000001000000011111110101111010110110111111111111000110101111111110011011001100011
10101110011111101101010110011111000000011110000000011100000001011100100000111111100111010101000001110100001110111010111000011010001011010100110110110001101011100000000011011110001111001001
10111000110000001100000110110110011011011000101011011110111011000111101110100001001111111111111101000110111110100011101111000000100011010110110100111011001000110111111110011000101101011101
10001101111010100111010011110011011010010010111111110100100011010111111000111100011000101010110001110100110000101011000000011101110111010010100110011001101011110001000000111011111000000111
10101101000010101111111011011011010011010110110000000110111011111100111110101001111110000000000101000110111011101111101010110001010001011010110111011011001001010101011110101010110011010001
11111111111111111101100000000000011010010100011111110000011110100110101000100011000000101111101101010111101111111101001011111011000100000000000000011010011011010111000011100000111001111111
11111000111100011001001111101101011011011101111000000111110110101100000010001001111110101000001101010100000100000000011001101111011111111101101101000000111000000011011111001010011011101001
10101110000101001101111000001111010011001111110011101110000000001001101011011011000000111101100111111101010001111011011111000100010000000001111001111110110011101001010101101111000000100011
10000011110111101000000010100110011111100111000110111011110111101011001110010011101010110001001100101001011111000011110111110001111101010101000011000110110110111100000001101101110110001001
11111000010000000010110111110111010000001101110100000001011100000001111000111001101111110101100110000011111111110110000000011101001111010111101111110110100000000101111100000000110110101111
10011111011011111010011101000100011011011000011111011101011111101011011110110011001101000101001100101110000000000100101110110101100010010100001111000010101111010100000111011010111100100111
10110010011111000011110001111111111001111111011011110000000000001010000000011010011000010101101001111111110101101101111000000001111000110101101010011000100011111111010001111110001110110001
10111000110101101000011100000010000011100000000010111010101010101011011010110011111111011101001101000010110100111111100010101011000010011101101000111110101110101001010100000111111011110111
10001110110001001010110001111000110110111111111000000011101010101110011010011011100000011001100111111000000111100000001110111110010110110001001111110100000000100011111101010000011011100001
10100000011100011011111101000010100110010110000010101011101111111110111110111110110101001111111110111111110110001010111000110111110110011011111111000001010101101110101111011110111010110111
10110101000001010011000001011010110011000000110110101010000011000000011000100000000101101000000000000000000100101010110010100000000100110011000000010101010100000000000001000110000000110001
11111111111111111111111111111111111111111111111111111111111111111111111111111111111111111111111111111111111111111111111111111111111111111111111111111111111111111111111111113111111111111111
