111111111111111111111111111111111111111111111111111111111111111111111111111111111111111111111111111111111111111111111111111111111111111111111111111111111111111111111111111111111111111111111
100101010011010110100110110000000011000001010110101000000000001001000011011001011010110101001100011001000011010110101010101001010010011010001010100100000101010000000000110000001100011001101
101101010110010100110100011111110110010100000100000011011111101101101110001100000000010101100111011101101001010110101010001101011000110011011010110111110001011101111011111110100111001101101
100101000011000001100111010101000011111111010001010111110000000000101011101110101011000001101111010100111101010100101011100000001110011000000010010110100101010100011110101100110011101100101
101101010110010100110000000001110110101011111011110010100101011110101010101011111111111101000101010101110000000101101010111111101010111111111011010100001100010101110100101001111110100001101
101101110110111110100101101100000010101000110010000110001111110000000000000001010101000000011101010100100101110100101000100011001010011011000000010111100111010001010101100011001110110111001
100001110010101010110111111111110110001110011111010011011010111110111011111100000101111111010100010110111111110110001110111001101011011011110111010110111100011101010100111010011010110011101
111100000111101000000100000000000000100000110101111111110000000000100010000001010000011000010111010110001100000000111010110011000011001001111110000110001111011001010110010010110010110110001
101111110101000010110110111110111111101010000100101010100111011010101010110101011111010010110101010111011111010110101010100111110111100011011011010110111010011100010111000110011010010111101
101010010001011111111111111000111100111111010001100010001100010010101111111111111100000110000000000011011011111100000010110101100110111011010001010000010011001110110100011110110010110011101
101011011101110101101101100010100001110001011100111011111111111111111111111010110111111111101111111011011010110001011000000101001100101010010111111111011001100110110111011010000110110110101
101011011001100101001100111111111101011101111110110001110110110101011010110000000000000000001000000000001010011101111101010000011110100011010110101000011011110100100111001010111100110010101
101010011100110001011110000101011101011000110100111011000000000000000000000111111101110110111011111111011010110001000111111011010100111010000010101011000010100110101101011000101101100110001
101010110001111100011011110101010100011110100110100001110111101010101101010100111001000110100011101110000000110101010001111111000101100011110110001001111010110100001100001011100000110000111
100000011100110111011011010000000111010110110100111100011110001010111111111110001101011100111110000011111011111111111011010100010000111011010011101111000000010101111111011000101111111110001
111111001110000100010010011011110111000010000001110101111011111010110010101011100001001111100000111010010000011100100000010111011101100000010111000110011101110001001010000010101011001110111
100000011011110111011011011110110101111011110100100001110000000011111000101010001011011000001111111011011010110110001111000001111000111101000001101111111100010100011000111111101001101010001
111111001011010111010000000100000000000010111110001111011111101011000010000000101111111101101011100000011011100011111011101100110010101111110111000101110001111111001110110011001100001011011
101111101011010000011111110111111010101000001011100000001111111111111111111111101101111111111010001111011001101110110000101001100110101010100001101101010100101011100110000111101101111000001
100000000000011111010010100000000010101101100000001011111000111101001101111000001101011111010000100111001011000100111110111101111110100000001111001101011110001010110010111111101101101111011
101010101101000101011010111111111011111001111011101001010011101001101000001101101100001100011011111101100001110101100110110101011010101111100110011000011011101010110110011011000101100011001
101010111111010000000000011110111111011111000010001100010110101101101111101111111001100111000011011001111011010101101100100000000010111010001100111111011000000000110000110010011100110110011
101011110011111111111111000000100000000111111111111101110110101101001000101011011111110101111111001100100001010000000110111111111010110011101110110001001101111110110111110110110110100110111
101010011010110000001011011110111111110100000000110001100110101001100010000000001010110100000001101110111100011111110100010011101010110111000110011101011111000000010110000100110110101100001
101011000010100110100001111000011001010111101110000100110100101100110111101111100010100111111101000000000111001011000001000110100000110101110111001001000111111111010000111101100110101001111
111111111010001111111101101111011100000000001111110110010110101001111111111000111010110101010100011111011100011001011111110100111110100001100001101101011100111010010101100101101100000011011
100110000000101001000000000000000001101010101001000111000000100011011010011011100000000001010111010000010111011011111100000110011010101101001111001000010101101011010101101101000111011001001
110111111110111100010101011010110101101010111100011101011110111011010000110001111101101100000011111111000000000001100111101111011010111101101001101111010101100000000101001100011110011100011
110000000111110111110101011010011111101111110111010001111000100011011110111101011111111111111010100000010111101100110101001101010000011001101011001101010100101110110111101101110011110101111
100101110000000111000111010010110000001000000011111100001110001110010100010001010110110010000000111101010111111110000001101000000111001101101001101001010101111111100011001100100110110000001
111111111110110100010111111110111011101010111000100110100000100111000111011101010100111011111010110111010100110110111100101111011111100000001101001101010100111001001001101101101100111011111
101011010000110111011100000000011010001111111110001111111111110001110000001001000110000000101110100011110110000000111110000011110000001011101101011101010001101101101100100100000101100010101
100000011010100100000110110110110011111101101111101101011111000100000111101101110011011010000110101001111110101110100011111010111111101010000000000100010111101100111110101101111101111010001
101011011111110110110110110100110111100000000000001000000001101110101100000000011001110011110110111101000000111111111011000000000000001111101111110111000110101110011010101000101101010000111
111010010101010000010100011110111110110111101110100011011101100111111001010111011011111110000000010000011010110001100000010110101111101101111100000001110110000111010010101011100101010111111
100011000000011011111110110011101100011111101000110111110000111101000011111100001010011100111111000110110010011100001010110111111111101000110110111101100111110101011010000000001101010010101
111001111111010000000111111010000001001000111101111101111110110101111110101111100000110110110000010011111010111111111111111101111000001110100000100000110100000101010000101111111001010110101
101111111010000111111101010000111011101010110111111101000000000000000000000011001110000111100101010110001111100000000100001000101111101110110101111110110111110000000101101000011101010010001
100101000000110011011000010110011110101110000010110000011101011011011111101001100011010001001101110111101111111111110111101110000000001000111111000000000111111111101111111011110001000110111
110101101011111000011111000111110000000011011000000110111111111111110010111100001110011101011001100101101010110000000000000111010110111110101010011010110000000011100000110000011101011110001
100001111001011101001010011101011111101111111111010110100000110100011000000001011000110000011100111101000000011111111111101101111111111000001011011010111111111010101110110111010000001100101
111011000011000001011011111100000010000110101011010110101010010110111101111011111101100101000110111101111111001000101010000101101001001111101011011110100000000000000111110011111110101101111
100000011001110111010000000110111011110000000000010110111111000000010001000001110101001101010100100000000101101110000011110000001101011000101011110011111010101111110011000110101100111001011
111101011101100110011011110000100000011111011111010010100001101111000111111111000001111001011101101010110001101111111010000111100000011110000001100111001111111010111001110110100101111011001
100001010000110110110011110101101101000000011000010111111101101000010100110000010111011011110000111111111101000001000000111100001111001011110100101101100101010010011100110110101100101011011
111101111011111111111010000111111111111111011110111101000101001111010110000111010100001111111111100110001100011100010101110001111111100000000110000101001100011011010110000000001101101011001
101001000011011101101111111100010000011000010000110000010000011000011111010110011110100101011010110011100001111101010101000101000001101101010011010101101111000001010100111011111101100011101
100011101010000000100110100111000101000010111011100110111011111110110000011111111000110000011010011010111101000001011111111101111101001101110111110000000000010100010101111111110101101110001
111010001110111110101100001101110111011011100001101111101110000000100111001101101111111111000000110000000001101011111010111111010000011111111110000101010111111101010101100110010101100011011
111110100111110000001001100001111111111110001111111011100111111110101110011000000000000001111101100111111101101110000000000000000111011011011011111111111111101001000000101100110100101110001
101111111101011111101100111101011101000000111001011010110000000000111000111101111101010100110100111101111101000111111010101111010110010000000001010000001000001101010101100101100101101010111
101011011000000111001111111000000001111111111100011000011111111010111101100001111111111110000101101000000001011100000010101000010111011111101100011111101110100101111101101100110101100000001
101010001111101101100110101111111100111011101111011111011000111111100000110101000010101011110101000010111011111111011010101101010100011000001001000100000111110001101000101101110000001101011
100011100000000100001100000001010101100000000111010010001101100100101011111111111000000000000000010111111011000100011111101101111110111101011101110111110001011111000010000101100101100101001
111000111111010111011111110100000001111111110000011000100000001101111111011010111011111111101011010110000001110001010000001001100000011001110111100101011100000000011011110000001101001111101
111110001110010010010101011110111100110001111101001111110110100101011000010000000011000000001010011111101011000101010110111111110111010011100010110000011110101010111110000101011111100000111
100111100011111011010101011111110001111101011111100000000111110000001111011111110110011010101010111011111010010101111111111011011111110110001000111111000000111010100111011101110000110110011
110000001110000010000101010101011101010101010010111111111101011011011101000001011111111011111010100010000010110111101000000000000000000111101110101111101110100011110000001100011011100011001
111011100111111011010000000100010000000000011010010110100000000011010101111101011010101110011111111000110110011111000011111110101011010101111000000001000110111111011011101101111000111111101
100010001101101011111101010001000101010111000011000010111111111110000101000000000000000111010101011110110010110000011011110100111111111101010011111100010011111101000011001101110010111101111
111111100000001010000001011011110101111100011000011000101111101111110001111111101011010001010101000000110111111111010010000001110000001000000111000001010110000000011010011101011110100000011
101101111011100000101011010010000111101001111010111110100000001010011011011001111111111100000000011110110101010000010111010101000111100011101100011101111111011101011110110000001100001111001
100000011111101101111111111011110110000011000011101010111111101010110000001101011000101110101011010000011101011110111100010111010101001110111001011000110000010001010000111010100110111111111
111111000000001111010101101111011100110111111011000000101010001010000110100001001010000000111111010110110000001000011111010110011100011000011111001110111011111011010101100010110000000001111
111111111111111011000101101100000111111110000001111110000011100000101100111100011111111101110100010100011011101110110000010011011101111111000000011110011111101011010101110110011010101111001
100000000000000001110001101111101101011011111111101000101000001101101101100001001100010001100001111111111111000000110101010111110111000000011011011000110000000001010111000010110011101110011
110101111101101100000111100110000000000001100000000011101011011000111111111111101111011100110101000011110000011011111111011110100000010111010010011010110101111011110110011010011011000011011
111111110000111110110011001100101111111100111111111010001010011101111011000000001010011111111111111000011111111011001000011000001111111111011111111111111111110001100010111010110011101000001
101011011101111011111011100111111011010001101010000011111111001101000011111110100011010110011011101110110101110011101111111111011011111101010001110101011010000111001010110011111010001010101
100000000001100000000000110101010000000100000000111111110101011001101001000000101000000011010001000100000100011110000000101100010000010000010100000000000011010001101011111000011011101010101
101101101100110111110110110100000101010101011101110000000000001101001100011010101011111011011101110111110110111111111010001111111011000110110110110101011000011011001011000010111010001010111
101000111001100100000100000001011111011111011111011011111111011111100110111011101010000001011101010101100000110010001111101010100011110100111110111101111101010011101011101010001011111110001
101101111100110110111110111101010000011100010010001110000000000000111110001110001111110100000000000000001010011011101101000000001110100110100000011001100001111000101110001011011001100000101
101101000111111111111011110001011101110111111011101100111011010111110100101111111100000110101010101010111111000000000001111111011000001100110111011101111011000010101000111011001100111011101
111111010010101101000000000101110001000110100000000001100010010100000001111011100001101111101110111011110101101101011100000000001111011111111101110001010001101010101010011001011101111000101
100000011000000000011111101101100111010000001111011011111111011110101100011000001101101011001000001110000000111111110111111101011000011011101000111101000101001010111010111101111001101011101
111111011101011101011000001000111111111110111100011010000000011000100111110011011001111010011101100111101110010010100101011111011111111010000010000001101101101010110010110000001101100001101
100000010001111001111101011101100000000000100001011010111011011101111111111110010011000000110111001100001111011010110000000111010011101011110111011011101111001010110110111011011001001100101
111111010111001111000001010111111011101101110111011010111010001101011000000100111010011010100000011111011011000000000101110101111010001010000101001010000001101110110100011001001101111110101
100011011111101110010111010000000010001111000110011111100011101101001111110001100011001110101010110000011000010101011101000101101000100000101100011111101111001100100101011011111000110000101
111001110000000000111111110111101011111011011111010101001010000111011011111101111111011000111110011111010011011111011001110000000011111111111110110001000111100110110101011000011010110101101
100011111111110111101101111100001111100000010000010000011010111100000000000001000000011110110110110000011110011000001101100101011011000000000000011100010000101111110101001010110011100101101
111000011101111111000000000001101100001010111101111010111111111111011111010101101010110000100000011010111111111111011000111101010010011010110101110001011010101111010111011011111011110101101
101101110100000000011110110101101101111111111111100010110001000000001100010111111011111110101011111111100000000000001101110001111011110010110100110101011110100110000011001011000000010111001
100001100001010101011000010101111111110101010110001110110100011011111111011111000010000000101111110101110101101011100111010101100010000111100101110101010000101111010110011110010111011110011
111101111011010101010011110111011010000000000000111100010111011111111010011000010110101010101000000101011111101110001100000101101011110110001101100101011010100110010011000111010001001100111
100000111001111111111111111100000000111110111101100001111111010000000000111101011111101111111011010000011011000011011110101100111111000011011000110101001110110010110110010101010101101101101
111110001111101000101100001110111111100000110000111111110001111110111010001101110000001000000010011111010000010110010011111001110110010110011101100101111110110110111111010001010101101100001
101111100011001110100111011011100011111110011010111111011101110111110010101101111011101110101011011110000110110011000110000011010000110100110111001111101000110110000011011011010100101001101
100000001111101010110000001011111010101100110010100000000000000001100110100111010011111111111110010000110100011001101111111111000110110110110100011111000010010011011011010011010101111011101
111111101010000010011111100010100000000001100110110101011101010100001100110100000110111011011111111110011110111111101000010100010100011111110001010101110111010110011111111011010111110011001
100000001011111011011011111010101010111100110100100111011001011101011001111111101100101010001010101010110000011000001101000001010110111101011101010000000101010011000001101010010010100110011
111111100000000011011010110010001011110001111101110110011011110001001011011000000110000000100000000000110101011011111111101101011111110000000001011101011100011111010111000011011000110011001
200000001010111000011000011011011010000111101101100111010010100101111110001111010110110101101011110101100101111110000000001101110000000110101101111101010001000110010011111011111110100110011
111111111111100011000011000001001110110110100000110100011110001100110111101011111100011101101111110101110100101111111101101101110110111111101101110001010101101111010110011000110000110011111
111000010101001001101110011100011000100000101011111101011111101001100000000001101111110001101100000100011111101000000001001101000011110000000101000101011101000001010111000010111010011000001
101111000101111011001100110001011010101011111110101111110000001111111111111101100111011011111001110101010011100010101101101001110111100111010101111101111101011111111101111010001010110010111
101000010000011111101110010101110010111000110110000010100110111100001111101100101100011111011111100101111010111010101001111111100110001100010101000000110001000000101000000010101010011010011
100011011101000001000110111111111010110011100000111000001111100001100000000110101111000101010100001111101010011111101101000000001111100111011111110101111011101011100011111011111110111011001
110110011101101100010110001100000010111000111010100010101100001011110110110000000101110000010001011011000010110111111001111111101100001111010000000111000011001000110110000000011000001110011
100011110001101101110110101110110110100011100010110111111111011110111100100110110000111011000101000001011000000010110011000000000110101100011111110011010111101010110111101011111101101110111
111111110101001100110110100111100011111001111011100101011010010100011101111110100110000011101101010101001110101000000111110101010010100110111100000111110101001110110100001000011001001000001
100000000101101101100110101100001000110011001111111100001011110001000111100000101111011110100111010111101000111011101100000111110111101100100001110000011100011110100111011010111101101010101
111011010101001101101100111111011101111001100110110001101010011111110110001110111100011000001100010010111111111010000111010110100101000110111111111011010001110011110110011010110000111010111
111111111111101101001101100111110111101111110000011111001010110110110110101000100001011010100111011010010110000011101100011100001101101111111000000011111101110111100011001010011010110010001
101100101010101001111100110001110010001101111111010111100000000000000000101110111011111111101100001011010000101011000111111110101000000011100010111001100000000010110111101011001010110110101
100110000000001101100001111101011011011000110000000001110111010101101011111100110001110100000111011111000110101001110110000000111111011110111010100011110101110110000001111010011110110110101
110000110110101100110100110001010001011110111111110100000100010111111111010111100111000001010110001100010100101100111111101010110000010000101011101001100101100110110111000011010100111100101
100101100110101101110110100100000100001100000110000111011101011100000000000011110110011011011111100110111110111110011010111111111110111110000001101011001101001100100001101010000111101101111
110111110110101111000110110110110101100111110100111110010001111111011111101000000011010011010000001100101100011010110000000111100000011111011011101001101001100110101100111110110110000000001
111110000110100011101111111111111111101101100111110000111100110100010000001011010110010111111110100110100001110000011011010010111010110000011011001011111011001110101110110000010011110101011
111100110110101010001100001000000000000000001101011110011001100001011011101011011100110100101110101100111100110101011111011000000011111101010001101001100001100010101000011010110110000101111
110101100111101111101111101101011111010101100101000000111101110101010011001011010001111110000000101001111101111101010100001101010110000001011011001011111011001010111110110010100110101100001
100000110100000110001010000001010000010100110000010110100001000101111111101011010101101011101010111111100001111111110001101001111100101101011001101010000001101111100000111011110110101101011
111110110101010110111000110111111010110101111111010100111011010101100000001001111101100000001110011000001100110110111100111111000001101001001101001011101011000000111010001001100110101101001
100000011111010110100010110110100011111101100000011101110011010111110110101011001101111101011100111111111001110100000111111111110101101101101101111111101001101111100010111011110100101001011
111011001100010110101010100100001011000000111110110001100110010100000011111001100111011001011001111110000011000001110000001001010100101001100111110110101111100000110110001110000101111101001
100011100111010011111011111101101011101101100000011100110011010111010110000011110100001101010011011011110111101111000111101100000110111101101100000000000110001111100010100011010100110101011
111000110100011001100011101111111110100111101111011001111011010101010111101011010111100001011111010000000101111111110100000001010010000111111111110101101111100001101010101011010110000111111
101011100101011011110110000110000100001100001000001101100010010100011101111111010000001011111100000110101100000000000111110101011011110100000001100101001010101100111011111111111111010000001
100000110101111000111111101111110001101001011111011001110111111111111000110110000111011001100001010110111001101011011111000101110001111111111100001111011010000101110001010110101000011111101
101010110101100011101010100011000101111111110000001100111101101010000010000000101111110011110101010110100011101010011000010111000100011001100001011000011000110111000100000000001101000001111
101010010101001010000000111000010111000110111011011111101000000000110111011010101000110110011101010110110110001111111011010100011111011101001101011101011110110001010110111111011111101011011
101010110111101010110110000011010110010000011111010000000010101101100100011010101110000000110001010011110011101100000001111111001100010000011001110111110000110111010110000011000110001000001
101110010100001010110100101011010111111011010000011111101011100111111111001011111111011010011101111111100110001001011111101011011111011011010011100000000101100011110110111001111111011010101
100010111101101010110110111111010001100010000111011100001011110110101100011111011001001110110000101010001111101101010000000000010100010001110110001101101100101000010110111100001100011010101
110110110001101010011110110000011011001110101100010001101110111100000001110110001100011100011010100000100110001111110111111101000111010101100100101101000101111101110100001111101101011011101
110110100100111011110000111011010011101000100111111101111000001101101101000000100001010001001010101010101111111010111100000001011100010101101110101001101100011000110110100111111001010000101
100010110110110001110110101011011001111110101111101111011111100001111111101101110101011011011110101111101100000000011111110101000110110101111010111100111110111101111100110000011011111010101
110111110111111011000011100010011101000000101000000000000011110101010000101100011101001010011000101100000101101011010100000101101100010111010000010110110000011000000101100111001001100010111
100001100101001111101011111010110001010110111101101101111000000101000110000110111001101111001111111111011111001010000001101101100110110111000110110000011101110010101101110011011101101010011
110111110100011101111110000011111101111111110101001001000010110101011100110110110011101100011000000000000111111110101011100101101111100101101100111111111000011011101101000111111000101011001
100011011111000001010111111011011111000000000001101111011010110101110001100111100110000111111101011011101100010100101011001101101111110101100110101011010011011001101101110000001101101011011
111110001000011100000001100011000000011111110101001000010010010101000100110100110100101100000001001011001101000001101011101101100110000100001110100000000110001101101101100110111111111111011
100000100011010001011100001001111101111111000111111101011010110101010110111101100110101101011101011111111111111011001010001101111111101110101100101101010011011001100111110010110110110000001
111110110110011011111001101011000001000001011110110001010011110101010111101100001111100111010001001110111010100010011110111100011000001100101110111101010111001101101100000110000000011011101
100000110011011010000011001001011111111101111000000101111000011111111100000001101000001100010101011000001010111011000110100001111110101111100011100001010110011001100111101110111101110011001
111110111010010011010111111011110010101000100011010111101010111110101101011011111110100110110111011010100000000011111111110101101000101000001011111011010011011100110011001100000111111111101
101110101111110110011101100010111000000010001011010100100010110100000001001110000000111100100111011110111011111000110000000100001110111011101110000001111010000110110111101001011110000011001
100011100011100100110000001110101110110111101011010110001011100001011011111111101010100110111101110111101110111010110101010110101100011110000111010100001111011111110111111011000000110111101
110111001110111111111111011110001111111100001111111111101001101011010011000000111110110100100000100001000100000010010101010100111001000111101101110110111100000011000011000011101011111101001
100000011000000111010001110011101010000001100010111100001011001011011001101101100100100001111010001100010001101011011111110110001111010100001100000110000110101111011001101000111000000001101
111101111111101101011100111011101011101101001010010111011011111011111111101000110001101011000011011111111101101011011100000111011000011111101110110011010011100001001101101010011011011111101
100000010100000000011110101010000010001111011111000011011110000010001101001110000101101111101111110000000001001001000111101100011011001100001000110110011010001101011001111010110001000000101
111111000111111111010100001011111010101011010101111000000011101111101000011110110101001100001000111110110111101011101100000111011011100111011111110011011111101111011011000011110101011011101
100000010101110001010111101010111000111001110100011101011110001000000011011000100101011110101010000100111100001001101001101100011010110011110111000111001100000111010001111000011101110001111
111011010000000100000000000000000010011100000001000001000011101011111010011010110101000011111111010001100001011111101100101101011000110110110100011100011001110001111011000010111100011100001
100001110110101111111111111010101011010001101111111101101000111111000010111110100101011011010101011011001011000011000110101101011010011100000001000110111111110101101010010110010110111111111
110111000011111100000000000011101001111111111111000001001011110101111010100000110101011010000000011001101010010110011100111101010011111110111101101100110000000111100010110110110111100000001
100111111111010001011111101011001111111010111000010101011001100000101010101110110111111011101010111100111111010111001110011001011000110000100001100110110101010000101110110100000000001110111
110101111010000111111000001011100011010000101101011101001100111010000010101000110100101110111010001111100000010001011000111011111101100110110101101111100101010101101000110101011011100010011
110100000000101110101101011010001111000110100001010001101111111111111010101101111110000100000010111010111110110101111110100010100001101111100101100000101111110111001010011101001001101011001
100101010101101000000001011011011000010100001011011011111011100101100010111000011011110001111010100000110000110100001111110110001101100110001111110110111010100001111010110001101101111011101
110101011111111101011011110011001111110110101010001110000000110000101010011101110011100101000011111110000101100110111001010110101111101111100000110011110000001100011010010101101100011000111
100111011011000111010000011010011111000011101011100110110110000110001011110001000110001101101011000000110100110010111100000110101000001101001010011011100111011001010010111100101001001110001
110001110001110011010110111111011000010111001110001100011111101100101000011011110000101001111111101101100110100111101101010110111110101100011011010010001111001011011010100001111011011111011
111111100100111010010100011000001101010101101000100101010000001101101010111110110101111111010000001000110011101100000001010100011000111101001111110110101000011010010010101100110011001011001
101010001110101000110110111101011001111100001010101101011011101101111010110000000101000000000111101101111001101111101101110101001101100001101110110010111110111010110110101110011001100001101
100011011000000010010100110111001011000001011110101101001110000111000010100111011101101011101100001101100011001010001101000101101101110111000000010111110000101010100110101000110011101111101
111001111110110111010110010100011010010101011000100111111000110110011010101111110001101111000110111000111001100011011001101111001100011100010101110011011010001110110110101101111000100111001
100011101110100011011111000111111111111101111101110001100011100110110010111000000101111100011111111111100011001011001100111010011101111111011100011010000011011111100011101111111011101101101
101000000010111001011001011100001101101000110001011111111111101111111010001111110101000111011000000010111011011001011001100000110000110101011001001011010111011001101110001000110001100000111
111110101000001101001100001111101000000010010101000001101000000011100011011111011111110101001101111000000011011101001011111011111101100000011011011111111100000011100111011010011011101010001
100000101010111001011110101010000011011011011101011100001111101000111001011000001010000000011111111011101001001101011010111010000000110101011011110000110001011110110001011011000010111010111
111110111010001101011000111000111011010010011001011111100011101010110011111101100011111010111000000011001011011001110010100011101011111101111000011010000101000000110101011111101000011010001
111100011110100101001110110010100001111011011101010010111000001110011001101111111010000010100010101010011011001100011110001011001111000001110011001111010101010101100111110100001010110011111
100001010000110101011000100111101011101110001101111000000011101111110011101010000000101011111110101011011011011001010000101011101000011100011001101101110101011100110110110111111010011000011
110111010101110111001110110011111000001110101001111111111110000011000110000000101101111011011100111111011011011011111101101010001101010001110011111100000101001110010110000000000010110011001
100111010101000111111110011010000010111000101111010100000000101011010011101111111101100010000001100000011011001000110001101111101101011101100110000001110111100010111111011011010110110111011
110001010101010000011000111111011011100010101100000001011010111001011111001000000000111011111111111010111001101010110100111000001101010000110011111101100010110110001100011010010010110001111
110111110101111010111101110101011110001010100110101101110010001011111101111110101010110010000000000010001011101110110110001110111001010101111000110000110110000110111111001111010110100100101
100000110111101011100001100000010110111010110110101000011011011010100000010100101010011111110111010110111010000110011111011000111101111101101110011101100110110110000110011101010110110110001
101111111111000001110111001110110000110010111111111101010011011110001011000101111011111110111100010010001110101100110000001110100000011000001100110000110110011110111111110100010110110011011
100001100000010100011100011000011010110111101001000001010110001100101010010001010011010000000001011011011110111110010101011000110101111110101110110101100110111100000101000001011111100111001
101011001101011101001110111110110010110101101100011101010011011101101111011011011111011111101011110001110000011000110101111101111100011000100011100100110110100001101100010101000011001101101
101001101101011001011011101000111011111100000110110001010110010001001000011111000000000000001010000100110101001111111111110111100001001110111011001101100010101101101111010111011011100000111
101101101001010011111000000011101001101110110000111101010011011011111110110101111111011111011011010110110101100001010010000010110101011000011111011001111011111111000110011111001000110110001
101001101011011001101111111011100011100000100110001111110110010010110111100001101100010000011011010100010101101011011011101000000111001110110001111100110001100000010011010000011010010100111
101100101011011101101110000010001011001101110011011010000011010110000011111100000001010111011011110110110111101011000000001101011100011010000111001110011011111101010111110101001110110110001
101101111111110101001000101011011011101111000111011000101010011111111010101001011011110100001010000100110011001001110110111111111101011000110001100000110001100001010110000111100011111111011
101100110110000001100011111011010001111010010100011010101111111010000000000011111111000101011010101110110111101011110110110110000001011101100100110110110100110101010011010110001000001100001
111111100011111100101011000001111111011011011101011010111101101011111111011011000001101111011011101000011110101001010110110000110111110000110110100100010101100101110111110011011011111111011
100011001000000001111011111011101000000000001101001010100000000000000110001111101100001100001110001110111010001011000110011011110011000110111111110110111101101101000001100111010010101100001
110110011010101111010010111011000010101111011001011011101111010101010000111000000110100101100011111000000010101001111100110010000111110100011101000110100000100111110111110101111000000101101
110011110011100110000110000001101011101100001111011010001000011101111010011011011100110111110111111110111011111011000001111111010100000111000001101100110101101110000001100001101010101111111
300110100110001111010011011011111111001110101000011011101101011001101010111111001110111110000110000010001000011001101101010100010101110110011011100111110111100011110111111011100010100111001
110100001111100101110111001110000000011000101101001110001001001111000010001100011000100000101111111000101011111111001101000001010100110011001000101100000000101110000000111011001010101101011
100001011000001100000100011000101011001010101001100011011101101000010110100101001101101101101100000010101000001100011001101101010110110111101101101101011010101100101010001001101010100000001
111111111111111111111111111111111111111111111111111111111111111111111111111111111111111111111111111111111111111111111111111111111111111111111111111111111111111111111111111111111111111111111
