11111111111111111111111111111111111111111111111111111111111111111111111111111111111111111111111111111111111111111111111111111111111111111111111111111111111111111111111111111111111111111111111
10000000000000000001010100010010100100110101010000000101011010100101000000001010000101010100110110101010101010011010000101000010000000000001010101101010110110001010100000000100010110110011101
10101101111111111101010111011000110001100100011111010000000010101101110101101011101101000110010100101000000011001011011100011110111111101100000000000010110110111010001110101101110000011001001
11101111000101101100000110011110110101110111010000011011101110100100111111000000001000011100110110101011111111101011011111010000000000100101011111111110110000000000111111111101110110110011011
11001011110001100111110011000110111101000110011111111110000100101101101010011111101011111110010110100000100010100000000110000111111011111111000000000010000110101101110000111000000011110110001
10011001000100101100110110010000001001110111010100101111010001101100101000110000101011010110110100001101101110001011111111010000001000001011011111111010111111111100000111100011010111100010111
11011100010110000110100011111010101011010101010110101001010100001101101111111110101000010110110001100111000110101110011010010101011010100001011100101110000001010101110010111001111100110110001
11110111011100101100111011100010100000000000010110101101110111101101101101010100101011110100110111111110011111100110111000110111111111111111010110000100111111000111111110000011101001100100101
10100000011111100110000000111011110111111111010110100001111110100101101101010110000010110001110101111010111101001110110011111100100000011011110100110001110000010011000000101010100011110101101
10001011010101110111111110111111111110101101000110111101011100110100101000000100110110011011100100101000110101100010011000101110101111110001100101111100000110110111101111111000001111100001111
10101111010000000000000000000110110000100000010000010000000110000110101111110110100010110010110101101110010100101110110011101010000000100111110101101111111111111100000000011101011011001100111
11101000011111010110101111110000111110111110111011011111011111110110101011110111110110011010110000001010110110101000110111001010111101101110100000100000000000101111110101001111111011011001101
10001011111000010110101000011110010000000000011111010101010101010100101000000101010010111000110111111010010100000011100000011010000111100000001010001010101101100111010111100110101010001111101
10101010000010110100111011001011010110110101010100000000000000000101101111010101011010101101110011011010110001111110110111111010111111001111011111111111111111101101000010110000000000100000101
11111111111010100101100001100001000110111111110001011110111011010000101011110100010010100101000110011000011100111000000111101000000101011111110101110111010110101101011110010101101110101011101
11010101000010101101111101001100010111101010111011110000100010011110101010110111010110110100010000110011110001100011010000000010110000000001110001000010000000000100000000111111101111111110101
10000000011010111111011111101001010100000000000011000111111011010000100010110101010010110101111101111010011011001111111011111010111011101111010111011110111110110001110111111010111011010110101
10111111011111110110000010101101110111110101011010011111010001111110001000010100000110100000001111101010110000011010101111111110001001111011010000000000000011110100010011010010011001000000101
11100000001100010100101000000111111110000101111111110001011101100000101111010110111100001111111010101010110111111010000000000011111100000010000111010111111000011101011111010110111011011111101
11110101101111000001111110111111011000110101000000000101010111001110111100010110001111101110110010101010110110101010111111111110010111111110111101011111111101000111011110000000000001010111101
10000101001000010100110000100000001110100111111111111100010110011010110001000000111010000000011010001010110100000000000000000011000111001000000001111000000111011111000000111111111111000100001
10101111111101010101111010111111101011111110110000111111000111110000011011101010011011101101010000111010000001101010111101011110011101101011111111101011110001111001011010011100111101011101111
11111111110111111111011011111000000001010000011110000000010011100110110010001111011010100111111110011011011111111110001111110011011101100000011111000000111011110011001111000001100101000000001
11010101000000000001010011101110111100011111010111110111111000001100111111011000001010110010011010111000000000110110100010111010000000001111000000011011101000000110011110011011101100010101011
10000001010111101011011110100000100001010101000000011100001111011111101101111010100000000110110010101010101111110010101010010010111010101001111111001010101101011111111011011111001001111111001
10110101111100001000001110110101111101000000011111011111100101111010001000101111111111110010111010000011100011000111111110110110111111111011100001011000000101011101100001000101101011011111111
10111101101111111111101010111111111111111110110000000101110101101011100010000000010001010110100000111011111110011111010100000000001100000000001011001101101111110101111011111101000000000100001
11101000000111000101000000011100100010000000011111110101000000000010111111111111011100010110001110001000000000111010010001111010100001010101111111111111111010110101010001100101011110110001111
11101111011101110001111101000110111011111111111100000000011010101000010110000000001111000000100011011010111110000000110111011111110111110100000001101111011010100000000100110100000110011100001
10000000000000111101010111010010110000000011100111111101001111111101010011111111011000010111111111111010000110111101100000000111010000011111111111100101000000001101011101110101111111111110111
11111111111110001000010111111010011111111010110000000001011001011111010111011010000011010000000000001011010110001100001010110010011111111011010110101101011111011111000111010000001011100110001
10100000000111101111010101110000110110010010110111111011001100001010000010000011101011111011111111111111110011100111111111110110110010101000000000000000000001000001111111010111111000001100101
10111101010010001100010100000110000011011010111110110001111111101000101000101000001010110000000010110000011001101110110101100000011000000011011011101101010111111111101100000000001011111111101
10011101111011100111010110101111111000000000011010100111001010000010111101101101011110111011111000010111111011000000000000101111000010110111010000101111111111001011000001011011111001101011001
10110111100001110000000011111101111111011101011000001101101000101010111001001001110110000011011011000000001110010111111111100001101011111101110101100110111101100001101111001111010011000001111
10110110101100011111110111010000000001111111011111011000001110111111101101101111000011011000001110010111100011110000000000101100101000000001111111111100010101001111000001011101010110010100111
10110000111101001000000010000111011101110110000001011111101111100101000001101000011000001101011110110000101000011010101111111111111011010111011011111101110001011101101111110000000100111111101
10111110110111100011111011111110010001010111111101010110000011110000011011111010111111011111000011110101101010110010100000001011011111110011010001100101000111010100101010110111010001101010101
10101100000011110110000010101011111100000101110001110000111010000110111110111111111000000110010111011111111110011010110111011011010110010111010111110100011101000001101010110111011011101010001
10000111111001011111111010100000000001110101011100011110100011111110110110101101010011010100110000000000000110110010110011011010000010111110000000110001111000011100000000100001001000000000111
11011100111011011011000000001101011111000001010110110111111000000000110110101000000111010101100110111111111111111010010110000000110110001100110101110111010011110111111111101111111010101010001
10000110100001010011111101011111111111110100000000000001010011101101100000100011101100010111001111110110111001010010110111010101100000111110111111100101010111100000000000000010101111111111111
11011110111100011000110111111110100000000111111101110100011011000111110110001010000110110011100000000000000011011011110011011100101010011110101010110000000010001010111010101000001101010101101
10010100001111001110100000101100001101010110000001100101000001011100000100111011010010011001110101101010111110001001100110001101101011001100000000000111011110111111111110111101111001010100001
11000111101011100000110110100111101111010111110101110111111011000111110110111110010110111100110101101110000000111100110011011101101111100101111010111111110000101101101111111000011011000001111
10010011000001001110000110110001111000010101111100110100000001011101000100100100110110110001100101100011011110011001100110000111111100110000001010000000110111100000100000101101000000010101101
11111001101100011000111110111101011110111100000001110111101011110001111110110001110010100100110101101110000111111111111111101110111001110110111111011010010110001110001010000111011010110100101
10101100001001010010110000000000001111101110101100011100001001111011111011100101100110110101100101100011010001101010000001100000000011000110001101001011000000111000111011101111111110110110001
10000110101011111011111111010111100000000000100110111001011011000011000000111101110111110111111100101010011100000000101111001101011001101110100001011110010101111110011110000000000110011100111
11101111101010101110010000010100110101111101101110100011111111101001111101110000110011000010101001101011111110101111100011011101011111100011110111000111011100000111000110101101111111000110001
10001101111010000111011111111110000101100001001100101010000100001100000000000110111001110110001101101000000010111101111001110111000011001000110011110100000110111101111100101100001001101110111
10100000000011010000001111101100110100111101011110111111110001011110101111010100011101100000101101101010101110000001011111110110011111101111111000011110101100000001111111100110101011000010101
10101011010111111010101000100001111110110001011000100101000101111011111110010110110101110101111001101010100010101111000000000011000000100000001101000110100110110100000000101100100011010110001
11101011010100000011100010001011101000011011001110110000010101000000000000110100000111010101001100111011101111100000010111111111110111110101111101110100101111100111011111111101110111010010111
11101010010111101110001111101110101111111111011000100101111111111111110110111110101100000100011101100000100101101010110000000110111111111100000111111110100001110001000000000100010001011010001
10001111011111111110111101001100000101011000001111110111100010100000000100000110100111010110111001110101110100101011100101111100000000110001110000001100110100011011011110101111111011001010111
10101000011000010000111000011111110000011010111101010110111010111111010101101100111101110010101111010101010001111000111100000001010101110100011011111101100111111001000011111000101001011010001
11101101111111000110100010110000000101011111101000011100010000000000010101000110110000000110000111010100010111010011101111011111010100010101001000000100101110001011101000010010001011111110111
10001111101011101111111111110101010111010101000011000001000101101101010101010010100110101100110000011110110000011000000001000101111101110101101101110101100000101000111010110111011000101100001
10101000000000101100000000011111111110000000011001111111010111101111010111110110110110101110011011111000011011111010101111010000101111111100100100011101110101101111111110000001111111101110101
11111101011110111111111111011010001100101101011111010000010100001000010010100110010100100110110000001101011011110010100011110110000000011001101101000101010111000000101110101111110101001011111
10000111110000010101000100000000100110111001110101011101010101101101011000110011010101111111111011111101011000010110111000010011011111011100100101111101000011110110001011111100010101011011011
11010010111110110101110111010110110000110011000000000101010111001101011011111011110101000001000000000111001010110110001110111011000011001101110100000101101001111111100000000001000000000000001
11111000000000000101100000010010100101100111111010110001111110011101110000011000010101110100010101011110011010010011011110001110010111011000011101011101001011011011111110110111111110101110111
10101101101011010000001101011010101111111100011110110100001100111001100101001101011101100101011111000011001010111010001010111110110101111101000101000111111000000000000011110010000111111111111
10101111111111111010101101011111101000000001000000011110101101100011110101111001011001111101000011011011111010001111100010000010010000010101101101010010100010111110110111000110111101000001001
10000000010101000010101001110001001111101011101101010000101100111001100101101011111101000001110111001000011110100101001011111111010101110000101101011000101010000011100001110000011000011100011
11010101000001111011101100110100011000001011001001010110101101110011001101000000000101101101100001011011000010110001101000000001111101111101111111110010101010111111111101100111000011111111111
11111111111100000001101001111110111111111011101101010100111000011001100101010110101101111001101111110001101010110101101011110100001100000100000000011010101110000000011100110001111000000000001
10101010110111111011111011000000101010000010000111010101100010111111110101010100100111011111000000010101101110011111001000011101100101101110110111011010100011011011110111110111111110101010111
10000000000010000000111001101011100011101111101100011101110111110111000111010110101100000110010110110100100010111011101101011100101101111111111111111110110111011000000001100000000011101110001
10111110111000101110100011111110001111111000001001001100110110000000010011011100111110110100110111111101101110010001100101000111111101010100011100100011110110001011111011001010111111100111111
10100000100010100111111011011000100110111111111011100110010110101011010110001110000011110001100000001100100011000101101111010010000100000001110110101111100011011000011111101010000010111101101
10110101110110110000001111011111110010101010000000110011011100101001110011011010101011000100110101111110101011101111100001011000110101010111010000000000110111001011000011001010101000010100001
10111111000010011010101101000101011010100010110101111001111001101011000110010000111110010110010100000110111001100000110111110010010101010000000101101010111101111111101011101010101011000001101
11101011010110110010101000010000001000001000110111001101101011111011010010110101110100110011010111111100001011001010010000011010111111011011011100111111101100000000101000101010101111101111111
11000000010011110110111101110101100010101110110110011101000010110001010111100111000001100110010000001111111011011011011011011010011011011001000110001101000001010111101011101010100100111001001
10011010111011000111110111111111111011111000100000110001101010000111110110001100010101110011010111011000110001001110001111110011000001011011101111111100011111110001101000111011110001111011011
10111010110011110011010000010000011010000010111011100101101010101110100011011001011100011001010110000010011011100011100010111001101111010011000000000101000000110101101110110001100100000000001
10100010011010000110000101000101000011011010110000110111111010101100001111011011110001111011110011010110110001101000101000001100100001110110010101010001101110011111000010011011101101101111011
10101110110010110110111111110111101110010010110101111111000010100101011001110001110100110000111010011111110101101111111101011001101111110110110101010101100011011011101110111010001101100001111
10101000011110100010100000000110000011011010110100001100010110111111111100000111000101111010011011011011011101100011010111111011000000010010010101110100101110000000100011101111011100101100001
10111110110000110110110111010111101010011010100101111101010111100010110111110111010101100010111110000000001101101000000000001001101010111011011100110111100111101010111000000101011001101101011
10011000110101100100111111111100001111011011111100000111110001111000000000000100010101101010000011010110111001101101101101111011001010101111111110010011111101111010011011010001011011100101111
10110010100100111101100000111110101100010001010001010110100111011101011101010111010101001011011111110111101111101100101000011011101010000110110111011000001000001010110011011011011011001101101
11100110110111100000111110010000101111010111000101011100001100000001111101111100010101101011000011000001000000101101111101111000101110110010000001001101111011111011111011110011111001101100001
11110100100110001011111011011111100111110001110111011001100111111111110100101001011101111001101111101100010101101100110000101111101100011000110111011001110000011001100001111010101111101110101
10000110101100101110100000000000001100000111000011011111001110110000000001100011000111011011000000111110111100100110011010000001101110111101110001001100011011111100110100011000000011000010101
11010110111110111110111111010110100110110110011001010000011000000111011011001011010011000001101011100000001111111100111010111100100011110001100111111101001010000110010101011010110111101010101
11110100100100011010011110010100111111110110110011110111001111111100011011101011010111010111001110110101111000000111110011110111101111010101101110110001100010111100111101011110010011001110101
11000101110001011000110000110110100000000110110110100100011000000001001000111001111100010011011000000100000010110000011011100000111010011100100000011011101000000111101101001100110111011111111
10011111000111010010000110111100111111110110100110110111001101101111011011100011101101010111111111010101010110110101110000101111111000111110111101010000111010111111100101011110010001111011111
10111011111110010110101100001111100000000011110000111110011111111100001000111011000001010000011000011101110111111100011010000010100010000010000111111010110010000000001111011000110100100010101
10100000111011010011100110111011111101110110000101101010111011010101011101101011110101010111111101011000010011111111110010111110001110110111101110110010110111010111111011111110110110001000001
11110110000000011111101111100000000001000111110101000000110000000001111001000010110111010000010111110010111000110111100110000000111111110001111100010110010101010000000000001110011111011010101
10000110101010111000000110001010101101110000110111101010111111111101101101110110000110010101110010111010001110000000110011101110000001100100000001111110110001010101011101011000110011011010101
11111100101010100011011111101010111111100101111111111010100000000000000111100010101100110100000110000010111111010101111001100011010111001101111011101100111011110111000111111111111001110010101
10100001101110110111001101101011110100001111000001010011111011010110101100001010111001100101101100101010001011010100011101101001010111111100001000001110011000010100010110110101111011111110101
10001101111110110001101100001110000001100001010100000111011010010110101111101011100011001101101110111010100001010101000111101011010001010110101101111010110010111110110000000100110000000010111
11100111000000111011001110101111110111110111111110110110000011010100100001101000111001101101100110100010110101011111010110001001111011010111111000000011111010001100110101010001110111111110001
10001100011101100001101000101000000100000000011000100111010111111110110101101010100011000101001111110110110111011001010010101011100000000001011010101111011110101110010101010100000000000011011
11011111111111111011111110101111010111010110111101110011010110000000111100111010111011011101100011000100010011000011111111101010111010110100001011100000001111111000110101110111010111111111111
11011111100000000001100000101000010100010011110001011011111111101010001101111011100010001101001001110101011001101010101110001000011010110110111111001010100000110011110111000001110011101000101
10001100001011010100110111101111010101011000011011000000110000001011011001101111001011100111011100110101001011111000100011101010111111111100000001111011101101111000010011010100011000000010001
10101101101011011101110100001100011111011011110001010110100111111011001100000001101010001100001101100101011000001110001001111010000000000110111100011000111111111101111111110101010011101111101
10101001001010011000011110101110111010001000010111111110111110110001101110111101001111101111011001101101001010111000111111011110101110111100000101011010000010110000000011000101111001100001101
10101011101011110010111000111000100000101101111110101011101000000111001000111111101100000011001101101101011111100010000000001100101110000110111111111111011000010110111110010100011011111011001
11111110101010000110001101111111111101101101110000000011100011010001101010000001100111011001101101101101010101111011010101011001100011101100000001101101111101111110000011110101010001001011101
11010100001011010011011111101011100001111000011011101000001011011011001111011111001111001100101001100111000000110011011111001011110111111001011011001000100111011011111111110101110100011000101
10000001011011111011111011000000110100011101111010001101011011110001100110000001101000011001111011001110010111111011001100011000110000001011011000011010001111011000100000010101000101111101111
11011011111010101110000000010110000101001100110010100111011010000111001111101111111010111100110011100011010000110001101111111011100110111001001101111010100101010010001111111111101100001100111
10010001100010000111111011010011110101011001100110111110001111010011101100000001100010000110010110001011011011100111000000001110001100001111111000000011111101000110100000001011000101011001101
11111011110111101101000010011110000101001101101111110100101111111000111110110111111110111111010100101010011001110001010101100011100110100010111101011001111001101100101010100001011111001100101
11111111011111000000011011011011110101111111111100000001111010101011110000010101100000000001111110111111001011000101110100101001101111101110100111011100101100000111111111101101000011011110001
10010100001010011110111011110000000100001100110001011101100000000001100101010000110101011101000000001110011001101100010110111101000011000000001111000110000001011101010101111111011001000110101
11000111100000110000001110100101010101111110011011010000111010101100101101011010011111001101101110111000110011100110111110001111010111101010100001011111101101000000000000001011111011110100111
11110000111110110110111110001101110100011011000011111101100010100110100101011010110000011101101000001101111110001100001100100001010001101110101011000001100111010101010101100001110000010110111
10000110000000011110110000101001100101000011101001100001101111110100101101011010011101000111111101100100000010100110101101111011010101000110101011011111101111111111111111110100011010111100001
11010100101110110000011010111101110101101110101101101101000001100110101101111011001111011100000001101101011110110010101000001001111111010110101110000000100000000000001011011110110011101110101
10011110101000011010110010110000010100111000001100111111110101101100101000001011011000001101010111001101000011100110111101111100101011110011100011101011101111111110100000000010011000000010101
11011000111110110011111010011101011110001111011110100000000100101001101101011010011011100111010100011001011001101110100000000110000000010110001011001011100000000110101111101010111111111111101
10011101110011111011000010110001110000111110001010110111011101101101000101110011011011101110011111011111001011001011111101111111101010111100101001101000111101111111100001111110000000000000101
10110111000110000011010110011101111101100000100011100110001101101101110101000111011010000011011100000110011001100001100001101101111110000111101111001110001100010101111100000111111101101011111
10100000011100101001010111010000001100110110111111001110101111101001000101101100001110101011110001010110111011001100101100000000000010110011000001100011011001000001000101010000001100101001011
10101101001001101011010100010101100110011110000001111010100000101101010101100110111000101110111011110111110001101101101110101011110110010111110111110110011101010100010111110111100101111011001
10111111100011111011111111110101101100110000101011011000111010101001110101101100011010101100000001100001011011000100101000111000011111010011000001100011001101110101110000010001101100001000011
11110000001011000000011000000101000110011110101010001010011010101011110101101001011110101001111011110100001001010101101110110010111101110111110100111001011101110100110111110101100111111011001
11011111101011010101111110110111110110111000101010100010110010111111000101101011010000111101000011110111011011011100111000110110000000111101111101100011010100010111110000011111110000001001101
10000001001110010100110000100011000011101110101011110110100110010101110111001111010110011001111001100001011111011001100010110110101010011100000101101001000110110001011010111010010111101111001
11011101101000110110111010110111011111101100101010000011101100110001000001101000010100111011000011110101000001001111001010100010101111000001110101111011010010010100001010000000110110111000011
11110000001010110110100010100001110000000001111010101001100110110100010111001101011110001110011001100111111011111110011010110110100001010100110100011001111011111110111110111010010000011111001
10111011011010111111111010110100110111101011100011111011001111111110110111111001110000111100111011110110111001101011011011100110110101010101100101001100110000001100000010011010110111001011011
10011011001110000101000010100101100100001000111011000011011000011000100001111101100110110101110001100000001100000001010011110111110111010100110101011101111111011101111110111010111111100001001
11010011011000110101110111110100111111011010100010010111111111011010110100001100101110110001100101101101100101101011011010000011000111111110010101011000101111110000000111101010000101111011011
11011011001110010000111100000111101000001010101011011100001101000010110110101001111000111011001101101100111100101111111111101111110000001011011101011010000000010101011101101011010000001011001
10000011011100111011100001111110100010101010101111111111101101010110100111101101100010011011011001100110001110111110110100000000110101100001110001010010111110110111000000001110010110111001101
11111011011001101011110101100000001010101010100110000100000000011110110011101111110111010010001101101100100110000000110001010110110111110100011011011010000011100011011010100111110010111111111
11110011011100001010000101111011101110101010101111110001101011001100011000101010100110011011011001101101111111011101100101110111100010110101010001001111010111111110001011110000110110001101011
10000111110001011111011111000011000110111011101010111011001011100101110010101010001100110011001100101000000101000100110101110001101000110101111101101000010000001100101000111011100100100000003
11010011000101010110000001111001101100011011001000000001101010001101000111111000101111111111011001101111010001101111111111000111101101110100110001111110110110100110101101101011110110101011101
10010111111101000011011011000011101101110011101101010111101010100101010011011110100001111000001101111000010101101000011100010010101100010101100100111000110111111111101100101000110100101000111
11011110100001101011001011101010001100011010101001010011001111101101010110000000110100110011011001011110110100100011010001011000100111111100110111101101110000000011111110001011111110111010001
10011010111100101110011010001011011110111110001011010111111000001111011111111010110110100110001100001100110101101001110101111101111111111110100011000000010101111110001100101111100110001110111
11111000111101100010111111101111011000110000101110010110111110101010000110000011100111110011011110101101111100101100111101000000000000010111111011011011110100001000111001101110001111100110011
11000010000000111010001100000110011010011011100011010100000000100010101110101001110001011010001100111000001110111111100111110110101101000001011111111000011110111011101100100000100001101111001
10011010101011111010101110110011001111001110001111110111110110110110100011101111000111011010101110001010111010000000001100000110111101110100000101000010110000110000000101110101111101100011011
11010011101000001110111011110110011101111111101111111100000110110010101111100011010000011010100111011110000011011010100101010110011000010101010001110111111110000111101101100100001111111110001
11010111001101011000011000000011110000001010000011000001010110100110111000001111111011011010110011001100101110001111101111110011001101010101010111000001100000110000111000110101111010111111101
10010110011001111010110010101000011010100000101110011011010100110010001110100110000001001110011011011001100011100001111100100111100101010101010001010101101101100110001011100100110000000011101
11111111001100101111100111101110110010101010100111011011111110110110100111101111111011101100110011001100101011001100000110001110001101011101110101010101101101110010101001110110000101101110101
10000000011110100110001101000010011011111110110001110001101000110110101100000110000000111001100111101101101001111111011111011011011101011001100101011100101000110110111100010110111111000000111
11110101010110001111011000010110111011000000100100110101000010100111101101010111111010011011001100000101101100000110000110000001011001111101101101000101101101110110110111111100011011101111111
10000101000010100001001111010110101110011010110110011111011010110011000101011101000010111001011001011101101110110110111110101011111101101100111111011100111100010110000000011001000000100000001
11110111101010110101011010010100001111111010110100111100001111111001101111001100010110001111001101010000111010110100001100101001101000001111111000000101111001011100111111111011101011101010101
10100001101010010101110000111110100001100010100101110111011000000011000001011001110100100111011001011010110000010110101101101101001101100000001111011111000011000110000111110011001000111111101
10001111001010111100111110101100101111101011110101100000001110110111110101011100011101110001001101110010011010111100111101101100011100101101011110000011010111010011010000011011101010011111101
10100110011010000110100000000111100110001001010111110111011110110110000101000101111000010111011111110110111010000110011000100111000101101101000011011001110001010110010111010001101011001010111
10101100111010101111110110110011111110111111000000111100011000011110101101101101000010110001001010000011100010111111001101101110010100111001110110011111110111010011010111110111001001100000001
10100110110010100011000100011110000000001100010111101001010011000011101111000101101011100101100011101001101010001100011000100011011111100011000111010111000111110111010000110001011011001011101
10110100011110101110011101000011111101101101010010101101111110010111100011110111111011110100101010001101101010111110111101101010001011111111110100000001110000010101010110010111011001011001111
10010101000011111011010001011110011101111001110110000001100000110100001010110110000000010111111111011001101010011000011000101011011010101110111111011100011011110001010111111110010011011100001
10111101101110000000010101110000110100001111100011101011111110110110101000110111110101010001110100001101111010111111011101101011000000000000000111000101011011110101110000000011010111010001111
10000101100011111011011101111010000001101000001011001110111000111110101010010011000101110100100101011100110010000011001101101011011011110110111100011101011000010100010101101011110110010100011
11011111001110100011010001000011010101101010101111101000100010101000111011111001110100011110001101110001111010101011011001001010001000111110011001000101011010110111010100101001110111010101001
10000011011000001001111101111010010111001110100010111010001010100011100001101101100101000111011101100100011010101011001101101111011010000010110011110101011010111111010101111111010011010111011
10101011001111011011101001111111010110011000101110000011011110110110001100001101110101111101110100110101011010101001011001000110011111010110011000011111110010011100011100011110011011010100001
10101001111111011010000011000000010100111110111111101010011000110011011001101101000100000000000110111101011010111011001111101111000001110011111101111010111111000101000111001011001011010110101
10101011100000011111111011101010110101100000000011001111001010011110010011000101111110110101011111101101011010011001100110101100010100111000011000000000011000011111010001100000011011010011101
10111011001110110000000010001010110111111110111001111101011011011000111001111101101010111101111011000001001010110011001100001101111110011010110011011111001101110011011101101011111111111000101
10011001101100011101111011011010100010100000011011000000011110001101101100000111000000000100010001111011101010011010011101101100000011011010110110000001011000000111001111001010101101110010101
10111101101110110001100011011010110110001011001001011110110000101111000110110001101010111111000111100010001111001111011001101101111110011011110011010111111101101101100011101000000000011010101
10011000101000110101001001011010011100101011101111110000011010100000011100100101111010000001010000110110101100011000001101111000000011001000011111010000011001100000111010001101010101111110101
10111101101101111111111011010011011001101010000110111010110010101101110111110101010010101111011101110111100101001101011001000010111110011011000110010111001101101010001111101101111111101110101
10010100101101100000000011111111011011001011010000011010011010111001110010000101000110111111011111100011001101011001111011101010000011011011101111011111101001101010100110001100001010000010111
10110001111000101111111000101100001001101010011011111010110010001011011000110101110110000001110110111001101111001100101111001011010110001110000101001000101100111111111111011110100000111010011
10100100001101111100000011100001101111001111010000101010011010111011000011100101000011010100000000001011000110011001100101011110010011100111010001100011101001111111011011010000101101101111001
11110101011000110001101001110101000011111000011010001010111010001011101001110101110111010101101111111001101111001111110000010100111000110101111011101000111101101010001001011010100101000101111
10000101111101100111001100010101110110000010110010101110001011011010001011000101000001010101100111111101000001100010011101000110101011110000011000111010011000000000111011110011111100010000111
10101100001101001111100110110101000011111010011011111000101010001111011011101101101011011100110000000101110111001000110001110110001000011010111101100011011010101010000001111000001111111011101
10101101011111101101101111100101110110000010111000011010101111011100011001111111001001110001111010101100110001101101100101000110101010111110010111110110001110101010110100011101111000101110001
11101101001010101000001011111111100110101010110011111110111000000101011011000010011100011101100010111001100111111000111111011100101010000011000000110110101100101011100101010000010011100100111
11000111101000001011011000101011001100101110011000101100001010101101011011111000110111110000110111111011110000110010011000000110101010101010010110110010101001111000110111010101000110110001111
10010110001111011011010010000000011110101000111010000110101110100101011010000010000000011011110011000000111010111010111101011100101110101011011111111110101100011010110011011101110000011011001
10110111101000010011111111011011000011101101110011011100101100101101011111111011010101011011000111011010011010100010110001000111100010111011000001000010111001001010110111110001100111011000011
10110000101010111010001100001110011111111000011011011111101111100111010001000010010111011010010001111011011011111010011011010001101110110011010100011111100011011010110001100100110011000011001
11110110111111100010100001111111000000111110110010000000100011001100010100010111010011110011010100101111110001100011011001010111100011111011010111000011111111011010010111110110011001101011101
10000011100110001011110111101000011011100100011011011110111010011101010111111101111000011001110110001110111101001011010011111111001001010001110011011110000001111111110001100011110011111000111
11101001110011011010011100000011011001110001110010000011111111000111011110001000100011111011000100111010001101101001111000110000011111011011111110000100111100100000110101110111000110000010001
10001011011000010011000001101110001011010100011011011000000011010110010000100010001000110011110110000000100111001101110010011011000000011000000111010001110110001010110100011100010011110111111
10101011000011010111101101001000101010000101010010001101010110010010111010110110101010011001100110101101101100011001000110110001010101010010110001010100000011011010110101011001010110000000001
11111111111111111111111111111111111111111111111111111111111111111111111111111111111111111111121111111111111111111111111111111111111111111111111111111111111111111111111111111111111111111111111
