1111111111111111111111111111111111111111111111111111111111111111111111111111111111111111111111111111111111111111111111111111111111111111111111111111111111111111111111111111111111111111111111111
1000000001101011000011011000000000000010010100101100000001100101011010101101001000101010000000000100101100000000011011000101101011011001100100000101001101101011010011011010110110101100100101011
1111111011000001101000001111111101111011010110000111111101110101010000001001101110001011111111110110100111110110111011110000000001011100110111110101011101100011011010001010010100100110001100001
1111010000011011001011100111110111101010010011110000000001010101011110100011001011100000001100000000101100000100001010000110111101010101110011000101011001111000001011011010110110110011011101111
1001010111111001111111110100000010000011011000010110101100000001000011111011101001001110101111111110100111111110100000101111110000010101011001110001001100111110101000001010110110110110000000111
1100011101101101110000000110111011111010001111011111111110101100011111010001101101011000100101010110101101001000110111111101000111000000011011000111011101100011101111101000110110110011011111101
1111000000000000011111110111100011110000100111011011011111111001001010011100000000011111110000000110001101100010011110011000011100011111011001011110010101111011000011000011110110011011000000101
1010011111111111010101010101111000000101110000000000001101011111101011010110101010110011111111110111101001101111111011010011011111111100001100001011010100110011111001101111010110110000011111101
1000110000000000010000000001000010101111000110111111011000010110100010000111111111111000110000000011001101101101100000011111110000000001111111100001010101100110000011000101010110111011110111001
1111111110111111000111101101111010111100010011100000001111010100111011110100110111100011111111111010011000111101111111000001110111111100110100001111000000110111101000011101010110010000000001101
1111010000100000010100001100011111100111111111111010100001000001100001000001100010111010101100000011010010011000110101111101011100011110010111100001111101100101111111001100000111000110111111003
1000011111111101110110101101000101110100001010101111111101111101111101110111111000011000000110111011011110111110000101101101011111000000110000101111100000110101001110011111110011011111101101011
1110110101101111111100111111110000000001100000100100000000000000000000010101111111010011011111101010010100011011110000000001010101111110111110001010111010110001011011011001100111000011000100001
1010000100000000001111110111111111110101110110110111111101111011111111000100101101011111010101000011010001001010110111111101010101110000011100100010011010011011011010001011110000011110011101111
1000110111011111100001100001011110000100111110010101101101100011000110010001101001001101010000011011011111100010111110000000010100011111010111110110111111011011010011011011010111110110110001011
1011110111110101111011110100000000111101101011000000001001001001110111111100001101100001011111010001010110111010011010111111010111010100010101000110010101001011011011011001010011100000011011001
1011000001100000000000011111010101111001000000010111100011111011000011000001100001111100000011111100000110100000111011101100010100000001000101110010110001101010000011001101010110101011110000011
1010011101111101011011111011111111100011111010111111001010111111111000011111111100101111101110100111110000111101101001000001000111010101101101111010011011000011110111011101000000101110011011111
1111111101011001111010110001101010110110100010100000011110001101011111111010101110000100100110001110111101101000001101010101110100010101001100010010110011111001110110010100010101100110110000001
1101100000001111110010011011000000111110111010111101111111101000000101100000000011110110001111101100000001101111101101111111100001111111101111000110011001011011010111000110111111110010011011111
1000111111101110011011011001111110011000101111100001101010001111110000110111110110100010101010100111011100101011000001111000001100011110000011110010111101010011000001101100011011011000110000111
1110010101000011010001011101011111011010000011001011001011100000111101100100000000001011101000110101110110101001111101010010111101110100111010111000001101010111101111000111011001011011110111101
1011010101111001011100000000000000001111110110011111100010111010000001110111110111011011001110100101100000000011011101011111110111010111111000101111011001010101100110011100001011010011100000101
1010000000001101010001010101011111100101010111011000111000001111110100111111000111110011101100110000001111101001010101010011010110000000000010000111001101000001101111001111100000011010110111101
1000111111100000011101110111110010110101010101111110101111101101100110001100010100111000000110100110101000111101010101010110000111111011111010110001011001110111101101100110001111110010110101001
1010100000001111001111000110111000010000010000110000000000000101101111100111011110000010110110001111111011111101010000000011110101101111011111100100001101010010101000001111011000111010000000011
1111111110111100011011111110101111011111011110111110111111101101111100001100001010111111100000100011010001101001011101110110000001001100010101111111011101010110101011101001011011101010111111111
1000000111100001000001011100100000000000000000101111101000000101010110100111111011110100001101101110011100000011001111100011111101011111000000001000000000000100001110101100011010101010000111011
1111110101101011110111010110111101111111111110000011000010110101010011101110110011100111100111111000110111011000011011001011000001010011101011101101010111110001111100101111001010101010111101001
1100010100111110100101010100101111101110011011110110010111100000011011001100111010110010110111111101110111111101110001111011111100000110111111100001111111111101100110100110011010000000000000011
1001000001100100110101000110101010000011010000110011111101111110110001101110101010011000111101101001000101101000100111110000001111101110010000111101110000000000110100110011000010111111111011001
1101111100110110100000010000000011011001011110100110101101010000010100101010101011010010011000101101110001100010110101000111100000001011011110001111011011111110010110100110011110011100001111011
1001111110110100001110111111111011011100001010110100001001000110111110001010101010000111000010000001111101001010000101111100001111101001010011101011011010000011000110110000111010110001100101001
1111000000110110101000100000111011110110100000110101101100011110101011101010101010110101101111111101010000011111110101011111111000101011000110000010011111111011110110000111101000000111110101101
1000011110000000101101111010000010100111111110000111100111111000101000000000100000110100111101000001011111111001000001010101010010000001110111111011000110100010100010111110101011110011011101111
1111010000110110111001100010101000001101011011110110110110100010000010101010001011111110000001111100000001101101010100000101011111110111100010101011011100111000101010110010100011011110001100111
1000011111111100011111110111111111100000000000000010100010111010111110111110101011111100111101001111111100101101111110110001010101100010111010101001010110011110111010110110001110000000100101101
1111010000001110110111111101010100001110101111101000001000000011111100100000101110110111110001100000001110101101101011111100000100111010101000101101010111010000110000000000100100110101101100101
1011111111100011110101101000000111111111111110111110101101101010000001101011111000000011000100001010100000000100000011101110110110100000000010000001010101011110111110111111110001111111111101101
1000101010001001010000101111010101111011000000000000101101101010110100111111111111111011111111111111111111110111110110001011110110001110101011010100000101011010101110101000110111100111111000101
1110000010111101011110101100010000000000010101010101101100101111100101100000101101000001100001010101011110000000110111101011010011011000101111010110110000011000101010000011111110101101101110001
1011111000110100010110000111111011011110110111111100111001111101001111111010001101111100101100000000000000101010000000000011011000011010111001110011111111000010000011011111101010000101001100111
1000011111110111000000110101111111110000011100000001100011111000011011011110111000000001111110110101010110111010111111101001010011011111111100111111101001101111111010000000101010110000011001111
1110110111010100011011110001010100111110111110110100111110101111011000000000000011111011010000100111111100100010100000001100000110010011100001101010000011111101011010111111101010111111111101101
1000000001010111111111011011010110000000110010100110011100000000001111111111111111000011011010101110101111111110110110101001101100110110110100000011111001010101001010000110101000011000110101101
1111111101010101100100011000010100111010011011110100110001101011011101011000110101111000011111111100000000000000011110101111111111100100111101101010111011000001101010111100000011111011110000001
1000000000010101110111000011000001111111111011111101111101111010011000001110010101001111010101010001011101011101110000101000010101110101101111101000100001111100000000010110110110110000011011101
1111101111000000000000010111101101000001101010110000101001011111111101101111010101011000000000000101000111110001000110101111010101000000101010111110110111010101111101110110011110000111110001111
1110111000011101011111111110111001011100000000111101101101000101110111100000000000000011010111111101111100000111101111111100000001011010001010110100000001000001000000000010111010111110011100111
1000001111110001111110101100001111111001010110011111100111110000000110001111101010101010010100000000011001010100111101011001010100010011101010100001110100010111010111101110000000011010111001102
1110111111111111000000000111011010101111111111010010110110000101010000101111101110101011010111110110111111110110000000000011010110111110000000001101000111010001110100001000111011000000101101101
1010011000010001111111010000000000000001101011011000000011111111111101101000001100111111111111100110011000000011011101011011011111101111110101011111110110011100111111100010011111101111100000001
1000111111000111010010011011010101111011000000001111111000001011110001001111111110100000000000001110111111011011110001010001111101101010100101110110111111001110011100001111110101111000001010101
1011101110010010011011001111111111100010010101100111111101100001011111101000000000101011101111101100110000011110110111111011000000000000001101000010101011011010110101100011110100011011011111111
1010101011111011000001111101101000001000111111110100000101110100000000001010101010111111111111101111111011110100011110100001111111111111011111111000000000001011100001001000000001011001000101001
1010101001101001111101110101100011011010100011010110110001000110101110101010111011110100010000000110011111000001001000001011110000000000001100111110110111111011001101011011110111111011111101011
1010101011000011000001010101111110010011111011000111111011101111111000111111110011100001000101101111001101111111100010101011011010101101011110000000110100000000011001110011000000100001100000001
1010101011101001111011000001010100111010010001110101101110101011001101110101011110001111111111111011100001111111111011111111010011111001001011011110100111011111111100010111101101101100001011101
1010000001111101010001111101010111111111011101000101101100101001011111100000000111101100111011010010111101000001111111110110011110010011011000010000101100011000000001010011001100000101111000101
1011101111010001011011011000000000110100010101110101101001111100001100111111010011111110000000011010001101111100101110100011001111000111110011110110111111011101010101111111101110101101111111111
1011001010011101011001011111101011110111000000000000001101111111011110000000011000011011111111000011101101011110101010111011011001010000111111110110100000010001010100101110101000100100000000111
1001101011000000000011010010001011100111110110111010100100101100001100111111111111010010100000011000001100000000000010100011011101011011100000000110110101111111010110000010111010101101010110001
1100000000010101111011011011111010110101111111111111110001101111101111110110001110010110111110111111100111110111111010111010000000011011001010110011100111100000011111011000011011100101110011011
1110101011010111011011011011000000000100001011001101111100100110100011000011101011010110110111110110110110111111000000000000111011010001101110100111110100111011000011010010111111001100111111001
1000111110011100000001000001111101110111101010011000101110001100001111101110100000000000000101010000100100001001111101011011111011111011001100101100000110000011010110011010100000011110011110011
1101111110111001110100010101100001100000000011011110101011011001100011000110111111101111110101011110110111101101000001010010000001100001101110101101010111011001110011011111110110110011000011001
1111101000110011111110111100001101111111011001010100000001011111111000010010000000001000000000010000000000000000010101111010111011111011001000100101111101001011000110000001100100100111101111111
1010001110111010001111101101111111010111111101000110111101010111011101111011111110111111110111011111101110111110110101101010110001100001101010110111000000011110010110101011110110001110000000001
1011100000100010100101000001111011000101101000010011100000000101000111101010111000100000111100000000001111100000100101001011111011110111001010100001101101001100111110101010100111011011010110111
1001001101111111110000011101000001110101000010111001111111110101110100000000101011110110001111011111011011111101101101100000110001100001111111111011111111101101110000101000110011000001111100001
1101111000111101011110111111111101100000011011111100111000000000000111011110000011111111100000010000010010000000111111111011100111001111110100000001010010000111011101101101110111011100111111011
1000011101100000000000100110000001001101001011010101101111111010110000010000101110110001110101011101011011010101100010000000111111101100000001101011011000110100000000100111011100000110010001111
1011000000111111111010110011010100011001111110000000001110000010111010111010111000000100000111010001010000010100111000101011100000001001010101001011000011111111111010110000001110110011010111111
1111011011101011000010111000011111011111001100111110100000101011100011110011110010111101110111111101111011110101100010101000111101101101010101111111111010001011000010011010111010100111000000011
1101011110101010010111101101011000001011100001110000101010111111111011000110000111110001000001110101000011000111111011101111100001000111111111100101000010100000011011011111110010110001110101001
1000010110100000111100000001011111011010111111010101101010110110111011010011010110000111110111000001101001110011000000111111111111010110101000110100010111110110110011001101100111100101100111011
1101110000001110000111010101110000011000010011011101001011100000101001010111111110101100000100011100111011000110010110100000101100010110101110100001010011110011111011100000001101111100110001001
1100110101111111111101111100111101111111011000011111111110001010000011111110101011111111110111111111100011110111110110110110000001010100001000001011010110100110000010001101100000011001100111101
1001100111000000001000101111101111101010000011000111010000101011010110000000000001010101011110000111111110000001100110110111011011010101100010111001110110111100101011101101111011111100110001101
1100101111111010100010000000000110000011111011110000000110101001110111011111110100000000000000110000101000101011111100011100010011010111111010100011100110000001111001101000011000000101111011001
1110101000100010110111011111110010101001000010000101010100101011000100011100000101011111111101111010000010101000110001011001011011011110010010110111001111010101011100101101001101010100011001101
1000101010001111110101111011111011111100010111111101010110101011110111010001010111111000000000011111010110101011111101001101010001010011011011100100011010010101000001111101100111110101110011001
1111111111011000000101000000010001110101110100000001011100111110110011111111111110101111111010110000010111101011000001111101111011011000000000111111011000111101010101100001110000110100011001101
1000010100001111111101101101000100100000110101110101001110110000000110110010101010001101100011100101011101101111101011110111100001111111101111101101001010011101010100111011000111111101111011001
1101010111111110000000001001110110001010100111000101100110111111010110011010000000100000001001101111111100000110001011010111001011110000001000000000011010110001011101100011110000001101101111111
1111000001101011101110111101000011101010110110010100111100011000011111000000111010101011101011111011110110101110101110000000011011011011101111111101001111111101110000110110000111011100100010111
1000010100000000111111110111101010001010011100111111111001011111010001101110100010101010001001100001010100100010111000111111011111011111111100000001100110000000110101100011010011010110001000001
1111011111101010000000000110101111101111110001101000000011110000011100001100110110111111101011001100000001101010001111110100000110010100000001111100101100110101100101101110010110000010111110111
1111011011001111101111010000111101000011011101101101110110000101010001100111111111110110001011111111010100111010101000000001011111010111111111110001111111110100110111101111110111010110000011111
1000010001111101111101111010010000010110000000101111111111111101011101111100000000010000101001100001010101110010111010101101011110000000000011000111010101010110100000111000000011110011011111001
1111111100010101010101101111011101110111011101101010001010101001001111011111101101000110111100101100011100011011111111111101110100101011011000010011000000000010110101111110101000110110001101011
1000110001000000000000000110001111100100001101000011100000001101011010000000001111101111100001111110110001011010001101000001000001101110010011010111110101010110100101000000101010011110100000001
1110111111111011111111110011011010110111011001101010111111100001011000101010101000001101111011000000100101111011100000011011111100111111111111010110000101110011110101101010101011011100110111011
1000000110111111000101111010000010000110001101001000000000110101111101101010111111011000000011111110110101101110001110110010111101100000000000011110101101100111100100101010101011000110110001001
1011110100000101110101000000101000101110100111111111110110000111110100111111110111111010101001101000110111000100101100011010000001001110111111011000111001110000101110101011101001101100110111011
1111000001010101000000011110111110101000111110110110000100110100000001110100000000000010101101101111100011010001111110111111011011111111111000001101111101000101101100101011001101001001100001001
1101101101110100010111001111100111111110011000000000111111100111010101100001011010111011101001101011110111111011100000000111111110100000000010101111000111011111000111111111011001011100110101011
1000001001000001010100011001110000110000111011101011100010001111111111110111010010100000111101000010000000001110111010110010101110111010110110111011110000000001101110000000011101001110110111001
1010101111111111111111001100111101100110001110001111101000101000000011011110010111111011100111111011111011111000100011110110101000000010100100011000111111010111111000110101000101011000110001011
1010101100000000110000011110100000001100101111011000111110111101111000000000110100000001110000000000000001101110001111011110001111110111110101011010000000010111011101100111011111011010100101001
1011111111111010000101111000001101011110100011111110110111111111110010101101100111111101000111011010101011000000101110001011101101100011000101111111111010110000000101110100001011111110101101011
1111010000000010101111100010101111011000101110101010100011101011011011100101111111000001010100010010101001101010101000100000000000001111110101110000000010111011111111000101011000011000101101111
1000000110111010100110001011101011001101101100100000001000000000000011001111011000010101010101011010111011001011101110110101111101100110000111011111101010011000001001110101000011011010100100001
1111110111110010111111111110000011100101000110001010101101101011101010011100000011010101011111111110011011101111001100100101000000110011011100011000001111011011111011000101010110011010101101111
1010111101000111111101110100101001101111111111011010111101111010001011000110101111010111010000000100110001101100011111101111111111110111111001000010100110011000110001011101010111001011101100001
1000000000010011000000000001111011100110100101111111100001000010111011011111111000010110010111110001110111100110111011111000000000000001100011010111101110110010000101010001010001101011001101101
1110111111110111111101101101000011001100110101101100001011101010100011011000000010110011010110000101010010110011100000000011010101011011110111111100000011111010101111011011010111001010011001001
1000100111110100000001001111101001100110000000000001011010001111110110011111111010100111111111110111000110000111110101011111010101010000110100101101011000001110101011010001010100011111011011011
1111110000000110101111100011001100111111101110101101110010101101000011110111100011111101110010000011010110101110111111110000010101011011100110000001011010111000100001111011110111000011011011001
1000000101011111111000001110011110110110001000101001000111111000010111000000001010011101011011010110010100111010101010111011010101011001111111110111001010001101111011110000110100011110011011011
1101011111111111011010100010110100100000111110111011110011111111010001101110101111010000001011110010110101100010101000000010011101010011000000000100011111011001001110000110010101001100110010001
1001111010000110000010110111110001111010100000110010111110101010010111101000101100000111100000000111111111111010101111111111011101111011101111110111010101111100011111101110110111100110111111101
1101000000110000101011100011011101000010101101111010000000000000110100001010111001101111111111010110001010000000000000110110000111100001111000000110000000000111010001101010110100001100000110001
1111101010110101101011111011001101111011111001011111111010101010010101101011111111001000000000010011100000111010101010000000101100001101011010101100101010101110000101000011110111011110101110101
1000111111100101111010000011100001100011000011001000111010111010111100111111100011111011011010111010001101100011111010111110101101101111000011111110101010101100101111010111100001110100100011101
1110110100001101000011110110001111001001110111101110000010011011110001100000111010111110011010011111011001101011000011110000101101000110010110000100101011101001100001010000101100110110101111101
1000100001011111111110000011011100011011000100000000101010110001100101001010000000001111001110110100001100111111010110000110101101101111111111110001101001111100110101110101101001100000100000101
1010001101010100000000101110000110110001111110101010101010010100111111111111110101100000011000100001011001111000010110111110111001001000000000000101111100000110010111110111001100101010110101101
1011011001010001111010111110111110011111011000101010101011010111111010110101110100111011011110101101001111001010111111100000001101101010101111010100110101010011010000010001111110111110010111001
1001111101110101000010110000100000110000000011111110101011010010100000000000000110100010001110101001011011101111100001111110100111101111111000010110000101010110011010110100001100011000110001101
1111000111111111110110011011101010011010101110000000101011011000110111111111010110111111101000111101110010101101111100011000110000111101010011010100101101010111001110110110111111011101110111101
1101110111011000000010111011001010111011101000111101101011001111111111011100010111100000001010100001111010100000101111000010110111110100011111011101101101010001100110010110000001010001100000101
1000000000000011110111110011111111100011001010100000101001101000101000000001011101001101101110110101000000101110001000011010100011100001001100000100101111111011111110110110110111011100110110101
1101111010101110000001011110000101101010011010111101101100111110101111011011010000011001101100011111111010001111101111011011101010110101100001010101101010100000000010110100100001111110100010101
1001000010101111110101010100110000001010110010111000111111100000001011011010011110111101101101010000000011011000000000011010001010110101110101011100111000001011010110010110110100110011110110111
1011110111111010100111010001111010101010110111100010010100111101100000011011010000011000111111111101101111010011111110111111101010000101000101001110001101011011010111111111110101111010000010001
1110000011011000001110000101111010101011111101001010110110110100110110110011011110110011110110101001101001111111110111110100001011010111110101100010111001011001010000101100000111101010101110111
1000111011000011011000110100110010111111101000011010110000100001100100100110010000110111100000000011111100000000000001010111101110010110000111110110001101011101111110000110110011000000101100001
1111100011101110011011100101111011110110000011011011111010001100110111110011011101100100001110101011010111111110101100010000000011010110110010100110111101010100011110111110110110010101100111011
1000001010001100111111001101011111100011111010011001100011011001111100000110011000110111101100101011000000000110100111000101101111110111111010001110000101010001000010000011100011011100101100001
1110101010101101101000011111001110111010100011011100110110011101011111101111110010111100000111101001111111110100101100011101000000111101000010100011101101011101111011011111101011011001111110101
1010111011101101001111000111011000111000001010010101100111010111010010101100000110100001010100001101100000000001111110110001010101100001111011111011111111011000011001011110101001111100001100101
1010100001101001100000011100011110000010101011010000110100010111011010001101010011111101011101100111001101010100110000011011010101111100000011000000000001010010111011000000101011000001011110111
1000111101001111111011111111010111010110111010011101110110110000000000111001110111011101011111110110011001111101100110110010011100110001101001110101010111111110101111101011111111101101110000011
1010100001101000000011000000000000011100110011011000011100100110101010001111000110000001110110000011001101000000111100111110111101100111111011000101010011000000000101111001100000001100011011001
1111111011101010101111101111011011001101100110011010110001110110111011111111110011010111110111011010011111110111111110100000000111101100110001110101110111101101011100111011101101111001001011011
1101000011001011101000001000010001101101001100111010011011000011100010000000010111110110000000011111000110000001100000101010101110111110000101000101100011001001000001101000111101000011011011001
1000011010011111001101011010111011000101101110100011111111111111111110110101000011000011010110110101101100110101111010111110111000010100110111101101101111101101111100101110011001101001001111011
1101001110110001011001011110100011010111100111111111110100001100000000110111101111101011111111110000111001111111000011110000001011000001110011000111000001101000000110000010111101001011100001001
1001011100110100011101110000101001010110101101011110000001100001111101100001101100001110100011100110011101100000010111100101111011011111000111010111101011001101011100101010001101011001101111101
1101010110111111110101111010101111111110111000000011011011001011110000110111101110101100001110111111010001111111111110001100001111110000010001010001101011101101001110111010101001010011000000101
1001110000011000000000001111101110101010111110111001111110011011011101100100001000111111100100111000000100110000101010100110111000000110110111011011001110100101100110001011101011111011011111111
1101000110110010111111011110001010100000001011100011100011111111010000101111111111110011110101101110101101111110000000110110110010110100110001111001101100001111110110101011001001100010011101011
1101110111111010100000011000101000111110100011111010110110001110000101111010110111100110000000000000101001000000110110110110011010100110110101000011001111101000110010111001111111111011000000001
1001111100011111111101110010111010000111111010011000000011101011101100110000000000110111011010101010111101010101100110110011011010110100110111111001101000000010100111111011110000101011101010111
1111011111010101111000111011111111110101001010111101010111000000001110011110111110000000010010101110011001111111111110110110011010011110110100000011001101010111110000001000010110000010001010001
1110000000000000100011100011000101110001100000010111110001110111100110111110110000101101011011101000111101101010000000010011001010111010110111011001011001010001100110101101110111101111101110101
1011111111111110001111111111101100000100001111000000111011000110001111110000011101101101010011001010110001001011111101110111101010100000010100010011001011010111110110111000111101101110000011111
1000000000000000111000101110101101010111101000011010010000010011101100010101011001001101011011011110010101100011000000110001101010111101011111111011101010010111010110001101101000000011010111011
1111110111110101111110000000000111111110001101010011000101010110000101000101111111011001111010011000110100111011110101100101101010100001111010000000111011010101011111011101000011010110010000001
1101100100000101000000101110110010101011011001110111101101110011010111110101000000001100001011001110111111110001100101110101001011110101101000111011100001110000000110010101010111010011010101101
1000111111101111011010101111111000000000001101000001111100010110010111111111011101101101011111101000100010100100001100010101101011010101000011100000111011000101111111000111010100010110010111001
1110011011000110011010111010011111010101111111111011000001010110111101000000010001111111001110001101101000110101011001011101101110000111111001111011110011010100000001101100010101010010110001101
1000110000011100110011111011010000010101111110110001111011010110101101101010111011000000011000100111101110000111010011111111111000110100000011000000011001111101011111111110110111111011111011001
1110000111110111111110000000000111010101001100000101000011010110100000001110101111010111011011110110001000110011010110110000111110110110101001110101001011000001111110110100110110100001100001011
1111110100000001010011110111110110011101100001110111111011111100101011101111100000011111010011010011011110100111010000010111101111110011101101000101011001110100000000000110110100001011111011111
1011100101111011010110000100000011001111110100110110000000110001111010001011111111111000010110000111110000110100011011000011000000011011001101010101111011111101011011111100010111011001100000001
1010111111100001010011111110101011011011011101111100101010011100110010101000001100000010111100110100100101110110111011011011111011000010011001010100110011000001011000000110111100001100110111011
1000011010111100000110000110101011010000010000001101101010110001111011111111101001010110101110011110001100011111110001001010000011110110111111110110010111101101111010101110001111011110110111111
1011000000101111101111101100111011010101000110101101101010111100101111011000000011110110100000110000100110110011000101011010110110000011100000000110110100101000110011100011011000011000010001111
1010010110000000000110100110110001011101101100101100111010100001100000000011010110000011111101110101110011111000010101001011100111111000111111011110100001101101111011111111111111001101010100011
1111111100110101010010101100110101001101111110111001100010110100110111111010010111010110000000010101000111010011010111011001111100000010101000011000110101111001000000011010010100011101011111001
1101101001100101111000000001110101011001000000110011110110110101110110111011111100010111111101111111111110000110010110001101000001110110001111011010011100111111111011000000110001000101000011101
1000000011110100101010101100011111111101111010011011000110110101100100000011000001110011000000000110111010110111010011101111111011000110100011111111000110000001100001101111111101101101010110101
1010101010110101100011101101001100000001000010111111110111110100110101110111111011000110011101011100000000100100010111100110000001110111101110000000010110101100110101100001100001100101010110001
1011101010011111111001101111101110101101010110110000000100000111100111000011000011110010110001011001111010110110110010110011111011000101100011111111010100100101100100110100111101101101110100101
1111001111011011011011111011000111111111010110011111111111110000111111110111101001110111110101011111100010110100011000011010011011010000110110000000011110101100110101110110001101101101111110111
1110011110000000000001010001111101100011111111110000000000000111101101100100001111000000011111110110111010110110110011111111000001110110011111111011000010101110100101100110111101101100011000001
1000110000110101111100010100001100110110011101111111011101110011000101110111011100011111110010110000000010111100111000010110010101100010110000000010010111100011110100110100000101100101111110111
1110011011111111000001111111011110100010110101010111010001100111110101011111110111011010111000011111111010011001101101010000110100110110011010101110111101001000110101111110111101101100000110001
1100111111101011110100101010000000001000000000000000011011001100000001011101110000010010101111010111111010111100101101011011100101100100111010101000101101111111100101101000000111001101101111011
1001101110000001000101100000111011101010111011110111001110011001101100000001011011111010101011010100000011111001101001011001101101110110100010111010000000000000101101000010110011011100100110001
1111101011111100010100111101111110001011111110000110011111011101101001111100000001101000000000000001111000110011100011011101101000110011110110110011101011011011111001110110110110010101110010101
1000000000000001010101111001100110101110000100101111011000010000111101111001110111000010111111110101100011100110001111110001101010110111010110011011001111110011001101000100110011000100011010111
1111111111011011010111100011110010100110110001101001011101011010110001000011111100010110100000000101001000110011100000010100111010100100000010110001100000011000011101010110110111101111111110001
1101101100011010010100001000011000111111111101101100001101011011100101111110000001010011111111010101101011100110001010111101100010110101110110011011001011001011111001011100110100000000000010101
1000000001010011010110101011110010000110000001111110101101110011001101100111011101010111010000011101001011001111101011101001001010110111000010111001111011011000001101011110110101101110101010101
1010111101111001010100111000111011101110101100110000100111110111111111110000011001011100000101001101101011100011101001100011101010111100010110001011000001001010100101010000100101100011111110101
1110110000011101111110110010100011001100111110100101101100000100001100000101111111011001010101100101001010001110001101111010001011101101010110101001110111101111101101011010110111001000000110101
1000110101010001100000011011101001101110111011101111001111111111011111010101100000001101011101101111111010101100100111000010101111000001010110101111000000101100000101111011100001101101011111111
1010100101111101001110111111101111000011100010000110011000000010001101110101111111011001011000111100000011101001110001010111101000010101010110100011101101101101101100110010001011100101000011001
1010101100110001111100000110001000010110001000101111111111111000100101000111000000010011001101110111011000101100111011110011001110110101110111101000111101111101100111100111011011001111011110011
1110101110110101100001111100101101010110101010101101110000000011110101110100011101111010011001100000010011111110101000011001101100010111000011001101110000000111110000110011010011011000000000111
1000101000111100110100111110111001111111101010111000011111110111100000000111011000001111011011001011011000001010100011010011001101010100010111100101011101010000110111111011011001001011010111101
1010101110011111100110000010100011110001111111111111001000000110111110101100011010101100001010011011011010111000101001011001101101111111010001101101010001010110110000011001111011011010010001101
1111101100110110110100110110111111011011010101100101101111111100000000101110110011111001101011010001110010001101101011110011001000011011011011001111011101110010100111110011000001001110110100001
1100001101100010000110010011111000000011000000110101000111011111111110100110111011010011101111111011000110111101001000011001111101110000011011100110000000011011110000111111110101111000110111011
1001011101001000110111010111000011011001111110100001110100010111000000101100100010011000111110000011010100011001101011010011000000111111010010001100110101001111010110010111110100011011100001001
1101010111101110100011010001101111111101101010001100000111010100010101100110110111000010000011011110011110110011001011011001111101100000010110101001110101111100000011000011000110110001110111011
1111000110001100111010010100111001000000000000101111110110000001010101110110011111101111011111111000110000110111101001001100011000111101110011101101000101100110101011010110010110011011000001111
1000011111111110100010110101111101110101110101101000110000101101011100010011111010100101000110000010111010010110001011011110111111110100110111001001010100001100111001011111010010111011110111101
1011000110000000110110110101000000000101000101101010000110100101010001010110000000001100010100101010100010110100101001010000110000000001100110011101010110100110100011011000010110110001100000001
1111111111111111111111111111111111111111111111111111111111111111111111111111111111111111111111111111111111111111111111111111111111111111111111111111111111111111111111111111111111111111111111111
