11111111111111111111111111111111111111111111111111111111111111111111111111111111111111111111111111111111111111111111111111111111111111111111111113111111111111111111111111111111111111111111111111
11001101101000110110101100011000000110101010011011011000000110011000101010110110000011000000011010101010100101001011000100110100001100000110100010101100000000001010100011010010101100110110010001
10011100001101100000000111001111101100101010110000011110110010111110101010100011101001110111011000101010101101011010011101100110111111110010101110001101110111101000101110010110100110010011000111
11010111101000111111110100011010101110101010100111110111111000001100101000111001101100000001111110101000000001011010110100110100000110010110101111101001111111111011100011010110101100110111011101
10010110001110011101010111011010000110101010110101100011111110100110001101101011111001110111110100101011101011011010110101100110111111010110100011001011011000011000001011000000101101110001000001
11000011100111010101010110001011010000000000000100110110110110111111101101100000111111110011010110001001111111010010000001110000001011010110001110011000000011111011111111111101101001100111011111
11110111101101010100010110111001111111110101110101110100000110111011101000110111101011000110010011101011010101011000111111011111011010000010111000110011111011100000000110001101101011110000001011
11000010000000010111010110101101110111000111010000010111010000001010001101100110101011010011000110001001010100011101101100001100000010111010110010000111111110001010101100100000101001010111100001
10011011101101010110010110001101000101101100000111110111111110111011100000110110101011110111101100111011010111001100100111011111011111100000000111011110000110111111100111111101101100000000110101
11110001111111010011000011101101110001111111010000100000110000101001111110100110001001100011000101101011010011101101101100001011010111111101101101111100111100000000101100000001000001010110011101
11111011010110000111101110101101011011000101111010101111110110101101010100101100111011110111110101101011010110101100000001101000010010100000111100000110100001101011101111111100011111110011000111
10010011010100111101000110101101011011110101101011101100011110101001010110000110011000000011000001101011000100101101101011111111000110111101110101111100001111111001101001110111011110111111111111
11011011010001101001101100001100011010100000001001001101111010001101010111110100110011110111111011101011011101100000101011011001011100011000000001110101111100001100101101000001000000011010000101
10001011011101100011000001111110110010111110100011011100000000111000000011100001111010010110000000000011000101101111101110001101011001110011111111000100000001111111111001111100011111111000111101
11100011010001101111111100101000111000000111111011010111111110001111110110110100101111010011111111111011011100000000111111101001001100011000000011110101111111100010110011010111000100000011101101
10111010011100000011000101101110011101111101100000000011001100111000100110100111100110011001100001100011010001101110011010101100011111011011110110110000011110001110111011000000011101110111000101
10101011011110111111110100100111001100011100110101011001100110101110110110101110001111011011111100111010010111111011111000000001110110000000010000011011110000111100001011111111010101111101011101
10000001010100011001000101101101100001110110100111011011110110001000000000000011011001011010101001100010110111011001001111110101010100111111111011110000010101110110111000111000000000001001010001
11010100010110111101110001101101111100110100110100001111010111101101011101110110001101010000000011110110000000000011011110011100000101111001011111011011110111100110011101101111011111101011000111
11111101000010010101000100001100111001110110111111100110010101101111111000111110111100000101011001010010111111111110011011011111110000101100010101011010010010101111010101001011000000111010011101
10100001111010110101111111101101101100010100011101101111010101000110101101101010100111101101001100010110101000001100111011000110000111101101110101011000110110000110010101100011011101110010110101
10111111111000110101011011101100000111010110110100001100000001011100100101001000001101111111111110110100000011011001110001011111110001000000000000011011110000110011000000110110011111011010100001
10101010000010000001001010101111101101000110110111100111111100010110110101011011111000010110101000010001011111001101011100001010010111010101110111001000010111111111110110010110110010010000001111
10000011111111011100011010100110101001110000100000001101011001000000000000001001111101110010101111010111110001011001010110111011000011011111000111111011110101011100111110110000000110110101111011
11111010001101111101110000001100001011011110110101100101001111111111111010100011001100011010000110000000000101011100000010110011111000001011111100101000010101000110101000011011111110000111010001
11011011100000110001011011100111100011011000011111101101101010011100000011111110011001110011101111011111101111110110101110110110101011111010101001101011110000011100001011000001101010111110000101
10010000111110111101001110001110111011001111011011001000101011010110111011100000111100011011100011000000111011110111100110110100000000011010000011100011000111110111101111011100000000011010111111
11011110111000011000011111101100110001011010001001101110101010010111101000111011101001110010111011011111110001010101101100010111101111010010111110101110011110100101001100000111010101001000001011
10010000001111011111001010101101111101010011011011001010100011000011001011101001101101011000011010000110100101000101001001010100100111111010000110101010111010101101100101110001111111100011011001
11011111101011010011011010001101010101011000011010011010101000011111100010101011001100011111011000101100001111110001101011110110101100101010111100101010000010001100110101111100011110110111011011
10011100000000000110011011101101010101011111000011011010111111000110110110100011011001110110001101101001111100111101101010110100000101101000010110101010111000100001110100001110110100010101111001
11000111110101010011001010101000010101000110011000000010011011101110010010110110001100110011011001111011010110001100101010110101010000100011110110000000011011111111100001111011110001110101100011
10011100011111111000011010101111010101010111001111111010110000001011011010110011011110010110001100110011000011100001101010100001111101101111000000111010111111011100101100010001100100011100001111
11010110111110101101111010101011000101011101111111111010011110100011011000000110010110110100111001111001011110110111100000111101111111001100011111101110001100000110111101110111101111110001011101
11010100110100101000101010101001010001001101101000001010110011110110011111101100110010110001101101010011001100010110111011110101010010011001110001101111101001011100110101110101000011011101010001
10010101110110000010001010001101111101011001001111100010000110000011010111000110011010100111101000011011011110110110110001100100010110111101011011000011111011110110110000000101011111001101110111
11010001010111111111100011101100110100001101101110111000111111111000010001110110110010110111000011110011000110110110111100110001110010011001011010010110011000100110011011110000000001100000110101
10011101010101101100001110001101100001111101000010111110001010011111010111110010111010010001101111011011011110100100011001100111010110110011000000111100111101101100111000010101111111110110100101
11000001010101000111101011100100110111000001111010100010111010110110010110011000001011010111000101001011001100110001011100110101000000011000011010001101100101101101110010111111100110110111110101
10011100010000011110001001110110110001111101101010101000101010110011000110110010111000000001110000011011011110011011110110000001011111111110111111111100110001100101010111111010110000110001100001
11110101000111010011100011000000000111010000101010111110000010111011010000110111101010101111010101110001011011011010100111110111010101010100110101100110011101110101000011010010000101110111111101
11100111110100010110001111110111110110011010000000010011110110010001111110010001101110100101010111011101011010011010001101000111010001000110010000001100110100110000011001011010111111000010110001
10001110111111000011100011011110000000111111111110110110010111010111001010110111000111101101000111000000001011010000111001110101000111011110110111111110110001100101111111010000000011010110111101
11100100011101111001001111001011110111101100000000010011010011000101101000000101011101001101011101111101111001010111100011000000011100001100010111010100111011001111111101000111111111011100001101
10110101110000011100011101100000000010000111111111010110000111110101101011011101010001101101001001101101111101010101111011111101111110111101110000000110010010011011011000010011110101001001011101
10000100111110110001110101111101110110111111111100000010111110100101001010001100010111101101011011001000001101010100110001100000010110000000100101111111011000111011010010111000000001011011110101
11110001100000011011110000110111100110001100000111111000001010110101011111011111010010101000001001101101111101010101111100111101110110111111101111101101011110101001010111111110111100000010110101
10010111001111001001011110110010110110111001101111111111011010100000001100001100000110101111011011001101100101010101011001110101100000110111001011001101001100000011000001010111111111111110110101
11000101111011100011011010011010100010101111101100000001011000111101111110100111110010001111000001101000110101010101011100100101001101110001101001011001011001011110011111000000000001111100110001
10010000110001111010011011001010001110000110101111011100001011111000110110111110011010111001011111101101100100000101001110110000011111000101001011011101011011111110111110011111111111000110110111
11111101111100101000111001101000101010111100001011000110100001100011100100011011001010110011010110101001110111101101011010111011010111011111100000010100011000100010000000111100111010011100110101
11101100110110101010010011001111100000000111100000011111110101111010110110110001100000110110010110101100110000000101001010011011110101011011001101110111000010101010111111100110001010110101100001
10101110010110101111011001101001110111110110111111111101111101011000110110011100111010000011000110101110111111010001011010111010110100000011101111010011111011101110110100101100111010010100111101
10000111010100101100011100101011000011011110101001110000101001011011100110110101101111011001101110100110011011111100000000001010010101111110000011010110010001000100110101100110101010110101100101
10110011010110101111000110000001111011001100001101011010001101011011001110010001101100001101000010110010110010110001111110100000110101101111011110000011010111011101100000110110001010110000110101
11111000000000000110011111110100110001011110100101011111100000001001100011011101100110111111101110011000011010111100101111110110100000100011010110111111010111011000110110010100111000110111110001
10001010110111110011001101111110000100000011110000010110111111101011001110000000110100010011001000111101110000010101100011111111101111101110010000001100010100000010000011110101101110000101100101
11101111111111010111100101001011110111101111111111010100010010100001100011111011110111000110011011111100011111000000001110101101100001100111000110111111010101111111101000110101101011011100110111
10101111101000000110110101011001100000111100101100000111011010110111110110011001100111101111010001011001110011111101111010000101001011110101011111111001010100000101111111110100101010000101100001
10101010001011110110000001001100001111110110000111110000000000000110110011010011001100000011010111011011111010100001101000111101101110010000000001001100000001110000000110100001101011110101101111
10101011101110000011111101100111100000000111101111111111101111101110110110011010011111011110010000011011010000111101101011110100100111010111111111011111011111111110111100001111000010100000000011
10001011000110101000010000101101001111111100001100011101111000001010110111010000111001001011010111110001011101101000100011100110110010000011101010011001010110000111101101111111110110101111111001
11100001010111111111011110001001100001101111100110110000001111101010100011011110101100011011010001100111000101101110001110110000010110111110000000111100000000111101100000000001100000100000011011
11111101110011010110000011101011001111000110001110000111011000000000110111010100000110110011010111001111110100000110111100111111010110110111011110101001101011111001001111010111111110001110111111
10100001100111000000101000000001011011110111101100111111011010101101100100000111011100011011000001100100110111110100011001101011000000000101000110000011001000001101011001111100110000111111101101
10111100110001111111111101111100011001100101100111101100011010111000110111110100000110110000010111110001100000110001001011001010010101110000010011101001101010111001011011101101100111111001100101
10110001110101110000000111010001110011110101110110000111011111100010010101100111101100011011111110110111111110100111111001011010111100111010110111101101111111101100000000000100110000001011001101
10011101000111011101110000000100010110110101010111110010001101111111000001110110100110110000001010110000110010001101100011011000000110011110011110111000110101101001110111111101100111111001100101
10110001110011010111111111011111010100110101000011011011011000011101101101010000101100111011111000110111111011100000101011011011111111000111011000011111100100101011011101011000110101101100101101
10111011111011010110001101111000000001110101011001010000011111000000111100011110000101101010001110100011010010001111101110000000000001110001111101000110110101100011001101011101100101000001100001
10010011011010000111100001110011011111010101111011011111010110010110010111000011110000001000111110001111011011011000100110101011110111110111111111011110100001101111100000001100110000010111001111
11010110010011011101111101011110011110000100110010011011000011111111010101011110111101111011101011101010011010001101101110111111110001010000011010001100001111100000001011111001100111111101101011
10000011011011011101011000001100110011110101111010110001101110111100000000011000000000110010000011100000110010111000000000010100011111011111111011011101111000101111101110101100110111101000000001
11011001010011010001001111011001111001010101100010011101001010010001111110111110101010011000111110111010011000001101101101000001011000001100110001000101011110101000111110000101100000001101111111
10011101011001011101101010001100001100000000111010110101100011011011110000001011111111001110011100011111001101111100101111111111110010100101100101011100001100100011100010101101111011111001000001
11010000011011011000100011011001101111110111100000000000001110011111011111011001010111101010110111000101011000011001111010100000110111111101001111000101111110101110110110111000111001101011011111
11111110110001011010111000001011100111010010111101111111011111001101010000011101010010001000000001110001010011011101011010101111100001000101100110011100101010101010100100010011100011101000000001
10101000111101011010001111100010110100010110001111100001011011100001011111010101011010100011111111011101010111110000001000000110110111011101101111010101101010100000001101110110111000101011011011
10101110101001011111100001111010011111010011011010111101001010101100011100000101011011101110111011000101010001111011100010110110000000011001000101000000000000001111111100010100111011100001011011
10001010101011010100111101011011001100000110010000001001011000111110110111110101010011000110101001110100010111000000110111111100111111110011011100011111111110100010110110110110101000001011001001
10101010101001010001110000000001100111110111011101101101001110011010100010110000000110011110101011100111000101110111111111001110000011011000000111000011000110110110110000100110101011111001011101
10100010101011011101000111101111001110010011011001001100011111010010111010100101110111000010101011001101110000000000001010011000111111000011101100011111101111111100011101101110000011111101110101
10111000000001011001011111100001100011011011001111101111001010011010110000111111100101011110001010011001100111111011111010111110100010011111111111000101000000101001110101100011011000000100000101
10100010110100001101111000001111110111011001011010101011011011001010111010011010110000011010111010111101110111011110000000000110001110110000010011011100010111101100110101001010001011011111111101
11111110011101111000101010100101000101001100011010100001011011100000011111011010011011001010101000101001010001000100101111101100111100110111110110010001011111000110110101011111011111111010001111
11000100110000101110101111110001110100011001110000110100001001110111001101011010110010011000101011101011000111011101111101111101110110110010010111010111111101101100110101000110001110001010111011
10010001111101101100001101000100110111011100011101111110111011000100011001011000011111001101101011100001101100000000010000011001100010110110110100000000000101100110100101011111100011100000011001
10111111101000001001111001111110000110000110110101101000010011111111011101011110110100011001100010111011000110110111110111111100101110100000100101101011011100101100110000000001101110001101001011
10011100001111100011010011001010101111101100010000101111011010011000010101010110100111011101111010110000010000010001100000101001101100001010001101111111110110001110100110101111000000111111111001
11110101101111111011011011101011101011000111010111101011010000111111000000010100110110001100110010111110111111111111001111100011101101111110100000000000100011101010101111100101011010001010101101
11100111101000000000011001000001101011101100010110001010000101111011101111000001100111011001111010010110101000011101101010111010101100000010101101111111101110101010100011101101011111111010100001
10110110001111111011011101011101101010100111000011100011110111010001111111011101001100001100101000110100000011000000001010101010100001101110101000001010000110101010101110111101000101011010001101
10000010100010111110000101110100000000110101110110101110010001011011000000010001101101111001101110010101111111111011111010101010101111100011111110111011011100101010100000010100010000000000111111
11010111111000001111110101100001101101100101000010100011000111011001111111111100000100111011101011000000000000001110000010001000000000101111110010110010001110101010001111110101111011111101110111
11110110011110100000110101110101001100110001111010101111101110010011011010110110110001100011000001101101110101111111111000100010110101111010100111100110111000100000100001010100001000000100000101
10100011010010111110000001011111111110011011101000000110000011011000000010000011110111101011101111101111011111011010110011111010111111010010001101001110001110111101111111000001011011111111011101
10110110011011100111011011011011110110110011001011111111101111001101111000110110000100001110100111001010001011001010111011111111101010011000111001011100111000101001010001101111110010000111110001
10000110111001110101111011000001000100011001100001110001101010011111101111110011110101111100110101100010100001011010100000100011000000111101111011010101110011101100010111000000011110111100011101
11110110001100110101100011111101110111010011111011011100001011001010100111000111000000110110100101001000111111010010001111101111011111110100101010010100011000000001110011011111110110100001111001
10100111011101100000001001101000010000000110100001000111101011011000101101110101101110010110110001011110011101010110111011100101000101010101101011000101110011111111100110010101010110101111001101
10110101011001111111111101001111000111110000111101011101001000001010000000000001111111010110111101000111110101000000011010101100011101000000100001011100011000001110110011000000000010100011101001
10010000000011011000010100011110011111111101101001010101101110111111110111111011000000010110011000011101010101011111111000100001000000010111101111000001111011111010110110011101111110001110000011
11000110101001001111000111001011110000000000101101010101001000110100111110101001111110110000110011110001010001011101110011101111111110111110100001101111100001110000110110111111101011011011101111
11110010111100011101110111011000111101111110101001010101101110010101101010101101100000011110010111111100010111000101010110001010101011101000101111000110110111011011100100000011000000000010100001
11000111110101001000000100011110001111011010101101000001100011010101100010101000111111011000110000000110110011110100010111011010101001001110100101011100000001000000110001111111110111101110001111
10010011010111101111010001000010111010000000000000011111101111010100111000101011101011001101100111111110011001100101110001001010000011011000101101011101111111011111110100000001010001111111101101
11010110000000000101111111111010101010101011010111010011000110000101101110000001101001101000110000110100110011101101011011011010111110011101100001010101000001011010100101111111010111011011000001
10010100110110110001101011000000001011111010010110010110011111110101001111101101001100101101100111100110011010101100000000000000001010110101001111000000011111001000001101101010000000011011101111
11011111111111111101101001111111100001100011010111000111001010100101011010111000011110101000001110110100110010101101101010101011111010110101100110010101000001011011111111101010111111110010101111
10011000000000000000000011011000111100111111111101110101011010110100011010111111011000001011111100100001111010000001111011111111010000010001101110111111110101000000000111000010000001011000000001
11001101011111101011101000011101100110101110101001100001011000110001000010101000011111100010110110101011011010111100011001010101000111000111100000011010111111010111010000011000111011010011011101
11111111110101111111111111010000110110001010001101110100000011111011111000001111001101111000010110101110000000000111001111010101011111111100001111111010000110010110010101011010001111000111001111
10110110100000000000010000000110000111101010100000011110110111111110111111011000011000101011110000000111011111111100011001000000000000011111100000000000111100111111010101011011011101010001111011
10010100110101111111011111111111010000100011111101110011110110110100000111011111011110101010111110101100000000001111001100011010101111110000101111111111110101101011111101011011000000011100000001
11010110011111101000011011011011110110001001100001011011010110010111110000001100001100101000000000111110101111111011111111011111111100010110000001100011010000100001111111111110011010111111111011
10000111000110001101001010000001111111011101111101010001010110110100111111011111011110000010111011110010111110101010100110000000110101111111011111101110000110001111010001101100110010000000001111
11110101101111101111100011111011011001110000010000011100000110100110011010011010001011110111101111011010010000001010101100111101100101011011010000000000110010100001010111001111111110111101111101
11100101100110000110111011110011011100011111011110110111110010110111010011011010100000000011100101011010110111111010100001110111110101001010000111110111110110101111000001011000101111101111101001
10110101001111110100000000011000001001110000000000100000110110110101010110011011111010110110110100010000000010110010110111100011010100011011011111111111010110101100011111011011101011000110101011
10000001100010100111110101001111101101011111111110111101100100110101000100110001011111100000110001110111011110011000110110111000000101111000000000000000011111101111000001001000100000010000000001
11111101111010110110111111101110101101010101010100011000001101110101110110111101001101001110110111010011110100111011110110000010110000000010101011111111111101111001011111011011101111111111101011
10000001000000100100101010000000000101010101000111011111101101100101000000011000011000011111100001000110110101101010100000111111100101011011111000000000000000001100010110000000000000000000101011
10111101111110110110100011101011110101010000011111010110101101101101111011001111011101001000111011011100000001101000001010001101101111111011001011010110111111111001000000101010111010101011111001
10100000000000000000111011111111000000011111011101010110101001101100111111101010000001100010111001000110111111000011011010111100111010101000011110010010010101010011011010101010001011111000011111
10111110110110110110000000110000011111000100000000000000101100000110100101000010111111110111101100010010001101011001111111101001111000001010110011011111110101010111111111111111011001011011110111
11101000111111111110111110010111011111110111111111011010000001111100110101101111111001010101101101111110111101011111101111101011001101111110010111111100110100000010110001010101111111001111010101
10001111100000000000100110111100010000100110110101110011011101101110110101000101101011000001100001101110101000010101000010000000011000010111110001110101110001101000010111000000000011011100000001
11101101111111011011110000101111111110101100000000111111111101100100000001110001100001101111111100000000000011110100011000101111000011110101010101010101100111111011000000010111111110000001101111
10000000000111111010011110101001100000001111111101100110110000110110101100100100111101101101010101110101101000100001111111100001101000110101010111000000110000001110011011111100001100101011000101
11011111110101101111000110101101111111101011010101110100011011110111111110001110100000101100000000010111101010001111110011111111101111100000000010011010000111111110111111101001100001111111110001
11111000100101000110010000000000010100000000000000000001001001100101100111100111111110000110101011110000111111111011010110111110111110101111111110111110110000111010001100000011101100010110111011
10101110110101110100111110111111000001011111111111101011101100110100110100001101101010110110111000011111100101101000000000000000011000000000000100000110010111101011111110111000111111000000011111
10000000010001010111101111101101101101111111011010111110101001100001100111011101100011100100011101001000110100001011111111111111111101010111111101110010110001000011010110111010011011101011000001
11111111011101000001100011100000111111000000001010110000000011001100001100011000111001110110110111111011100001100000000100000000011001111110011100111111111111011111010100001011011001111111010111
11011000001101111011001010111011110011111111101010111110101001111111100111001110111011010100000010100010001111001101010001011010110011001010110110000011011110001110010001011111111011010101111111
10001111011101010001111010010001011010101101000000010100111101110110001111100100101010010110111110101110111111111111010111011111111011100000000000111110010010100011010111110110101000000001101101
11101100010001011101010011000100001000001000011011000001110100000011101101110110101011010110001110000000000001010111110001000101101010101110101101100010110110111111000000110010101011111111100001
10101111011100000000011001110110101111100011010011010111100001010110000000100110101000000110111010111111101100000101111111111100101010000010111111111000010000010101110111110110101010011010101111
10000101000001011011000011011111100110101110010111111110001011110111101010001100001011111100001010000001111101111101011000101101101000101111111010110011110111000001010101010110100000111010000011
11110000010111111111101000001101110000001100111101101011101001100001101111100111101001100110111000111111010111110101000010001100100011111101101000011011100011010111000000010100001011101010111001
10000101011110110001111111100000000111100111101000000000101101111011000011101110001100101100000010000110000011000100010111111001101111010000001011110010101111111101101011000001111000000000011111
10110111010000000100110000001111111100001110000010101010001101000000011110001000101110000110101010111100101010011101111101101100101110000110111010100110101101101100001111110100011111111111110111
11111110011010110110011111011000000001111011111010111110101001111010110100100011100110111110111110000001111110110101101101100001101010111111101010101110000000100110101110111101000000000000110001
11101000111111111111000000001010101011100010100010011000111111000011100001111111101100110100000011111100010110000000000000001011000000010101000000000000111110001100100000001101010101110101100111
10101111101111101101111110101110111110111000001011011011110111111111111011000000000001100001111111111111010110111111101111111111101111000001010101101110000010100001111110101101011111111111001101
10000011101010101001011000111000100000011110101111001110000000000000000001101111111011110111011100000011000000000000111011001101000001101100010100100011010110110100000011111101000011011011011001
11101000000000001100000011110011111111010000111100011111110111111111110111111101011000010000000001101001010101010101111001011000011111101101111101101110011111110101011000010101101111001001001101
11111010111111101111101011000110000000000110110001011001111101010101100101100000000011110111111111111011110111111101001011011011000000101000001111100011000000010101111011000101111001101011011001
10000011111100000000001011101110101011101111111101111100001000000000001100111111101001000000000000001110111110011111011010010001010101111110111010101110010111010100001001101111011011001001001011
10101011000110101110101110001011101110001100000001101001100010101111111101111100001100011111111111111000011100110111011000110111111111111110011000100010110011110101011111100011001011100011011001
10101110010010100111100011111011001111011110110101000011101011111010110001100001111101001110000111011110110101100001011110000000101010101010111011111011111000011111110110110110011010101000000011
11111100111000110100001011000001111000010011100111111110001010000000000100111101100001011010111101001100000000101111001110111111101000101011101011011111101101111110110100010100110010101111101001
11011001100010100110101011111011111101110111110110110100101011011010101110000001101101000000000100011101111110000001011000101011000011101001101010000000001100000100000001111101100110101111111111
10010011001110101111101110010011001111110010000100000001111111111111101011011011001101010110110001110101111111110111000010000000011110101011100000111111111101010001111111101000110010000000000001
11000111100011111101111111011011100110011011110101010101000110101110001000010001101111010011100111000000000000010011011010101111110000000001001011101111100111011011111001001110110110111111011101
11101101110111110100000000000001110011000000000111111111110000001010111101111011000110011000110000011010111111111000001010100000000111110100011000000000110111111111001101011000000010101111001101
10001001011110100111111101111011011000011010101111101001111111101011111001101011110111011010011011001010000000001101011110101111101111111111111101110110000000001101011000001110111000000001011001
11101100001010110101110001000000000011001111111101000011010000000011101111000010100100011011110011111111011101111111110100100000100000001111101100111111010101111001001101111000001110101111001101
10111110100000000000000101010101011010011100111001111000000111111010101100011000101111010011011000010101001111110010100101101101111110100100000101101001111111101101011000101101111111100011111001
10000000101010101011010101111101111110110001101101010011111101100000101111111010101011011000011011000001100010000110001111000100000111110101111101101011101010100100001101100000010000101110001111
11111101101110111010011101000001000000011101000000000111111000001110000000000010101000011011110001011100111000111100101011101101111101011101101111000000000010101101111000001011000101100000111001
10000000111000110010110001111101110101111101111111110110000011011111011110101011101010110000010101011001111110000001101001111100000000001100000111011111111110000000000010101001101111101111110011
11011101111110110110011101000001000111110000010000000111111001110000000011111001101110111011011111011100000110101011111011010111011101100101111100000000000000111111111010101111000000100000000111
11111101000000110011000101011101010011011101000101010101010011100101010110000011001100001010000011000110111111111000010000000111000111110001101001101111111111110000001010100001101111101101111101
10000001010111111110011111111111111110000111110111010100000111001101010011111011111001011111010111011110000000001011000101010001010000010100000011100000000000000111011010110111000000100100000101
11101011011110001011111010110110000000101100000111111111101101111111010110001010111011001101010110000011011011111001101111010101110110110101111110101010110111010011111110110011011011111111010001
10001111110010100000000010100011111011101001010100101101101000000000011100100000001011101100010110111010001000001111111011010100010011110100000000101010010001011001110110110111001000001011111011
11101101111000110101111010110110000010000011111110101000001011010111011101101111011001101110111100001011011011111111001001111101111001011101101111111110111011001100010010111101111101100010101111
11111101011111111111101000000111111011101110101000001101101011010100010001000011001011111000000110111010011000001000011011101111101100000111000001110111111111011101000111101101100111111110000101
10011000001011011000000011010000111110111100000010100000101010011111011111101011011011000011011100001011001010100011000000000000000111101111010100100000110101110111111101100000110000000110111101
11001111100011001111111011111010001100010110101111101101111110111100011000001011111011011011000110111111101111101011011111110101111111111101010110001110110001110010101101101101100111111110110101
11100000111011101010011110000011101111000111111110001101100000100001111101101000110011011001101100000011000011101011000000111111100000011001111110111111100111011010000001100100110000011000000001
10111101101010101011010110110110000001110101011000100111110101101111101101001011111001110011000111011111111000101011101010001010001011001100101100000011110100010000101011001111100111111110110111
10111000100010101010000000111100111011000000000010101100000101111000000001101000001011110111110110000010111111101001101011100010111111100001100101011110010001000111111110011010110010101010111111
10101110111010000000101010011111111010011011101010100111010101000010111011001010111011000011000010101000000000111011101000101000000100110100101111111011000101110001010100111000111000101010101001
10100000000000111010101010110000000000111111101110110110010101110111100010011010001001101001101010111101011010001110001101101101010001100110000010100011011100011111000001101011101011100000000011
10001110111110110011101011111101011011101000001100111100110111100110001010110011011101001011111010001101110010111110100101111001111011110011101110001111011111000110010100100000000001101111111001
11011000100000011011111111011111111110000010111110101110011110110100101010011001000101111000001110111000110110110010101100001101110010011000100010111000000001010000111111101111101101000111011111
10001110110101001110110100000010100000111010001100100000110000000110101011011011101100001110111000111101100110000111101101111000011000110010101000000011011111010110000010101011111100010000000001
10101100100101101100000111101000001110111010101101111101111111110100101010011011000101111100111110000111001111010101000111111011001101110110101101110111011101110010111000000000000101011011011111
10101110110100111111010000001111111110100010111111000001111100000101101110110001101100010110001011010001100011010001010010001001100100011100101100010001000000111110001101111011111111111110000001
10111000100111100111011010101110010000110110011111110100110111101101101100011011000110110000100001011100101010011011111000111100110101001111111001111011011010000010111000001000100010100010101011
10110010110000110000011011111011000110100111001100000111100000001000111101011110010011111010101011000110101111011000110010001111111111111011001100011111110011011110111101011010001000001111111001
10110110100110100101111111000000010010111100011001011100001101011010100001001100111010000011101001010011111101001101111011011010101010100000011001000000111111000110000101001111101101011011011011
10110010110011101101000001111101011111100001001111111110101111001011101011011110001011011001101011011000110000011001100011000010100000101111001011010101100110011100101101100000100101110001001111
10100110011001101001111100010001011101110101111110100111101000011001101001111100101010010011001001001010110101011100111011011000001110000001011011111100001111000110111000101101110100000101011111
10110010111100111101111001000111010000000101111010110101001011001100101100011001101111011001111111011010110101001101100001011110100111011011111000001101011000011100001101101100011101101100000011
11110111110111110111000011010100011101110101000000000000011001101101111110110011111000001100000001111110111101100101110111110000111101111001101011011101011111011101011001101101000100100110101001
11000101010111000000010111110110111100011111010111111011010011001111010011110110011101011101101100000010011001101100110111111110000000101100001111000101001010000101001101100111011101101100111011
10010100010101111011111111111100100101110000011100000011111011101010011000000000110101011000101101111111001111001001100001010000110110000111011101111111100011011111111000110001000101100110001001
10111111000101011111101011010001110001000101011111111010000001100000111110101011100001001101111000001111101000011011110100011011110010110011001000000011001111111010110010011011101101101111011011
10101011110000000100000010000101000101111111010011000011111011001101100000101000101101011001011110100010101101001000111101110000010110111011100010111111100001110000011010111000111111000110001001
10100000000101010001011000101101010100110000011000011001100010011000110101101101100101001100000110101000101001011010100000010101010010100000110110000000110100000101001010001010000001010011011011
11111211111111111111111111111111111111111111111111111111111111111111111111111111111111111111111111111111111111111111111111111111111111111111111111111111111111111111111111111111111111111111111111
