111111111111111111111111111111111111111111111111111111111111111111111111111111111111111111111111111111111111111111111111111111111111111111111111111111111111111111111111111111111111111111111111111
101010100111101101011101000110000101000001100101101001100101101101010101000101000100000000100100000011010100010011011000000010100000000011000000000000010100000001010000101101010100000001100000101
101000110011000001001000010011110001011111110100001101101101001100000101110101011101111111101101111110000101110110000010111110101111111111101111011011110101111111011011100101010110111111001111101
101011111011110101101111111010111100001011000101111001100100011001110001100000000000011010100000100010111100000000111111101110000000001011000001001110000000111010010000101101010110000001100011001
100001100000111101101110011010101001111011110101010011001101111101010111111010101101111000101111101110101101111011100001101011011011111000011111100110111110000011010111100101000110111111001110011
101111111011101101100010110000001100011001100000011011101100101100010111101011111111101011101110101000001100011110110111100000001110011011111100111100000011111110000000001100011110101011011011001
100110110001000100101000011111101101110011111011111001000110000101111101000001010110101000000000000011111001110110100011001111111100110000100001110001110111110011011110111001110100000000000001011
110000011101110101111110110100000001011010101010101100011110111101101001101111010000000011101011111111001100000010001110011111100001100110001101010111111100010110000011111101100001111110101111011
111010111101010100011000010111011100011010101000100110110010001100001100000111010111010111111000111001011001111110111011000000001111110111111111000000000110110110111111001100110100000111111010001
100011110000000101110011000111111001110000001011101110111010111001111111110101010101111110001111101011001100101010101010011011111111010001111011011110111100010110101110011101100101111101011000101
111001011011010001011111110001110011111110100011101000001010101011001100110101000000101010111100000001100101100010101010111011010000000100001010000010001101110110000010110000001111110000011011111
111011011110011100001101000111011011001011111000101110111010101001100110110101011110000000000101101111101101001110000000001110000110101101111000101011100101100000111110011011100000000101000000001
100001010011111001101101110110010001100001101011101010011000000011001100110000000011010101111111000110000000011100111101100100111111111111001011111111111101001111111110110001111101101111101010111
111101010110000011100000010111011100111101101000101010111011111111011110110111111111111101110110010000101110110110101111110001101011111001101000110110011100011100000000000100111000100000111010001
101100000011111110001111000001001001110000101011100010101011011010001100000000011111101111000000111101100111100000000000111111100010101011000010000010110001111001010110110111101101111011111111111
101001111110100000111101111101101100011110000000110110000011011011100001101011000011000000011011101100110000110111111111101110101110101011010110111000010111000011011110110000001100001000001101011
101100001100111111110100000100000110110000111111100111010110000000001100111111101110011111111000000101100111110000000100000000000110000000011111111111000000010110011011111010100101111101111000001
101101011001101101010111110111110110111110010000110011011111011110111111110101111011011101101101010111101101100110111101110110110000101101001011000111101111111111000011011111110101111111111011111
100001001101100000000101100000010110011100110111110110001010000010110111000001011001000100000111010000111100001110000000111111111111111101100011011101111110011101101010000100011111001010000000111
101011101001111111110101111111010100110110000011010011100000101111100000010100000011011101111111111111110101100010101010001001000111111000101001010101010010110100111111101101111111101010110110101
111000111100110100000000001010010110100111011110000110101101111101101010111101011000011000000000011001010001111111111110111011011100101111111100000000000110110001111001101100010101000000011111101
100010011001100111101011100011010100110011001011011100101111111001001111111101001111001011101111111011010100001101001111110010000001101011010111110101111100000111101100001001110101101110111011101
101111001101001100111111001001010110100111100010000110000000101101011101010111100011100001111010110000000111100000011011011010111111000000000000111101111001110000100111101011010001000011100000003
101100011001100110110100011100000000110001101110111111101111100101000101000010111000101100011010000111110011110101111000000000011010010111101110000111001101011111101101101010000111011111001111101
100111001101110110100111110111111110100111000110110110000000101101011100011110111110111001000010110000111000011100001101111111010000111110111111111111101000001101000101000000101101011101011111111
101111101001010010110011100010111110110101011110100111101111100101000001000110101111111101101000011011101111011111111000111011110101100000010000000101000010111000011101011101100101000101000000001
101000001101011010111010001000000000000000001100001101000101101101011111010010000001101100101010110000000001000011101101100000110101101111110111111101110111111101110101011111101100011101011111111
101111100001011010101010111110101101111110111001111001011100100000000001111000110100000110111011111110101111110110101100001111110111000101110001011100100011000100110000010110111001111000001010001
101110001100000000000000011000111111110100111100101101000001101111111100001011100101010010011001010111111000111110101001111011000011011100011011000110101110011101100111000000011101101101111000111
101000111111010101101010110010110110000110101101101000010100000001111111101111110111010111111100000101111110101010101100000000010111011101110000011100000010111000101111101101000000000000000010001
111110110000011100111011100111100011110100101000101011111111101100000001100110110001110000010101111100101110101010000001111110111110000000100111000110111110110010000000111111011011010101101010111
110100100101011001100011110011111000000110101011100011101011111110101100111100111100110101010111000001101010000010111111010110101010111101101101110110000000000111010110011111111110010100101010001
100001110111111111111110110110011111110000101010001000000000011011100110010110000101110101110001101111001010111110000000000011101010110111000000011110111101101110011111001101101111111111111111111
101100011111001000011000111111000000000110100000111011011111001001111111000000101111011111110111001101100000110110111110101001100010000011011111111000000101111011111011100000000000001000110101011
101001111101101110111110011100010110101110001011111111110111100011000001101110100001001011010001100100001111100010000011101100001000111111010100001101111101010000000000110101111110100010000000001
101101100001101010101000110111111111111000111010101100000101101000010100111111101011011010000111110101111111001110111111111111111010010100000001111100000100000111111111111100010111101011010111111
111111111100000010101110100110001001011110110000000001111100101111110111111001111111001010110000000001000000011100100110110010111011000001111111101001101111111111010101011111000000101001011110101
100000101111111000100000110111101100000111100110101100000001111111011110101011010101011011100101101100011111110001101110011000001001010100001101000011111011101000000100000001010111101011011010101
111110000000011010001110000010100111010000001110100101110100000000001100101000000101010011101111111111011010111101100000111011111011110101011000011000011000100011110001101011010011111111111010101
111011111111000011011000111010101100011011100010101101110110111110100110000011111101010110000111111111110010010100001110000001011110010111000010111111001101101111111011101111010110110110101000101
100000000000011011010011111010101001110010001111111000010110000010101110111111101101000011011101101100110110110001100011010100001100110110011111110111100000000110011000111101111110000010101011101
111111111111011010011010000000101111100111101011011101110110101010100000000000001001011111000000101101100000000111101111110101100101111100111101010101111111010000110011100001101011011110101000001
100110000000011010111111111010001110111110100000000101110010101010110101101111111011010101011111101000001010111110111010111101110000000110000000000000000001010111111110110111001001000110000010111
110100101101001111110110101111101010111010001010101100011111101010010100100000101010000000011111000011111010000000000000011111010101111111011010101110101011110011001110100001101011011110111110001
100001100111011100000000000101101010100000101111100101000101101110110111111110000000101011000000011000011110110111110101000111011111110001001111111111111110011110011010101111101001001100000010101
101101001100010111111101010000000010111010100000110111111101111000010000000011010101111001111110111101001110010010110101110000000110000111101111100000000100111111000000100011001100011001111111111
101111101111010000000001111101111010101110111111111111001000001010110110111001010111111111000010000111100011011000011111111101111110110001111010111011111101100001101111101111101101111100110101011
101010100011111101111101110001000000000000000000001001100011101010110111111111010110101101101111111111001110011010110011011111110000010111010010010000011000110111100011100011001000001101100000001
101000001110101111000001000111011010110110110101100011001000111110110000000001111100000101101000001101101111111010011000000110000101111101011010110111110011100000101110101111101011111101101111111
101101011000001011111101101111111011100100111100101000011010000111110101101100101101110000000010100000100010101011110011110000111111101100010000100000110110101111101100001010100000000100000001011
101001001111100001000000111100000000110110001101101011011111111101011111001110000001111011010111111111111000001111010110011010000110101001000111101101100000000000000001111010101101011101010111001
111111011000001100011011100111110101111111011101111011110101101101000001100010101100011001110000011000011011011101000000110011011100000011010011001100001110111111111111101000000101000001110101011
110100001111011001110001110101010101100000000100011110110000000101011111001010101001001101110111110011001111110000011111111010000001010111011000011111011110000011110100000010101101010100110000001
100110111100011101100101000000011101111101101101000110000101011101011101111111111011011100011110000111101110100101000000011111011101110001011011011010001010101000000001110110111101010101111110101
110000110110110000110101111101000000011001100101010000111101000000000000000001100011000110111010110000111010101101011111110101001100011011001001001011011011111101011011000110010111011100000110111
100111110111111111100111000001110101011011110101011101111111101101111111111101111001101100000000010110010000000101000001010001011110111111101011100011111000111111011001101111000001111111111110001
101100000001000000001111111101000101110010000111000100000001111100001000111111011011000101010111010011000101011111110100000101000110000011001000101110101011101011110011111101010100110110101011101
111111110100011011111101100001101100011010110001010110101111010101011011100010011001010111010111111011010101000000011101110111101110101111111110100000000001101010011001011001111111110100000000111
111010000110110010010000001101000110110010110101111100100011010111000000001000110011110110010001101111010111010111111100010001100010101010000010101101101100100000111100001101101010100001011011111
200000111111111111000110101001010010011010110100000111101011010011010101101110011000110110110100000001011110010101000110110111001111100000111111100111111001101111101111100000000000001011111111001
101011111101001101101111111101011010111010011101011100001000000110010100100111110010110110110110111111001011110000011111111111100001101110000011001110001100101101101011111101111111011110110100011
111011100101011001001101000001010011100011001101000110111011010011010110110000011011111100110110001101111000010101111011101001101011000010101001101000100110000000100000001100000001110100000001111
111110110000001101111000011011111001101011011111011100011011011111110010010111111111101101100110100000101011111111110000100011001011011011111111000011110011011010001010101001101100000110111011111
101110011111011000100011001010101100111011011011000110110010000000010110111111010010100111001100110111100000000000010111101111011110001111010101101011011001001010111111111100111111111100001001011
100011001100000010001011011010000001100011000001101100011010101011111110000000000110101111111110100000001101111101000000001101111111111110000001101000011011011010110101000111110111011001011100001
111001011110101011101011011111101011001001101100100110111110101001011011111101010000000000000011101010111000000111010101100000101010001000110100111010111001011010000001011111010000000011000110101
101100000000101010001010001100001110011100111001101100000110111100000000000111011011011110101001111010111110110011010101111111101000111011111111111111101011011010101111010101000111110111011111111
101001010110101011011111011110100111110111100011111110101100010101101101101111011001000011101100110011101100011111110100011100000010000000100000000000001001011010100000000000010000010001001011011
100011010110111010011000011000110000110000001000000110101110110111000111000001001101011111000110111000000111111101111111000110111111010101101111101011111111110011101010101101110101010111111010001
101110010011100011011011001110100101111110101011111111101000010001111111101111011111000001110110100011011100000000000001110000010101111111101000111000000000011001101111100100110101111110101000101
111110110111111010011010011110111100110000101000000000101011000111000001111101111011110111100010110110010001010110101111100101010100101000000010001011011111110011000000101110011100101010000010101
100000010100000011011011010000111001111010101101111010111110010000011111010000100000010000111011110011010111110011111110110101000101100011111110101001110000010111111010100011111110000000110111111
110110111101010110001111111110101111111010101100011111110111010101111000000110001110111010001110000110000010111111011000111111010000001000010111111011110111111110111110101001100110111010111100001
111110000111110110111100000000101110110010101101000101010101110100000011111111100010001111011111101100101000001100001011101100010101011111000001011111000010101010000011111100001100001111101101111
110000101100110100110001111110100000000110101001010000000000110110101000000000110111111111110010111110111110111101111001000101110111110110011111010101011000001010111110001101011111011101000001111
100110111110000110100111100000110101010110101101011101011011100110101101101101100000101010100110111011100010110101011011011111110110110011000001000001001111111010100011011111000011000000010100001
110110011000111100111110110110100111010100101101011001011000110110100100100100110110000000001100001011110111110100010000001010010000000111011100010100011110110000001110000001011111011111011110111
100110111101111110110000000010110011010110101101011011111010111100101111101110110111011011111101011010110101010101000101011011011111010001111001111111110010000111111111011111111100000011000111111
110010110111000011111101110110100110010100101101011000001010000111100000111000110001001010111001011000000000000001111111111010000001011011101111011000000110111110000000000000000110101001011101101
110111100011110111010101000011110011011110101101111011101010101111001010001110011011101000000011000010101011010100101010110010111111111110000111001011111100000000110111011110101100101011110000001
100000110110000010000001110111000111111011100101100000101010111000011111111011110010111101101001010111101010011110000000000110000000110110111101011000101101111101100001000011111111111111110110101
110111100000101000110101100100010011000000001101110101101010001111010000000000011000010111111011010000111011000110110110101100111111100000011000001011100000000100111111011111010101100101010111111
100110001010101010100100110101010110011101100100110100101111111000000101101011111011000000001110010101111111011110110010100001110110101111110011111011001101111110000001000000000000110101000000001
110100101010111011110101100101010110110001101110110101100000011010101100101000101001101101011110110100000110000011111011110100000000001011011000000000011100000011111111111111111111110101011111111
100110101110001110000111111111110111110101100011100101101011011011100101101010001101100111000010110110101110111111010000110101111110100011000011011011110111101111011010011101101110000100000000001
110100111100101100101111111010000100000101001000110101111001001111001101101011100101101110011010110110101100000000011101100100000011101000010110011000110011111010000010110100001011101101111111011
100101111001111111101001100011101110101101101011110100001011011110011000111000110101100010110010010110100110101011111000110110101111111011110011001010010110111000111000000001111010100000000011111
110111101011111000000011111000001100111000111011000111111001011000110010011010011111101111111010110010101100101011101011100110100000001000010111101011000000000011101111011111101010101111011000101
111100000001101111010111011011101110001101100011010000001111011101111011001111000000100001001010010110111101101000001000110010101101101101111111111111010101111000000001000010101010100001111111101
100001101111000111110110000010000110101100110110011011101110010000001010011101111010110100011011010010110000101011011011100110111101100100011011010110011111111010111111110110000000001111110101101
110101001111110000000010111011010110111001100111010000100011111110111111000000011111111101001111111111111101101011011000101100011001001101000000000011000001001111111010110110111101101000000000001
100101101000000110101011100011010110001101110011011011110111101100000110011011000000011111100000000000110000101001110010100111011101111001101101010110011111011101101000111110111111100011111111111
110111001101010011111011110111110011100111000111110000110000000111011111001001011111110000101010101011100101101100011010101100001100001100100101111111111000001001001011101010000000101000011101011
100100011111010111100000110011000111111110010110000101100101110110000110011011000101010111101010101000111100101001011010100101100111111101101111101010100011111011011010101010110101101011110000001
110111111000010110111011100111110000111011110011010100110101111110101111011011010001010100111111111010001101111111001010101100110000000111100011000000001110101011000000000000010111111110000110101
111100000011011110110000110110000110000001100111011101100100011000101100001010010100000001111001011110100111100111101010101101100101110010111000010101100000100000011011011010111110010011011100111
111111110110011000000110110111110110101011110110001101101101010010101101101010110110101101101100000010111110110001111110100100101111000110001111011101101010001101001001001011100000110111000110001
110100000110111101010110010001100110101010100110101101101001110110101101101010010011100100000001110110000000000100000010110110100110010000111111111101101110111111111101011000001111110101011110101
100111101110100001010011010101110111101110001110111100101100010011101101101010110110001101101100010111010101110101111111100110110011011010000000100100111000010110110111011111111100000000000011111
110000000010111011010111010111000101111100101100000101101001011111001101101010111111011000100111110011011100010100000001101100111011001110101010001111111101000000000011000000111001111111111111011
100110110111111001110001110001110000000110101001011101111111000001100101101010001100001011110000010110001101111111011011000110100010011000101011011010001101010101111001111111101101100101111100001
110100110110000011000111111011000110110010111101000111011000010111101101001010100111111111100111111111011100000001111111111111111111001101111110000000100101011100011100110111000000001100000001101
111110110010101111110000001111101100010110011001010011000010111110000101011110110000000110110100000110011001111111101101010110000000011101010111101010110111010001110111110000011111111110111111111
110000110111101000000111111101001101010010111101011111101011101010101101000011100101010010010001011111001100000000000000000010101101010000000001101110110001110100000000000111000111001010111101011
100110110101111111110000110000011101011011100001000111101000000010101101110111001101011000110111111101111101101111101010101111101001011010101111001111100111110110101011010111111101011010000000001
110100010100010000000111111110110001011000111101010011001101010111101100011100011001001101110000010001100000100000111010100001101101010010100001100000110000011110111011010000110000000000111111111
111110111111000101010000000110110101001101100001011001101101011111101001111101111111011001011011110111111011111110111111101011001001010110110111111010011101011000001001010101100101011010000000011
100000011000010101011011110111111111011100101011011011001101000110111111000000000110001100011111010101010000000110000000111110011101110010100000011011111111110010101111010100001111011010111011001
111101001111010101011000010000000110000101101110011001011001110000011011110101110111100101000000000000010110110110111111110111110000110110101010111001100000011010100001010111011011110010001111111
111101111111110111111010111010101100101101000111011011001111100101000001100100010011001101011110111011010111111110000001010000111110010110101010110011101011010010111011010001000000011010100110111
100000101000000001100011101110100110111101101100010001100000101101110111110111010111101101000010011111010101000011011100000111100000110110101010011000101111111110001001010111111011111011101110101
101011100011101011101000000110110110110111111111110101101011101000010000010001110100001101010111000110010000011001000101101110111010010100101011111101100110101110111011110000011000001000100000001
111010001010001000111010101100010110000001100000000111111000101010110101010111000101011001010001010011010111110011011111100000001110111110111011101000001110101011111001100101001110111101101101101
100010101111011010110011100101011111010111110101010000110011111010110111010001101101110011010101111011010001011010000010101011011000101000110000001101011010000001001101001101111110010111001101101
111011101101001110110111001101010000010011000111011010011001001110010001010111001101111110010100110001110100001111101000111011001110001101111010101001011010111111011111111000000011000001100101001
100011001000011100110110011101011010111111111100001110110011011111010111111100011000000110110101111100010110100000101011111111011000100101100010111111000000000111000001100010110110011011001101011
101011011101000110100111000111001110000001111110100110011000000011110001111101011110101111100100001101010010101110101000000001110010111100110110100000011101010000011111110111111111001001100101111
111011010001010010110011010001111111011111000000110111111011111110000100010111110000100000101101011001110111100111101010110111111111111101100011111110111111111011110000110101000011011111111101101
100011111111010111111001011100111000000001010110110011000000000011110101000001111101110101111001011100110011110001111010011101010101000100111001100000000010101000000110100000011111110101001100001
101010110000010001101011111110001111011101010100100111101110101000111111011101000000010101100011001110110110111100001011000000010000011111110011110110111000001011011111110101000000000001011111111
111110111010110101000000000010111100001101110111110011000110101010001100011111011011010111111001011010110000001111111110010111000101000000011011011110001101011001000011111111011101010100001000001
100000000010110111111011101011100001011000110011010110011110111111011001000011010011010110000011010000011101100000001110110001011111110101111111000000100101011011101000101001000111011101111011111
111110101110110010100000111011110111001010010110010111011000000001111111101111111001010011011011010101000100111011011011111101000000011111110000010110111101010010111111101011111111000100000000001
100000100110100110110111111110110100011011011111000011001110101100101001100010101101110111001011111101010101111110000000000101011010111011010101010100000101011010110111000001101101110101101101111
101010110100110110000000101110110110111010001011111001011000101001100011001000001101100001011110101001010100000011101111101101011010000010010101010110101101111000000000010100000101111111111111001
111110110101110110101010101010110110101111011010000011001101101101001010011011101101101101111000000011110101011001100000101101110010101110111111011100100100110010101010111110101100000111111110011
100100100101100110101010000000111110001101011011101001101100101000011010110011001100101100001101011011111101111100110110101100011010100100011011011110101111111010101110011100100001011101101100111
110001101100110011111011011010011011111000011000001011101001101010111111111001100101111001101001110001011100000101100011100110111011110001110011010000100011010010100111000111111011110101101110001
100101101111100110000011011011000000001101011110101110001101101011111101100011001100111101111101000100000110111111001111110010001011000100000111110110101110000110110001010011011110100000000000101
110100111000001111011011001111011110111111110110101000101101111001011000111011111110001101011001010101110010000011111110111111101111101101011110010010101100101100110111011000000000001110111110101
110110011111011101001001101101000010100000000010101010111000001100000011110000000011011000001111010100010110111110000000000101100110000111000000111010100101100110100001010011011111100110000011101
100110110000000001101011001000011111101101011000111010001101111110111000010110101110001101101000010101111110000000111110110000111111010011010101101110101111110010110111011011111011111100111011111
110111111010101100101001101101000001101101011101100010101000110110111010110110100111011000111101010100110000110110000110111010000110011011010100000011100011010110010001010000000000000111111110001
111101100011100101101101100111010101101101010001110110101010000010001110110011110100011010111001011101110101110110101111101111010011011001011101101111110110000011010101011010101011111101100000101
100000001011001100111111001100010101100101011011000010101010110111011111111000111111011010001101001100011101010011101101000001011110011011011001100000010100110110011101011010111000110001001101111
110110111111101101100001101101010100110101010010010110101010100011000000011101101011001110111101011001001100011111100101011011000011011011111101101010111110110011001101010011111110000111011111111
100110100000001100110111001101010101100101111110111100101111110110011011001100000001101100110001010011101001000010110000001001011001010000110001101110111100100111100111011000000011010000000110101
110111110111100110000001011001011100110100101110011111100110000011001011011111011111111110010111010111111011111110011011011011001101011011100100101100010110110101110111110011011001010110111100001
100011000111110110110101001111000101100101100011000011001111010111111011000011000000011000110110010011000010000000110011111111011111110000110110100111000011100000110001111001011011110010011001011
101111111100000110011111100011110111110101111000010111111011010000001111111001011011111110110010111001111000111010111000110101110110111010110010110110011111110101100100011011001111000111000011001
111101010001110111000011001110000010010111000011010000110011010101011101111101011000000110010110110011100010001011100010000000000000001110011010100011000000110101101101010001100001010001010111111
100000000101100001011001100111011000111111101001110110000110011101010000000101010011011110110011111000101010111000111010111111011101011100111011101010010111100111001101010111001011011011111110101
101111101101001011001011110001010010110001101101000010101111110001000110101101011001000011111000001101101010001011100010000001111111110110101111101011010011001111101111110001011001010000011010001
111000001101011111101000110111011010010100000101101010100011000101011100100101110011011110000011111000111010101011111010110100100000000110000000101001111001100001100001100101011011110101000000101
111101101101000000101010100001111011010101101101101010101001110101001110101100111011000011011000001111110010101000001110110110001101010011010110101100110011001100111011101101001000110101101110111
100001001101101011111110110100110001110111101001111010111011000101100110100110001001101011001101011001100110101110100110010111011111110110011110111001111001101101111000101101011110110101100011111
110101101000101001000011110101100100110000101100011110110001010101110010110010111011001001111001000011110010100011111100111101011010110011001100001011110011001101100011100101000110011111001000001
100100101101101011011010000100110111111011100111001100011011010100011111111111110001101100001101101010010111101000000101101100000010011111111110111110100110011000111000110111101111000111101011101
110110111001101000001011010110110000001000101100011001110011010101000000011101011100111110111001101000111101111011011100001101011000111010000011111100001111001101111010011100000101011101101111101
100110001101001101011011010011110111111010100111001100011110010101101011000000001111111000001100111010000000011001111111011001001101100000111111101001100001100111000011000111101100000001100000111
110011101001101101001110011011000000001011101100011101001111110100101010011010111010101110111101100010110111111100100001001101011100001110000000001011110101110001110111010100001101010100110110011
111000111100101101011111111110010110111011001001000101100000110110101010111110001000001110011000110110110000100110001011011111000101011111111010111111000100011011110101111110101001010101100111001
100011100001100111000000001110110010011011101101101101101101110010101010101000100010100010111011110011100110101110111111111000010101000000001010000001010101110010000000001100111101011100110001101
101011101011001111101101111000100110110010101001101100111001000110111010001101110111101010101111010111001100000010110110001010111101101111111110110111011100011111010110111101100001000101100111001
101000101011100101000100001011110010011010001101100110011011010110001010111001100001101010001100000001111111101010000010111010011100101111000111111111011001111101011100000100111101101111110001111
101010111000111100010101111111100110111111011001001111011010010110111010001100110111001010100101010100000001101011101000001110110001100000010000000001001100110000000101010101100000100110000111001
101010110011100001010100001100001100000011001111011101011010110010001011011110110011111110111111110110111101101110001111100010110100111101110110110101011101110101101101011101111101111111110111011
111010011000111011010101111001011111010111011000000001111010010110101010011110011000000110000001100010001101100011101111001010010110001100011110011101000111000111111101111000110001010000000001001
100011011010100011111100110011000101110001111101010100110010110010111111001100110010110110110101101010111000101110000001011110111100101101000010111111011111110000000111000011100100010111101100011
111011011011111000000101110111010000110111100111011110011011111110011000011110011010110110111101101010001101100111010111000010000101100101011010000001000000111010110110011011001101110110001001001
100001010011000011101100010001111011100000101100000110111000000010110010110000110010110100001100111010111111110011010110010110101100110111011010101011010101100010010011010001101000110100101011011
111011011011101001101101111011000000110110000111010110110010110111111010100101100110110101011110011010000000111111110111010110111101100001011011111110010100111010110110010111111101100110101010001
100011011010001101100101110001011011100011011100010110100110011100101110101100110011110101010111001010111110101000010001011110110111110101010000000011110101100011111100110000011001101111101011011
111011011110101001110100011011011001101011000110110111101111000101101000101101110111011111000001101110000010000011010101011000000010111111010110101000110100111001101110110110111100100110001110001
100011110000111100110101011011001100101001101100110011000011010000001010100101100110000111011111001100110111110111011111001101011000000011110100101010011101100011100010110110110001101110100011011
101000111010000110110111001001101110101101111001110111101011011010101010101101110000111100000110011001100000111110011111111101001110111000110110101011011100101000001110100110010100100011101011001
101010001011010100110111011011100110101000011011011100001011011010111010100111000110000111101111001100110110011011000101100111011000001101110010101111010111101101100110110011011110110111001010011
101010101111011110100001001011001100101110110010011111011011001110001110101100010011111100000001100101110111000011110000001110001101011100010110111000000001100101001111111010011000110101111011001
101110101100000110101011011011011001101100111000110000001001100011011110100101011000011111101011001101100001101110110111011010111111000111011111100010111111111111100011011011011110110000110011111
100111111110110010101001001010011111111001100010011101011011001001000011110111011101000101111001100101101011000000010001110000000110010110000001111010000010110011001000001011001111110101111000001
110000110110110110101011011011000001100011001010111111001011011101011111010111010111010000011101101101101011010101010100011011101111010111010111011110101000000111101011101110011000000101001011011
100101100000011100101011111011010111110110011010110100011111000101000110000001110100010101000101101101101110010111111110110011101000011101010000001111101111110001101110111111110010111100011011111
101101110101000110101000001010010010110010111011100001000001010111101100111011000001010101111111000101100011010000101010011000101101001101110110100011000000110111100000011010111110100001110001101
101001010111011110111011111111011110000110110000110111011101110110000101100001101011010100111011010111101110010111100010110010101111100000110011111001110101100000111011000000011000111100111100001
101100011100011011100000010101001011101100110101100100010100011100101101001011101001010110000001110110000011010000001111111010100110001010011011001100110100111101110001101101111101110001100001011
101001010001000001111101000001100011000101100111111111000111111101101101101011001011111100101011000110101001010101011101101110101100101011111111011111111110100000011011100100110101000100101011001
101101010101010111000001011011110110010100110100101000011110000101000111101001101001100001101111101111101111010111000000101111111110111000010110010011000010111010110000111110110001110101111001011
101101011101010001010101111001100110110110011110000011000000101111101100001011101111110100100001100110000011110001101011101011010100011101110010110110011111100011111101110111110101100100001111111
100111001111010101010100001100110011100010110011111111101111101011000110111111000001100101110111001100101000010111001111100000000110110000011000000000110101110111001100000001011111110101100010101
101100011000010101010110101001100111110110011000000000000001100011010011110101011011110100011100011101101011010001100000001101010100011101000010101011110100110001100001011111001100000100101000001
100111001101010111010011101100110100010011011101111010101111001110010110000000011000011101000110110001101010010111001101011111011110111101101011111000000001111111101101001101011101010110101101101
101100011001010001011000101101100001011111110111000011101011101110110011101101110011110001011100011011001111010011011101000011001100000111111000001111110111011110111001100000010111011100100100101
100111001101011011001101101100101011000001100110010111100000100010011010001000011000011101110111111011100011011011000111011001101001010000011011100000110000000000001101001011000011110001101110111
101100011001011011011000100110101011010101001100110100001111101111110011011101011011011000000000110010101110001110010011001011001011010110110000110111111011010101011111101111101000011100100110001
100110110011001001011011111110111010011101101001100110100001100000111010011001011011001101011101111000111111011000110111011011011010010111111011111111011111110111110000100011001011000101110010101
110100011010011101110000011010111111011111000011110110101111101110101111011101011001101111011111100010000011001101100110001110010010110000110000011000000001111110111110110110011111101111100110101
100101011111011001100101000011100001110110011011000100100011000111101101110001011011101000000010111011011001101100110011011111010110010111100101001011111111001100011010110111000011001000101110101
110111000110001101110111101001101111100000110001101101101011010011100000111101010000111110101000001011011011101101110110000001111110110001101101100000100101101101111000110011011001101011111000101
100011101111011001000010111100001011001101111101111000101011110110101111100001010101100000101011011011011011000100011111010111100000110100101101101101101100000000000010100110001101000000001110101
110110000110011101111000000101100001101000001100111010101010000000000000101011010111001010111011111111110001010101001101110000110101100110101000101000000001010110110110110011011111101011011110101
100011011111001101100011101100110100111011100101100010111011010101111110101001010001101110011000001101000101010101100101111110010101001100101101101101101011110110111111111011000011001111111010101
110110010000011001101000111110010101100000110111101110001111111100000111101101010111101100111101100001101101011100110000000010111111100110111100111001101000110110000000011010011001100100000011101
100011010101011100111010001011110101101010010100000110111000000001110000111001110000111001100001101101101101000101111011011110000110001110011001111100111101100110111011111111001111110001011000111
110110010101001101100010100000010101101010110110110110001010101011000110001100110110001100101011001101100101010101100001000010101100100010110011000001100000110110001000000001101100000101011010001
111111111111111111111111111111111111111111111111111111111111111111111111111111111111111111111111111111111111111111111111111111111111111111111111111111111111111111111111111111111111111111111111111
