1111111111111111111111111111111111111111111111111111111111111111111111111111111111111111111111111111111111111111111111111111111111111111111111111111111111111111111111111111111111111111111111111111
1001011011011000100101100110101010001101100001010100011000011001000110101010000001101010101001011000001011000101100110101000110011011001100110101011000000110000110110100001101100001101100101000001
1100000001001110110100110110101000111000111101010101111111011011011100100011110111001010101011001101101001010000001100001101100111001100110000101010011101100111100010001011101001100000110101111011
1110101101011000100101100110101110011101100001010100011011011001000110111010000001100000100001101111001011111011101110111101110101011110011110000010110111101100111010111111000011001010010100110001
1011111100011110110000110010100000110100111100010101111000001101011110110011110111001111101111100110011001100001111000011000100000001010110011111000100010000110011000001101101111011111110101111011
1000000001000110110111111010111110100110010111000001101101011101001100011011010001100000000011001111011011001111011110111110110111111000010110110010001000101100110011101101000101111001010000110001
1111111111110010100001010010011100110110110011011111001111001001011110110010010111001011010110011010000001100010001100011010110110101111010110100111111111111110100111111000010000101101010111100111
1011010110011010110111011010110110100100010110000101100111101100010110111011000011101001111111011011111101101110111001111000110110000101010110001101000111111110110000111111011101101101010011110001
1010000011010000100110011010110000110111000011101101101100000001110100010001111010101111101011010011001101101100011100101011100110111100000000111101011100101100100111101010001111000001010110110111
1011110110011110110011001000011101100110011010000100100111110101100111000111101000000110101011000111011001000101001110100000110010010111011110000000000001100110101111101010100001111101010100000111
1001010100110000111011101101111000101100111111110101101100110111110101110011001011010010001011011101011101011101111010101111111000110011011111110101010100110100000000101010111111010101010001010001
1101010110011110011001101000001110100110110110000100000110100011000001100111101001110110111010011101010100001100110000101000011011110110010011011111111110110101111101101000011110000001010111111011
1000010111000000111100101011101110001100010111010001111110110111110100110101001100010000011000110000000111011101100110100011110011010011010110000011001111110000010101100011000011111101000000001111
1111000001111110110110101000111011100111010001010100011000110001100101100100011001111110110011111011101101010100110111101111011010000110000000111111100101100111110111001111111111000000011010100001
1101111101100000110100000011110001001111000101111101111110100111111100110110111011011011111011111111000101000001110001100101010010111110111111100001001100110000100011100000111001111110111111110111
1000111101111110010101110111011101011100011111101100011000001111001001100000010000000001011010111101110001011111011011001101011000011010000000001101011110000101101110101111101011011000001101011101
1110000000110011000111110101010000010111000011001101111111101001100011111110110111111111010010011001110100001101000001100101000011110000101101111101000110111111100110101000001011000011111001011001
1010111101111011110011000101011111010101011111100000010111001011111010110000100001000101011000111101011110111000011011001100011111010111111111110101011110000010110010000011111011111001101011001011
1011110000110001100111110101001100000001011011001111110001101001101010011110101111011101011011101101011110110011111001100001110100000011100110000111011010111110111000111110110000110011100010011001
1011011101111011001100000000011111110100001001100001100111000011000010110000000110001100011001001101010100011001101101001111000001101000110011101100001010101010000010000000011101110110001110111011
1001010100110010011111111110111010111111100011001111001110011111110110011111011110111001110011011000010101111100101111100110010100111010010110000111101000001010111111011111111001100011101000110001
1101010101111011010011111010110000101011110111100101101100111101000011011000000000110011011011001101010100101101100000110100111110111110110111110101000011111010000011110000110011111001100011111101
1000000101000010000110000000011110101000110110001101000101100101111011011110101111110110000011100101000001101101001111100001101111101110000011000001101001110000101001110111110110011011001010000001
1111110001011011011110110101001100001110000011100101011100101100110011000110101111000110111110001111110100101000011011001111100101101011011110011111001111011011101100010011010110110001011111101101
1011100111111010010011111111011111011011010110110000010110000110011011101100101001011110010110111010111110100010111011100010110100000011111111011001101101011011100101110110000110110100010110101111
1010110010100000110111001010011000010011110100011011000010111111010001101101111011011010110100011000011100001011110001101110110001011110110011000011000101000000111111100011010110011101110010101011
1010100110111010010001100011001111000110100111011111011110110110011011101000110000001010100001111111010110111111011100000000000111111110010110010111011100011110011010101111110100111000110110101001
1010110110011011010111111010011011011110110110001101000110100011000000100010011011111010101111001100000100001101010101111110111111110011010000110101010111000111001010101101100001101011100010101011
1000000000111110000010101010110000001100100011011001110010001111111110101111110000000000000001101111110111100101010100010111110001010110000111111101000010011101100000001100111101101011001110000001
1010110110010111110110000000111011011110110110001101110110111111010100001101100101111111010101000101100101101101010101110001010111010111110010011000011000110000101111111110111000101001101000111011
1111110010110011100011111101101111001100110110111000010110101010000111011101101111100001110111110100110101101100010101010111010110010000110110111101111111110111111101010110101110101011101011111111
1110000111100110110110101001100101100110000110101111000110101011010000000000000110101100010011010101100101000110110101000011000011010111100100001100100000100000110100000110101000001011000000000101
1011110011001100010000101101110000101111101100001101101110101011111111110111010000001111110110010100110101011100000000011000011110000010110101111101101110101101100001111100101111011001110111110001
1000000111100111011110101101011110101101001101111000101010100010110110100111111011011000111111010101100101010110101111111101111011110110100000111000101111101111001111001110100000001011010110011111
1111110101001100001100000000010100101101101000001110000010101110100110110000101111110011101100000000110101010110111001100111110001100110101111101011101011000011011101011010111110111000000011001011
1101100001011111011001011101010110100101001101111000101000001000110100100111100010011000000111110111100000000000011101101110010111110100000111100000100001101111000101011010111000101011111110011001
1000111101010110001111111111000010101101101101101111111111101011100110110100001110110010110110000010111101111111001100101011010101010110111100101010001100000101011101001010101110100000001011011011
1110011000000010100110000111111000101101101000001100110000101000110100110001100010010111111111010110000000011101111001101000000001010110011101111011011110110000000100011000101100001111111011000001
1010111110111111101111110101111110001101001101111001111110101011100110110111111110110001001101110010111101110000110011100011111111010100110100011011110110110111111101000011100111011111010000011011
1000101010011011000010100001000111100001101001011100110000001011001100000001011010010111011100111011100001100111100110101111100001010101100101110000000111111100100101101001101110000001010111111111
1010000000110001101110111101110101001101001100000110011111100011011111110111010010110101010110010001111100101100110100100100001111000000110000011011110101010001101101111111000100101011000000011001
1111011010011101100010110000110001101111100110111100110101110111001100110110000110110101010011011011001101100110110101101101111011101010110111110000011101011101100001001110010001111111110111011101
1111111011110100101110011110011101001010110100011001100000010001011110000011011100110000010111000011011001101100010101100101110010101111100001010111111101011001101111011011111101010101100001110101
1010000000110110100011000000110101101010110101111100111111011101011011110110000101111011110101111011001011000110110000110100000110100100110111010100100101001101100010000001100001010100001011000101
1011111011100010101111101110000100000010110100100110101101001101011011010100110000000011100101011001100011101110011011110001111100001101100110000101101101011000001110111111110100000001011111110001
1010000000111000100101111111110111101110000110001100101101101001011001010001100101011000110001010011101000101010110001100111111001111101110010110100000100010011100000011110011111011111110101011011
1011110111101110110100110011100101001111101111100110101100001101001011000100110111111111100111000110101011101000110111110011001100111001000110111101111101110111111111000011010000001111000101011011
1011010010101000010110110110110000011011000101001100001101101100011001101111100001110100001111101100001010101011100111011001011001101011011100001100000100110000011111111110011111011001101100011001
1001011000101111010100110010011101111001101100011111011101000111001011000000111111010111100101101001111110100010110101000011001101101011010110111101111101100101000000010111011010011011000001111011
1101011110101100010110111010110001001101100110110101010111110000011011011111101011010110101101101100010110101110110000011110011001000000000110000001010000001111101101110101000011011011011111110001
1001001110100111010110011010011101011000101100110100010110011111000001011011000011010100001000001101110010100010111011110011001101011101110000111100000110100001100111100101101000010000000000000111
1101011000001100000010110010110100001110100110000111010011001111011111001010011001010111100011111000010110110110101000011001101000001111111111111111010010101100101110110000111101000111111110101111
1000001111011111111010111010110001111110101100111101011001100000010001101010111111000110111001101101110010110110000011001101001101111010000001100111111111111110111010111101110111011101011111111101
1111011010010011000000000010111011011000100110010101010011111111000101100000100101110110101011001000110110000000111111111000011000000010111111001100101000111011110010011101100010001001000001011001
1001001011000111111111101000010011001110101100110001011001101101011111110111101101100010101011101011100011011101100010110010111101101110101111100101101011100001100110110101111011101011011111001101
1101101001110010100001111111000111011100101001111101011101101101000110100011001100111000101010100000001110010111101110100110101000111100001000110000101011001111110110010100010011000000000101011101
1000001101100110001100010000011100011001101100101100001101001100011100111001100001101110001010111011111011010011000000001110101101110110111011100101100001100101100110110111011001110111010000000101
1111101101101111111111011111010101111011101110000111100101101111001001101100101111001100100010111000000001000111011010111011100001010100001010101111001111001100110110110100001101000111111011011101
1010001000100110110001010000000000110001001011011100001101001011011011000110000011100111111010101011111100011110001111100001111100000001111010000010011111011001100010100110111100010001101001000001
1011101110110110111100011111101101111101101010000111101001101010001011101111011110110011000010001011010111111100100101101111010001111100100000101110110001001101111010001100000001011100001011101011
1010001100000110100111001110101000011000000011011100001011001010100001100110010100011011111010111000000001100111101101000001000111011110001111111010011011011100101010111111111101111001111110101001
1010100111110110001101011010111101111110101011000111101011100000101111110011000001110000110000111011111111110011000000011111011101000011100000110000110000010101101010010110111000001100010100111111
1011110111010011101001011010110101011011111011101101000010111101111011000110011111111110011011100000001101100111110111110001010100011111110111110101110111110001100010110110101101111111110101110001
1011000000010110101100011000110000001011010001000101101000101001011001110000111000010111000000110111101100110011010011011101010101000110011101010111100000110111111010010110000000001011000000000111
1001111111000000100111001101111111100010011100011101111110101100011011010111101101110101111011100110111101100111011000000000000001011110111001000010110111100001101011000011011101100000010111110001
1101010000011110101101101001001100001000110110110101010000101001010011010010101000110100100000110100010000110100000011110101011101111100001101011000000000110111001011011010001100111010110000011111
1000010101111100000000001101011111111110000100100001011010101011111011010110100011110110111011110101110111100001111010111111000100000110111000011111111111110110011000011110111101111110011111111011
1111000111100001111111101001011010011011110101101111011110101001100001010110101111010000110011100000000000001011110000001111010101010000001011000011000101100111001111010100000100001111111100000001
1111011110001011000001101011001011010011100100101010001100000011111101010100000110011101111010101111111111101111011111100101110101010110111111101111011101110011011101000001110101100000000001111011
1001111100101011010100000001100010011010110101100011011001111110110100000001011111011000101000000000110001111100000111111101111111011100001100100010000000111011010100010101111100110101010100001001
1101110111101011111111111011111011011000000001101111010011001100110110111111110001011110101110111110100100000101111100000100011011111110100110101110111011101010010110110100001101110101010111111111
1001010110001110101000101001010011011111111101100110011010011001100110101101111101001010101010001111101111111101100101101101111010110111110100100000011110001011000000011101011111100111110000000111
1101010011111110101110101101011011001110101101110111011011011100110110001101011001011010100000100001100011001100110001111100101010110001011110001111110011011000011101001101111010110010110111111101
1000010111011010101000000000011011011000000001010101001010000110110011011101001101001010101111101111001111100001100111010101100010100111011011011110010110011101000101011000000000011000111101101101
1111010010001010101111111110110001011010111101010101100000111100010110010100011001101010000000111001101010001111110001000000101010101100001011000000110100110001101111111111110111110011100000000101
1101011011100000000111001010011101001111110000010100111110011001000010110001111101001011110111111101000000111111000111011111101110100110111010011110110001111101111010100111111110011001101101110001
1000011011111101101101100000110100011101011101000001100000111111111000010111011001100001100001101001011111110001101101010101100100110110101011000010011011000000011000001100001011011100000100011011
1011011010101101001000111110010111010101000111111011111110110110100011110110011011111011110111001101011011011011000000000000001101100110001010011011111001101101000010111001100011001111111101111001
1110000000101111100010011111010110000101110111000000101000110100110110010000110000111011000001011001000001011011101110111111111100110100100000111001010011000111011110001011111111101011111111000011
1111111010000110001111010000000111110100110101111101101101100110100011000111100111101001101111011011011011000000000011100011000110110101111011110011011011011111000010101000010001101000000111011111
1000000011011111111000011111110001000101100000001100101000110100110111011110110011001101101010011010011111011111111111111000011100110100001000010110001010010101110111111011110111101011111101111101
1101111010001100111111010100111101110101111111100110101011100110110110000000110111011001100000111010110110000000001000110011110110000001111111111110101010110000010001010000100000000000110000110101
1111111111100001101010000110001100110100001101101100100010110110110011011111110110011100110111101000000010111111111011111010110011101111010111101011101000000111111101011011101111101111110111100001
1010000101111101100011110100100101100101111101001110110110110100011010010110010110110001110101100011111110101000101000101010110110100011010000101001101011110000011111011000000001100000000000001011
1000110000000000001000000111110100110101011001100110000010110111011010110011000010011011010001101111111000000011101011101010000000001000000101101101100001110101000010000011011111001101011101011111
1010100110101110101101110101010001100101001101110111011010110101010010010111101110111011010111000000001101111110100001101010111111111110101111101101101111011111011110111111111101111111001111111111
1110110011111111101111000000000100110101101101000101111000110101000110110110000100101001010101011110100000000110101011000000000001110010111010001001100000001011000110101010100101110111100001101011
1000100110011000001000011011010110000101100101010001101110110000011100110011011101101100000000000011101101011110001011101111110101000110011000111011001010100001110000000000001100000001101100000001
1110110011011111011111111111111111010001110001111011001000011111010110011011011001101001111111111111111111111010111110101101111111011111111110000000011111101100011010101110111101111111001101101011
1010100110001011110110001110101111111100111101100001101111010101010011011000000011101011111100101000110110110000010110000000000110000101110000111110110101100101111110111100000000000001111000111001
1011101111101010100010100000000110111101101100111101101111000000010110011011011110000000000110000010000000010111000011011011110011011101011110001100000000101100001100011001010111101100001111100011
1000111111000000111000110110110000010000001110001101100001110111010011010001010111011101010100111111111010110001101000011000011110000000001000100101010111111110111101001111110000100110100000110111
1011110110011011111101111100100111011011101011101100111101011101010110010111110101000111111110000100011111110111111110111101111011011111111011101111110010111010110111111110111111101111101111111111
1001100011111001100111011111111110001110000000000001110101011000000011000001110000011111001100111101110101010000010111111111101011000000000011111010111000001011100010101000001101111101100000101011
1101101110101101110110010101101100100000111111111101010100001110101001101111010111111101100110000000110000000111110011011010100000011111101000010000001101100011101010000011111001010100111111101001
1001101000001100010011010000101110110111110000000000010101111011111011100100000000000000101100111111111011111100011000010000001101000001111011110111011111111110101111101111110011000001111001101011
1101101111101111010110011110101011111101011111111111010100110001010011001101101101111010001001110110110000100101110011000101100101011011011000000101001000011010000101100100011010011101101011101001
1101001110100001000111011010101011101000000011110000010110111101011011100000111000001010101011100010110111101100010111111111101111011000001010111101111011110000101101101101111000111111001011000011
1001011000110100010011010000000000101110111000011111010100011100011001001010001101111111111010110110110110000101110000101110111011111101011010111000100001000111111001000000101011100001101011011111
1100001110000101111010011111111110000011101111000000000001010111011101011111111111010110011000000000000100111100010111100100000010101111011110000010001111011101011101011110000000001111101001011001
1111011100111111100010110101100000101001000000010111110101000001010100000011101011000011011011110111111101101110110000001101111110101011110111101111111100000000000100000011111111100010101011000011
1010010111101011001000000001101111111100011110111100000111111100000001111110101001011111000000010000000000000110100111011000000110001010100000100000110101111011010001101000000001101110101000011111
1011010101000001111111110100111101010111111000011111010100000111111101101010000011011010011010111111111110110000001111111101111100101010101101111111100100101110011011001011111111111110000010110001
1011010101111100110011011101111000000110000011110101011110110110000100100000101110000000111111101000000010110101100000101101011001111010101111110110110101101110111111111110110010111010101010000111
1000000000011110011011011000101110110011010110000001111111100111110101101111111100111111110101001011011111100100101110000000001100110010100010100010110000101011110101010100100110101000111111101111
1011011101000011000010001101101100100111111110101100110101001101000000000001011001100110010101011001000000110101101111111101011101111000001110001110000110000001100001010101101110100010000101100001
1111110001101000011000100101000101110110011100100110000000011001110111110111000011101100110000001011111111111101100001101111111000101011111011101010111111111100111101010101000010001010101100110101
1100111111101010111101110101101111000010110111111111111111011100100000110011101110100110010111111000111101111101101100000010101110101011101010100000000000011110010101010100010110111110100001100101
1001101100001111101111100000101011111010100100011100100100001110110111111110100000001100110000000010000000110111111001111110001100000000100010001101111111110111110101010101111110110111101100101101
1101101111101001001000001110001010110000110111000110110111011010000010101010001101011110000101110110101011110000111111111100111001111011101110111111110000000000110100000001101000000000100111111111
1000000110111101101101101000100000011011110001110100000000000000111010100000111111000110101111111111111110100101100110000101111011011111001000001011000110110110110001101100000010110111111111010111
1111101110110000001111111101110111011001100111010111111111011101100000001111101011101100111010001011010100001111101100110000101010000101101011100001101111111111100111101111010111111111011000010001
1000001100011110100110110111100110001011001100000000110001111100111101111001100000101001110000111010010101111010100001111010000000101101000000110100000000100101001110000001010100101000000011110111
1011101110110011110100010000110111101001101111010110100100110111111101101100101111111011000111111010110100000010101100011011010101100000011011110101111111101100011011110111010001101011111110110111
1010000100011011010111011110111101101011100101111100111110000110100100101001100010111011011111101010010001011110100101111010010100101101001000010100000000000001000000110001111011000000000110110101
1111110001001010000110011010101000000010110000101110011011110010110110101011101110101001000000101010110111110000001100001010111111111111101011111101011011101101101011111011101000011111111100000101
1101011011101011110111000000101110110110011110101010110010011000100010000000000000001101011111100000010000000101011111111110011011010001101000101111001000101100101000001000001101000000110111110001
1001011110000000000011111110100011110011011000101010111010111110111010111111011111111000011011001101000111111111110110110111111010000111001010000001111011101110101010101011011101111111100110010111
1100010111010110111010000010111011000110011110101010100000110100101010111111110110100011010000011001101111100000000000000101100000101111111011010100011000100011111111101001000100000001101111010001
1110110000011111100011101000000000010010110000000010111110110110100000000000110110001001000111111100100000001111011110111101101101111000011111011110111101101001010101101011110101010111000101010111
1000111111111100111010111101011111110110111111111010110010000000111011010110000000111011010000110001101101100111110010110101000100001101110101111111100111111100000001101111111111110101101101000001
1110101110110001100000010111111110000000011000001010111011011110011011111111111111111111010101111111001111111100110111110100011110100100110100000100110000010110101100100011000010111101101100011011
1100000010100100001111010110110000101111001111101010100000011000110001101011101000000001011111101011111010110101100101010101111111111101110101111101111011110111100111101110011110011100000001110001
1001011000001111111000010100000101111100011000000000001101111110011011000000000011111111111010101001111010100000110000000001110100110101010000101000100001010101110001101111000011000001101100011011
1011111101011111011111010001101111010001011111111111111001111011000000010110110111110001101010001011000010001111100101110111010001100000000111101011101111010000111111111010010111011111000111111111
1001100101110101010000000100111010000111000000000000000011010000011010111110011110000111001010111001110110111010001111111110010111110111111101101000000000000101101010110000111101011111110000101101
1011110001100000000101011111100000101100011011101101101110000110110010101011001011010001100000011100100000000000100000001100110100100011000000000010111101011111000000000111111000000000011010001001
1000111011111110101101111010111111111110111110111111111111110010011011100001100000011111001011000001101111111111110110111001110001101111011101010110000101000111011111111110110010101101110011100011
1111101111110111111111000010101100010110100000000111000000000111110000001100110111000000011001010100001110001000010011101101100100001101010111111110111111111100000010101010000111100100111001101001
1000000101100000010111111000100111000000101011110101111111101100000101111110110001101110110011010101100000100011111111100000001101100000000010101011111010110001011000000000110001111110001101111111
1111110101001111000001011110110110011111111110000000000000000111110100001011111111111110011011010100111101111111110010101111111111001010101000000000000000000101111101011101110100000110111000010101
1110000000011000010100000100100000111101100111111111011011010011000110100001101011010011011111110110001101011100011010101000000001011111111011111111010110111111111111110000010110111100001101000001
1011010101001111111111110110111111100000110101011111110011010110010010101100000001000111110101000111101100000001111010101011111111110101001000000011111100000000011010111111110110000110101101010101
1001111111101111101010000000101001111101100000000000000111110011011011111001101100010000110001110001111110110100101000000001100100100000011110110110101110111111111000000000110010101110101101010101
1101111111111000000011010110101011001000111111111101010001111011010000001011111001010111100111000100011011111110000011010100001101101111111111111100000011111010101011111111110110100010111101010101
1101010101010011011010011100101011100010010111011101010111000011010101011000001101010000001101110101000000000010110110010101100000000000011000000001011111101010001000000000010010111111110111010101
1000000001011111111011111110000010001011000000000001011100010110010111111010100111110110100000011101101111010110011111110101101011110101000010111111111010101000111011010111111110000011010001010111
1101111100000000101010110111011000101001101101010101111001010011010001100010110010111111111101010001100111111111111001111111101000011111101111101101100000000010000001111111100011011000000111111111
1001000001111110000000010101011010101101101001110100110011110110010101101011111000000000000111011100110001101000000011000011001011111010111101000000101111010111111100101100001011011101010000110001
1101111011011100101011000000001010101101111111000101111110000111010101101000110011011011011111111111100100000010110110011011011000100000010100011110000111111100000110001101111111110001110110011101
1111000010000101111111111101011010111001000000010101100000110011110100101010011001001110000000110000110110101010010000111111111110001110110001111111110100000001101110100000110101111100111111010101
1011111011110101000101100001011011111111010110111101101101111000110101101111010011011111010101110101110110101110110101110100011000111110000111010000110001110100101100111110010000000110011101110101
1000101111000001110000001011110010000010010011100001111111000011110101000011011011000011111100000111010100100111111100000001110010001010110000000101110100111110100110000011000101111111010101100001
1110001101110101100111101001100111011010111011111011011011111000010101010111010001101000101111010000011110110000000110110100111010100010010110101100011110000111101111010111110111110111110101001111
1111101000000111111100001101101101110000110010000011001000111011111111111101111011101101100111110111001011110111011111110110001011101011111100100101000110111101111001111100111110000010110101011111
1001101101110010101111011101001100111110011110101111100010000000000000000000110000111001101101111111011011010011000001011111011110001111100101111111010010011000001101111110011010111110000000000001
1100000001100110000000000101100110000000110111100110111011101010111111010101111011111100000000000001000000011011010100001001001111100000001111110111111011000011111000010110110000000000101111111111
1110101011001111110101011111001100110101100100001100000011101110000011111111100001101111011011011011101011001111111110100011101000001111111010100000011001101001100011110010110111101101111111101111
1000101111101011000111000110011110011100110001101001101010001100101000000010110100000011001001011110111011100001101011101111001010100000000000001010110011111111110110100110000000101111010000000001
1111111000001001110110011100110111010001100101101111001111101101101011111000110111010111111111110100001000110100100011111101101110110111011011111111111011010111000000001100111011111011000111010111
1000011111111101111111110001100001111101110100111111101100000101101000001011111100010101111001100001011101100110001000000000111100100001011000011100110000000001010101100001101110110000011100010001
1011010110110000000000000100110100000000011101111000000110101111001010101011111101010000001100001111111000101111011101010110010111110111111101001001111101101100010111001111000110110111110110110111
1111010110111111110101010101100111011101010001000011101110100001011010111000110001010110100001100000001101111101001101111111000110000111110001100011111111001101110001100000011110110010100011111101
1110000110011011000101011100110110010001011011101001101000101011111110001101100111011100111111001111111100000101011000011011011111010001011111111110110001101101111011001101111000010110101111011101
1000110011000000010111111101100111011101111111101101101101101000001100111100111100000110000001100010000110110001011101111001000011010101010110110000000101101100011111011001100011000000000000000001
1111111000010111011110000000111100010000111101001100111000101101111001110001100001101111010111111110111111111101010111110011011110010100000000000110101101100101000110001100001001101011101110111101
1101101111010100001100110101101111111110011001100110001110111100110011011011111011001100010010111010000000101111000001000110000011110101101111111111111111001101110110101110111111001000100010000101
1000000000011110100110110111101010001000111100001100111100100001111001001000110011101101011000000000101111100001011100010111111110000100100010101100001001011100111110100010110001111010101111110111
1111110101010000101100100100100000100010110001100111100001110100001100011101111000111101001101101011101111101111000101010000000110110101101000000101111011000110001010101110000111001011100000010001
1110000101011010100110111110001101111011111101110111111100010101011001000101000011100001011001111111100000001111011111111110101110110100101101010000000001111100100010100110111101011111111010110101
1000110111111110101111100000101001000011011000010100010001110111011101101111101000111101001101010000101010100001111010001111111100010101101101011111111111000110101111110010000000000010011110110101
1010100011000000101010001010111101011010010010111111000100010100000101000011001010111001011000000101111111111101101000100001010111110101101101000001101101101111100000110110110110101110110110111111
1111101111111110111011101010001101001111011010011010010101110111011111101011101011100011111110111101010101010111000010111111010000110100100111010100000000000000110101100110110110100000000011101011
1000000011010000010011111010111001101000000010111010111101111110000001101000111111001000011000000100010100000001011111100101010111110110110100010111110101011111110100110010110011111111101000000001
1101101110000101000110000010100011001101010111101000001100000011010101101011110000011011111101010101110001011111000001110000000001011111100110110000111101000111011110110111111000000100111101010111
1111000011110111010100110110101001011111110110001101011101111110010111001000011110110001101001110111100101000100010100000101010100000001110110011010001101101100000110010000001101011101111111010001
1011101010000001011110110100111111111000000110100001011000011000110011101101000110100100001101100110101111110001111110101101011101011100011100111010100111111101111111111011111111000000101001110101
1000001011101101111110111110110110100011101100110101001010110010011000101101010110110101101100110000000011110101101011111111000111000111111001100010110011011000000000011000000011010101101011111101
1010101011001101110100101000100000001111000110111101011110011010111011101101010011100111001001110101111001011100000000000011010011010000001100110110111000000010111111111110101011010101101011001101
1111101110011001010110001010101011011000011111101001010110110010110000111001111000110001101101100111111100000110101101110111010110010111111110010100100011010110000000110111111001010101100001100101
1000001111001011000000101110101010001110110000000011010000010110010101111101101101100101111001110000000101011111111111111101111110110001111011110110110111111100111010000000001011011100001100001101
1110101001011111101010100011111011011000111111101011011010110011011100000101000100110100011100110101010101011101100000000000001011110100000000011100010000001110001111010111011011001101011001011101
1110101100011000001010111010000011110010011110001111011011111111000101011101010001100101010001100101010111000000110111010111111011011111111011011111011111100010111101010111110011011001011011000101
1000111001001111101010001111101001111111000011101100010000001110010101001101011011001101111011101101110001011010000001110000001010011010111011000011000000101110000001010000011010001101001111101111
1010011011100110001111011110001011010100010110000111011011100010110101101101111010011000101000101100010111111011111111111111111010110000001111011011010101100011101011010110111010101101100010100001
1011011010001100100110011000111111010111011111010001110000110111111100101100110011001010100010111101010000001000000001000111001000100101111101111111110111101001111001011100001011101100101110111111
1110001111100110110011011110111000000000011000011011000110110011001101101101100111101110110110010101110101011101010111011100011011101111000000000010110000111011011111011110111111101101100000000001
1000101110001100110110001111100011011011011101011001010110011000011001001101111101000110110111110000111111001101011101000001000000101011011011010110000111111011000101110110100110101101101101111111
1010101000100110100010101000001011011010010001011011010011001101011101011000110000010010100000011010011011111111000000010111110110001010001111111110110011101000010000100011101110101100111100001101
1111101011101100110111101011011011011111011011010001110111101111001111011101111110110111110101001111000001110001010111111110111111100000100110001011111000001010111010001001101010111110000101111101
1000001110001111100100001111011011010000011011011100110011001001011011001101010000110110000101011001010100000101010000001000000000101011110011100001001010101011110010111100001010110111010100110001
1110101110100110001101100110011001110111110001011101111011100011000001011111000110110011011101001100011111101111111010100011011111101000011001001100011111111001011011110111100000000001110111100101
1000101000110110101111001111001101000100000101010000011001101011010111010000010100010110001101100111000000111010110010110111000001101101111101011101000011011011011111000001101101011011110000001101
1110111101111100100111101010011111110101110111111101111011101001010001010111010110110011011111110110010110010000011010010001111011111000000111000111111110001010010101011111111111111110000111011001
1111110001100001101100001000111110111111100010110000001000101111110101110100010100110110000110000011011111000111001110111100001110100010110010011110110110111110110101000001010110100011110001111101
1000000100111100101111111110001100000000001000011101011011101110111101110101010110110010110011101011000011101111100110001110100000101111111000111100000100011100000101011111000000001110010100000101
1010110101100001111000000000100111111101101010110001010001100000000111011111011100011010011011001111011001100001101110111000101111111111001010000001010001001001110000000100011101100110111111111111
1110110111111011000010110101110111010111001010111101010100110101011110001010011111111011111111101100001111101111000010001101100011010010011111111011010111100011111110111101111111111100101011101011
1000010110000001111011110101111100000111101110011001011101111101011010101000110101010000111110000101101110100111101010111001101000000110110101101111110011001000000010000000100011010101100000000001
1010111110101011000010000100101111110000000110110011011000000101001010111101100000000110011011110101100000110000101010110011001101110000000000000101110110011010110110110111101110000000001010111101
1010100000111001101111010101100110111101101100011011001101011111100000001101101010110011000001010111001010110111101110110110011100011011010110101101011111001010011100110000001010110111111110011001
1010101010110011101001111111110100000001000101111011011001000110001011111000111111110111011100010011011110010001111000110011110001110001110010111101011001111110111110110110100000010000000011011011
1010101011100110101100000000000001010101101101101011011011011111011000011101110100000110000110111111000011010100111110010111111100011100010110010100000011110010000110010010110110110111111001110001
1010101011110100111111110101011101010101000101100011011110000001011010110001000111110110111100000001111111011110001100111110000001110101010011000001011000010111010010110110100010110000011111111101
1010101010000001100000000101010001010101010101001010000110101011001010010101010000000110001101101100000001000010100110000011010100000101010110011011001011000011010110110010101010011011000000000101
1111111111111111111211111111111111111111111111111111111111111111111111111111111111111111111111111111111111111111111111111111111111111111111111111111111111111111111111111111111111111111111131111111
