111111111111111111111111111111111111111111111111111111111111111111111111111111111111111111111111111111111111111111111111111111111111111111111111111111111111111111111111111111111111111111111111111111
100000010010101001010010101000001000000011010000000000010011010010101100101000000000101101111010101100000110101011000000000101000101000110011010011011001010100110100101011001100110110000011010101001
111111011000101100010110001111101111110110011111111011010110011000000101101111111110000100110000000111110000001001110111111101101101110011011011001001100010001110110101011011001110111110110000000011
101000011101101111010011101010101011010100110010111110010011011101110101101000000011110101100110111101011111100011100000110101001100000110001000011011110110111100110001011011011000001100111011111111
101111001101100101011010101000001011000101111010100111000111010111100101101111111010000101101100010000001100001110001111110000011111110100100011110001010000000101111101010000001101111101101001010101
101110011000110000000000001110100011010001010010101101110101000010110100101101000011110101111111011111101110100011101010000111000110110111111001100111000111111100101001011011111001010101100011010101
101011011110010101011010100111110111111011011010000001000001111010100001101001111000000000110110000010001011101110001000110001011100100001101011110011010000010110001100010011001101010101001000000001
100010000010111111111111110101100110100011001011111101111100110010111011001100101101111110110011111011101010000011100010011111001110111011001010111001110111110011011111010111011001010101011111110111
111011111010011010100101010101110110001011101010110000110101111010110001100110100111011010000110000000000011111010101111111011111010100011101010011100100100110110001100010101001101010100000000011101
111001010000110010110000000001000010111010001010111010000000110000011011001110110110010000101111010110101001111010101001110001101010101001100000110001101101100111101110110100011100000001011011111001
101100000110110110011111111101111011110011011010011111111011111111001011011010000011011110111001110100111101000000001011010111000000111011001111111100000000110101100110110111000111011011011111000011
101111011100000011000100000001000011011000000000110101000000101111100000011011110110011100011011111111110101110111100000010101011010110001101001011101111111100101001100010011011101001001000101011111
101011111110110111110111111101111011011101011011100001111101100000111110110000100011010111000001011011000001111100001111110101111011111101101011010100110110101101011111010110001001011111101101010101
201001100000111100110111000101010001010001010000111101110101111010001110011010001000000011011111001010011100011111011111010001100001010000000000000110010110101101001101010111101011000010111101010101
100011001110011001100001110001000100011011011011111001000000011111100010111111111111011011010101101011111110110100010001011101001111011111111011101111010110000000011100010001100000011110010101010101
111001111010111101111101011101111111001111111001101101111111001110111010010101110100001110000101000001100000010111000111001101011111010111011111100101000011011110110111011011001111111011000101010101
100011010000101000011001000001001011011001101011001000110111100000000011000101000001100111110101111011111111010000011101011001011001010100010100110000010110001111100001000001100011101000010000000001
111011011010101011111101111101101010001101100001101101100000001111111010010000010100110000000101011010100001000111011000001101001101010111010101111011111111011001111101111011101110000011111010101101
111000000010000010110001110000001011011001111101101000111111111010110000111010111111111011110101010010001100011111001110111001011101010110000100110000011011000011010000000011000000101111011111111111
100011101011111010011101011111100001010011011001101110011110110000111101101110100000001010000000011011111001111101100100111100011000000011110101100111110011011110011111101000010101111100001101011001
111110001110000000110100010010111101010110011101100010110010111110100101100010101101100011110101000001100011000000110110101101111111110110000000110011011010001010110000101101111111110110111101011011
101111111100111110110111011000010101000110110100111010111010011000101111001011111111111011011111111100111111111010000110101000000110000010111110110111011000111000110101111101000110100110000000000001
100001010111101100000110001111000000010000110110111010100000111110001010011111011010011110001011011001111101011111010000101101111111110111100100000101011110101110110111110100011110001100101101101111
111101010101000110110111101110011101011010000000000010111010100110111011010110011011010100100010000011000001001110011110000001010010100101110111010100001100000010100010100101111010111001111111111001
100000000101110011110001000011111111111111101111011000011110101100100011010100110001010111111011111011111101011010111110111100000110110000110001010001101101011110111010110001110010000011011010111011
111110110000011011011101101110000011110110101111110011010100000110101110010110011101010101101010100001100000011011110011110110111100111010011011111100111111011010110000010111011010111111000000100001
111000011011000010010100100011111001000100111001111110000101110110001011010111011000000100001010111101111101111001011011010110000110101111001000101101100110001010100111110001010000000110011111101111
100011111111101000110101101110011101110110011100000111110111100111101011000000001111110110100010100001011001001101000000010011011100101000011011100000110011100000110100110111010101111100111000101111
111111110110111110100000001100110001000011010111101101100010001100001011111110111000000111111000001100011101101101111111011011010101101111011010111010010110111011100001110101010111011110101011100001
100000000000110000111111100110111101111001000000001100111011101111101001110100001111110101010011111001110101100000110000001010010100100110000000011110110000110010101101010100000011010110000010101111
111111111110111110111000001100101000111100011111101101101011001000001011000110111101110000011111111101010101111110110111101010110101101111011101110100100110011010000111010001111111010110111110000001
111011000000011000001111101110001011101111111110101101000001101111100001010100011001011101111110000001010100101010010100000000110101101101010111000110110111111010101111000111011010000010011010111111
101001111111011111101100001011101000000111000000000001111101000011111011110101111101011000110011111100000001101010111111111101110101100101000011110110100101010010111000011110001010111110110000000001
101011010010000000000111101011000011110000011010110100110101101110000001100100101000001110111011100001010100101010011010111101010101101101101110110000001101011000011011010100101010110010100110111111
100001011011110111010000000001101111011111110011111110000100000011110111110101101111011100100000111111011110001000110010000000000001101101100010011111100000011011011110000110111010000110001111110101
111011000000111110010101011101111000001100011111100000110111101000000101100001101100010110111101101100011011101011111000101011101111101100101110110101001111110011001100111110010000111110111000000001
101011111110101011111111110000111110100110111100111110100011101011110000111100000111010110100001000111110000000010111101111111000110001110100110010101100110011001111001101011010111111000001011011111
101000001100000000001010111101100111110000010110110000111010111010011011101110110000000100111101110101111101111010010101000000010111101010101111010000110010110011000011000001000001101011100001000001
101110100001011111101000000001110011000111010110011111100000111111000001100011111101110001101001100101010111111010110111111111110011000000100101010111111000010111111001101111011111100001110111111111
101110111101110000000011111100110111011100010100110011111110001101111100101111001111111101101101110001010111000010110010100000100111111110101101000101101111010101101100100000000011001100111110011011
100010011111111110101010000110000101111111000101111010011000111000000110101101100110001000101001011101010100011000010110111110110000111100100101101101001110000000101001101011010111011111101010110001
110111110111011010111111110110111101100001110101010010110010101111110110000000110011101110101011011100000111111110110110010100000111100110101100100000011011011111101100001011010000001011000000011011
100001100100011011111001000100111000111011000001011000011110000010100110111101111001000000001010000111110011100100000100110111110010110000000110101111110000010010001101111011110101100000011111110001
111101110111001001101101110110101101101001111100001111010111110110001100110111101101101101100011110101011000110111110101110010110110110111101100000110111011010110111000001000011100110101001100011011
111101010101101011000001100100001001101011001101100011000011110111100110110011001000111001111011000000011101100000000001011010000000011111001101110000011110000110010011011111111111111111100001010001
100001010100001001111101110111100011000011100111111001111000000000110110011011101110001101000010010111010000110110111100011011110111110001100101011111110111011111000111110110110011111010111011110111
110100000111101011000000000000111011111010110010111011000011110110000011010010001110111111111010111101011110111111100001010001100011011100110000001001110100011101011110110010110110110000001010110001
100110110000001011111011111110000010010000111010101011111010000011111010011011101000001100000011101000000010101101111101110100001110010101100111111011010110110101000000000110110100000101011000000101
110011100101100001101110101111111011011011100010000000111011111110100011000010101101111111111001101110101010101100111100111111100011010000110011100001010100110101011111110100100001010111110011111101
111111110101111101000110101011101010000010111011011011101110111000111011101000000100001100001100101111111010001001100110001010101110011101100110110111010110110000000000111110001011010000011111101111
100010111111011101110000000010100011111010110011111001101100001110000001111111110101111111011110101010000011100011110111100000100011010000110100000011010110100101111101100110111111010101111110000111
111010101011000000000110101000111010100000011001101100101001100011111100110000110100011011001010101011111011001010100011111110101110011110110001111110000010101101111111101110000101111111100011011101
101000001000010111010100111110101010111110111101100110000011111000111110111110100101110001100010101011011001111010110110000010000011011000110111100011101010000111000011000000110000101010111000000001
101101101011011111110101110110000000000000110001110011111111111010000000001100110001011101111000000000011100110000110111111011101111011101110110110111111010111111011111011111111111100000001110111111
100111101111111101100111000000111110101110111101010110101001101110111111101001111101001101001111111101001110111110110010100011001101010101010010110010110000000001011010000000101110101111101000000111
110000000100100001001110011111100000101000010000010110101101001111110000001101101101011000011000001111011000100100111010111001101100000000010110100110011101111100010010110110000010100001111101111103
111111110110111100011000110110001111111101011101000000001100011011011111100000000000000011011111101010011110110110100010110011101110111110110000001100110100001111110110011111111110001111011000011101
110111010100101110111101100000111111111111010111111110101111011010001110110101111111011011110000001011000000100000001010011010101011110000100110100110110101111010110110111001111000111101010011110001
100100000110101011110111110101110000101010000010000111101011011010111010011101111100001010110110100011101110111111101111001010100011011110101111111100110100011010110110001100000011111001010111100111
110001110000001001100011011111000110001010111011101101101000001010000011011101000111011010111111111010111100011111000011101010101110001100000000110110110101110000000000111001111000101101010110110111
111111111101100011111010011100011111101011111011001000101101100000111001010111110000011010011001100010110001010001101110000000001011101101111111100110010000011101111111100011101101100100000000010001
110000001111111001101000110111110000000000000011101110000001001111101101010110111101001111001101111000111111011101101011101101011011000100101011001111010111110100011110101111000111110001011011000111
100111100100101011101110000101111111110101101000101011111111111110000101010110001111100110011000101110101011011000000001111111011001110101101001101111010000000101000000000001110010100111111110010001
101111110110000000100111110000000000000111111110001011101010100010110100010111101010110110111110000100000000001111110111010010001101000000000011100110000101111101111111011111010110101110100011010101
111000000000111010001100000101011110110111010111100000000010111011100001000000001010100010110100110110110110100110110101011011101101111101111010101111101111100000000001001111000110000010101111011111
111111110101100010100111111111111000111101000001111111111010000001101101111111101010001010110111110000110011110000000101011010101100110000101110000110100110001010111111100001110110111000000101111011
101011000101110110110001100110101111100000010100000000000000110100001111110000000011011000110101010111111011111111110001010000100001111101101100101100001110111111100101110100110110111111111101100001
100000010101011111111101101100001011001101111111010111010101110101011000000110101011111010100000011111111110100011111101011110111101101001000110111101011010001111101100111111100010100101010101101111
111111111111001011000000100101101001101111100000010100010111011101001111111111111010101011111101011000110100001000000000010100101100101100010100010111001010111010100001101010110110001100000000000111
100000101011100001101110110111001011111000001111010101110110000001111010111011010000000001011101011110110111111111111111000110101101100101111110110111100000011000001111000000000000100001011111110001
111110101010111011111000000111101011011111111100011111100100110101110010000000000110110100000111010100000101100000101111010010000000110000001100010101001101000011111000010111101110110101111111011111
100000000000000011011111110000001011000000000110110000001110100111011011111111010100100110110011010111010001111110100001111011111011111011111110110001100101111011001110111110111100111100000000011111
111010111010101000010101011110100001111111110000010101011000101110000000000000011111101111110110000111111100110100001100101000001010110000010100011100001100011111100100011010010110000110110110110001
100011100011111011000000000000111011001111110110110101111011111011110101101101110000001101100011110101101110000111111110001111100000011011110111000101011110110101110001001011000111011100111100000101
101111001111011110010101011101100001100000000100010111110011010000000100111000111111111000001000000000000011010000110011101001111111010000010101110101111010110101010111100010010011110111101110101111
111000011000000000110101011001110100111111111110111110000110011111010111111010100001100011101101111110101001111010011010001011000000010111110101100001110011110000000011001000111110100011000010100011
111111001111111110011111111111011101100010111111101011010011000000011110101111110100001011111111111110101100000011000000101001101011000010100101101100011001100110101111111010011100001110010111111001
100000011000000011110010101000000000111010100101101001010111110101010000101101011111101010011010000000101111111111101101100011111111111010110001101111001011101111100000111011000101111010111101111111
111111111111111001111010101111101110000010110000101101011110111111111110001101011001111110110000101101101000011101111001001000110101100000000111100001111010100001111111101011010001101010101000100111
110000000100000011010010101010111111111000111010001101011000001010101011100101011101001100111111111111111111000001011111101110100001111111101101001100111010101111011010101111111111000000101011101101
100111110001101001011000000000110001011110101111101101110010100000000000001101010100011110011011100010110001111101010000001100110100000111000100011110001000000001011000000111111100010110000000000101
111100011111111100001111111110011100010110101100001100111011110111111110100000010111010100110000111000011011000000011111111110011111101101110001110111100010111111001011110011010101111110111111111101
111001011100111001100101101010110111000000101111100110001111011100000000110111000000010110011110101110110001111101111000011000110000001101100100000000111111111101011000011001010000001100000010110101
101111010110101111110101000000000000011010000101110010111101000111111101111100010111000011011010100000011101010000101111011110111111101100110110111111111101000000000011111100010111100110101000010001
100111000000000000000000011010110101111111110000111000101000011111111111011111111101110110011000111111001100011110100000000000010001101001100111100000000000011111111111110001000001111100101011000111
110101111111101011111011111110111111101110000110011110001110111000000011010101100000010011011010110000011111001010111111011111011100101011110000101111010101000000000000011101010100000110111110010001
100000000000001111000011100000100000001011111111000000111110001111111011000000001101000110011010100111000001101010101000011100011110000011010111100111011111011101010111110111011101111100000110110101
110111101010101100011010001111111110100000001110011110101000111101001001110110101101110100111110111101110111001010101101110111000011111011010000001101111011111111110001000011000111110110111100010111
100011101111100101010011011111000000101010100100111000001110101001101011100111101001110110001100101000000101100010100111100101010110000000010111100000101010100000010100010111110011000011111111110001
111110001101001111111110010000011101101010110001101111101010101101000001001101001111000000100110001101010000111000001110110101110100111011000000111010001010001011111111010110111001101001000011111011
100000111000011010101000111111110001101111111111101000100000000001111101111100011111110101110011100001111101111111101100100000110001100011101110001111111010111000000111111100001100001111011110011111
101111111101111000001101100000000111111000011100000010001010111101110101100111111000011111111000001011100000000111101110111110000100101010000010100001100000001101101100000110111101100000000110110101
111011001111101111011111110101011110111111000001101011011011111000000000110000110011001010101011011111001010110000000000101100111110111010101011110100001011100111111101111100010111110111111110010101
110011011010000010010000011111111100100111101101001011111110000011101101111101111111100000000001110100011111111111101110101111100000110011101000110111011000110010011001011001110000110000111011010101
100110001011111011011110111000000110110100000111101110001111111111001100110100101110110110111111110110110100010000111110001011111101111001101010100011001101100110110011011011010111111110000000000001
110011100000111000000100010011010000100111010111111111100000000100011001100101101010000011101101010111100001000110110000100000000000011011111011110111011111111110011011000000000010000010111101010111
100111001110001110110001000111110110110001111101011010110101010001010011110100101011111111000000010101111111111110000110110110111101110001100001111101000010101100110001010110101000111111111111110001
101101111010111000011111101100110110011101110000000000011111111111111000000001101011000010011101000000111111011000110011110110100001100111110100101101011010100101111100011110101010000000000110110101
100101010000101111110000001110000111010101011111111111011010101011001011110100001001111011111111111010000000000010011111000110101011110001100110000001110000001101010101111010101110110111110000010101
110001011010100111011110100011010100000000010010100000000000000001100011000101100011011010100110010011011110110111010000010100111011000111001100101011111110100000000000110010100010010000110110110111
111101011110101101010111111110011110101011011010101011010110111100001111110101001001010000001111011111111000100110010101110111100001010001011001101000011110101101111110010111110110110101100110110111
100101010100001101010101011010111111101010000010111111011111100001101000100101101100011111101100000110101110101111110111000011001011011011011101101101110010100100000011000011011111100101111100010001
110101010111100101000000011011110101001111101000010100010000001101111110111111111111010111000111110110100000101010000111110111101001010011000111001000000111101110110111101000000000110100100110110111
100001010110110101111111011001100001111101001101000001011101101111000000001010000000000101110110100000001010101000111100000101101101111011011111111101110001111111100101111010101111110110001110010001
111100000000000000000000000011101100000000011101010101011001101000010111011011110101110000100000001111011110101101111001010001101000110001001101010000111100001101110000111011101011011111011011110111
100001111101111010111111011110111111111101110001110101010011001010111100011010111111111010111010111100001100101101000011110111001101111011111000011010000101101000110110001000100000011101000000010001
101011000001000011100000001110110011101111110111100101011001101011101111000000000000001110011111110111011110101001010110000011101101100001100011000010111111000010100011011011110101000001011111110101
111111111111101000111011011010111000000111011110001111111111111111100100010110101110101111000101000000000110101111111111110110001101101011110111011010000001011110101001111000010111111011110110110111
100000011010001111111110000010101111101100001011111111110101010110110001110111111000100001010000010111011110111000000010000110111111001000011110010010111111000011111100001110110000011000000100010001
111111010000111110101110101000101100001111100011010101010000000010000111111101110010111101110101110110011011111101011010101110001011101011111000111010000001101111010110100111100111110011010001111111
100000000110011000101010111010000111100010111000000001011111111011110110000000100111110000000111111111000001101111110000101100101000001010001010100011011011000000000010110011110011011110010111101111
101101101100110010000000001111010000001000000011011100000111110001100011011110001101100101101100011100011011001010100110111110101010101000111010101011011111111011110110111000011000000011010111000001
111101001111111111110101011000010110101101101001110001010000000100001001111111011000001100111111000001001111100000001110001100111010111010011110111001000001110000011111101101111101111011010000011111
100001101011011101110101001110110111101101001111000101110101101111101111000001001110101001100000011101100110001010101100101001100010110011000010110011011100010101000011001111101100011111110101111101
111101101000000000000111101011111101111001111111101101111111111100000001101100011000101011111111111000101100101011101101101011101010111010011010100111001111110101011000011000001101001101100100000001
100001101101010111010001111010011101001111000000111000001010000001010101111110110011101010000011100011101001101110001101001000111010011110111111110100011011100101001111000011011111100001101110101101
101011001101010100010111000011000000011011111010011010111010111101110111000000011111111111111000001001111111111100101001101010110010110110110001100111000000101101100001111001110001101101100111111101
101011101001111111010001111000010101000001010011000010100000110001110110010101010000000000000010101100111011011001111011101110100110100000000111111111011111111111101111111100100111000100110000011001
101001111101100000010111111011010101110100000111110110111010011011000110110101111101101011101010100110100000000011011011000011110110110110110100101000000011000110100000001110001101111110110101111101
101101010111111010110110000010011111111111101101110111111110111111101100011111000001111111001110101100110101110110000001101001100110011100011110000011011001011110111111100011111000010111111111111111
101001000011011111110111011011011000011100001001000001100000100101001101111111111111010100011100101101111111000010110101101011110010110001001011110110001100001010111111101000101101000001101011011011
111101101000000000011101011011011111010111011100011100101010110001011111010101000111010101000111101100011000011011110101101001011011111101100001100010101101111000000000111010000001010111000000000001
110111001110101111011100010001110000000000010110111111111111111101110000000001110000000001101100001101110011011111000100101100011011010001101100110110101100000011011110011010111011111110011111101101
100000011111101000000001111011000101010101010000100011010000000000011111111100111110111101100110100101000111110000011101111110110010000101000101110011101101110110000011001110011000101011011100111111
111101110001111010101101100001111101111101011011110111011111111010111000110110000000011000111110110101010110111111010000011000010110110101101100011111001100110011011111100111111111101011010001110001
100001111100010010100111111111110001001111110011010101001010111110101110000000110101111101111000110101011100011100010101001101110100100101001101001100011001100110000000110000000000000000000111000111
111011000001000110111100000000000111101010100110000001101010100100000010101111111111110100001110110111111111010111010111100100110110101111011001100101001011001111011111110101101010101011110111101101
111011011111010011111101111111111110000010101111101100101010110110101000111111011100000001011000011110110000000000010011001110110111100110011100101111011001100110000001011100111010111000011101101101
100011011000011111000111110101011011111010101010000110000000000000101101100001010111011011001110110000000101010111011111101000111100001111000101100110001100110111011011011111110010001011000000000001
101111110010111110010010000000000010110000111000111111101101011010101001101100000000010011100011110111111111110110000110101011101111011101011111001100100110110011010000000000011110101110010110110111
101101111011110011111011111011011000000110111111111100000111111010111111111110110110111000101111011110000000000100101110001010001011010100000001011110101111100111010111110110111100111111011110010001
101000001011011001111010111111111110101100000001100001101100000010010111010110110111101010111000001011101010101101101100101111100000000101101111001010100000110110010001110110100110001011011000111111
101101100010001100010000001000000000111111010100001101000110101011010000000000111100000010001101100000001011111101101101101101111010111111100011100010111011111100110100011100001110111011011110000001
101000111111011111000111101111101110100000010111111101101100101111111011011101101111111010111111111011011010000000111000101000000010011010001000111010110000001101100101011111011010000001001111101111
111010111000001001101111001010001100101010111110000001100110101000000001110001100000000011101010000001110011011101110010111111101010111000101010011110111010100101110101010111000010101101101000000001
111111101111100011111101101011101111111011101100111101001110101101011101100100111101011011000000110100011011010000011011111100001110101101101010110000011011111100110101000101101011111111101111101111
101101001011001001000000000000000110000010000001100001101010101111111111001110110001011001010101100101001111010101011010001001111100000101101011100110110000000110011101010000111000000000101100000001
101101100000011101111011111101010110101011010101111101000011111000000110011000011011010011110111110111011000011101010011100011110001111100101000111100011111010011001111010110001010111111101110101111
101100111110110000000010000001010011111111111101000001010110000011010000110010110001011001100011010011011010110001011010001011000100001111101011101001000011111111100111011110101011110110111010100001
100001100000100110110111011101010111010110101001111101010011110110011010011010111011111011001011000110010010100101011011011001101110100001101011000011011000011100001100000011111110010000011000101101
110100001101110011100011111101010100000000001011111001010110110011011011010010011010000010011010010011111010101101111011010011111000101111111111110110001101000101100110101111010111000111111101100111
100111101101011010001110000001111110111110100010000011110100000110001011110110111111111010110010110111000011101111000011011011001101100000010110000011011111010101101100100010000011011110010101110001
110110000111011111100110101011111011101100101011011000011110110110101010000100011000000010011111100001110110001000011001110011011001101011000011111011000111111111001111110110101000011011010111011111
111110111111010000001111111111010011001001101010010011110000110100101111110110110011101010110000001111100110101011110011000110000011111011101000111010010000000110011000000000111011001010000110000001
100000110101000101011011010101011011100011111011011000010110100110101100000110011111111110011111101100101100101110000110010011011000110001101011100011011011111110111110110110011001011010111110110101
111010100000010101010000000000000000001011000011011101111100101110100111010100110100000000110111100001101111111100101111111110010010011011101111110111001000000011111010110011001011000000011100011101
110011111011011111010101111110110101011011011011110000101001101100111111010110100111110110100000001101100110010110100101101011111011001111000000110110011101011001010000011011011111101011000001001101
100111000011011011011111000000100101011011001110100101100011111111111101110011110000000011111010100111110011000000101101000001100001011001101010100111000111001011011011111011000000111011010101100111
110001101001111000001100010110110101010011011110110101111110110010000000100111011111010110001110101111110111101110100101110100111011001100001111101100010001101110000000001010011110011001110100110001
100111001101100010101111110011111111111110001010000100110000011011111110001100011110011100100000100001100011000110111101000110000001101001100001100111011111100011011011111011000011001101111101110101
110011101100101010111011100111101010111000101000101101100101000000111111100111000000110001110110110100110111101100110000010111010100101101101111101100000000110110011000001111101111111000000100011111
100110111110111111110000001110000000010010101010101100111101101010100000001100011101110100011110110110011100001110110111010100010101101101100000101001011010010100111101100110000000111010111110111011
111110110111110100011101111011111111000111101010101001101101001110110110100111011000010111110000010011011111111000111100010111110111111000110101101011001111110101110100110011101010001110001010000001
111100000011000111010111100011111011011100001110101101100001111110000110110110010010111100000110110111110101111111101111011110000011111101111111101111101100010101100001100111101011011000101011010111
100001101111110111010010111000000000000111011000101001110101000000111111111111010110011110110100111100100000000000000000011010101001100001011010100110100001111100110100101110001110011111100011010111
111111101101010100011010001111111011010001011110101100110111101101100011000000011100110011110110000110001111111010110110110000111011110100000000101100001100001111100111111100100011000000101001010001
101100000101010111000011101010100011011011110000101101100100001100111000010101011001111001010110110110111000000011100011100110001111010101011010111111011110100110101111000111110111011110111111011011
100110110001010101111010101010001011001011000101101001101110101001100011110111001101001100000100111111111111101011101111111111011110000101011010000110000110110000100000011101100001000110001111111001
110111111100000000001000000000111010011011010101001101000010101101001010000001111111101111111110001011000110001010111010101010000011110101001110101100101111111010111111111000001011010111100000110011
100101001111111111100010111010001010111111110101101101101010111111111011010101100000000000000000100001110000101000110000000000101011000111011000111101111100110010011111101011011011010001101111111001
110001011000000000001011100011111110000110000101001000111111111011000011011111101111110111111101111101000101101010011011101101101111110111001101100000000101100111000000001010001001011011000000001101
111101001111101101101111001000001100101111010101111101110100000000011011010010111110000110000000000111101101101010111110001101100010110001111001111101110000111101110101111111011011001011101111111111
100000011010001101001000011101011110101100011101000001100111111110111110011000111000110100101101011110000101101011110100101001110110000100011011000000110110001100000101110110011011011001100000101011
101011001010101101101101011001000110100111000111110100110000000000101111111110101110011101101111001100110100111011000001111111000011101101110001110101100011101101010100000011001001001101101010000001
101111100000111001001001110011010100110100011111110101100101101101101011000110000000110001100001100110110110110011111101000000010110000100011011000101101000111111010101011001101011101101001011010101
101001001010001101101100010110010101100110111101000111001101000111101001110000101010011101101011110010110100111010111111110101010100101111110001010100101010000110011101011100101001101101101001111101
101100011011011001001110110011010111001111100000010001101111101111000011000110101011011000101110100110010110011110000000000101111110100000011011111101101110111100110001000110111011001101001011100101
111111111110011011101000110110010001111101111110110111111011111101101000010100101111001101101100001100110110110100101101110100011111101111111110000000101000000110010101010010001011111111111000001111
110000000000111010001010010111111111110000101100110110110001010000001011011110101000011001100111011110111100100001111111000110110101000010000011011010101101010011010111010110111001111010000011011111
100111110110110010101011010001110001011110000110010110011011000101101111011010101101111100110100001100000101111111010100010011100000011000111011010010111101011011010011010110001100000011110110000101
101110000110011110111011010111011101010111110000111111010001111111101100010000101111000001100101011110110111010000000001010110001011011010001001011011110001001001011010010011011110101011000011010001
111011110110110000110011010111010000000001111010001100000100011011001001010110101000010100110101110100011100011111101011010110101010011010101111111001100101011011110011011111010111101011010110010111
100010100110011010111001110100000111010100000011011001011101000000011011110110101101010110011101100001001111010000001001110111101011001010111110110011001101011000110110000001000011101010010011110001
111000001111001110011011000110101100010101111011111101110001101010111110000011111111111100110001101101100110000110101011000100001011011011110000111001011001010010110011011111101000111110111000110101
100011100101011000110001111100101111111111100000000101100101101010101100101111010110101001111011001101001111101111101011110110101111010001000101101011011101010110100110000001101010000011100011110101
111001110100011010111011000001100111101010101010101101110111001010101001101000000110000011000001100111101100000110001010000011101110010100010100001110001111011111110110111011001010111001111000010101
100011000101011011100001010101001100000000001010100111000100011110100011111111110000111011011100110110000110101111011011011110000011010110111101101110100111111100000110001001101110001011000011011101
101011010101011000110101010101100111011110101011101110011101001110111001100000000101110010001101111111101100101010001111111111011111010100000101100011110000000111101111011111000010111111111001010001
111001010111011011100101011111001100011000101011000010111111111011111101111111101100011011011111011000000110101000101110100001001100011111011111101011000101010001100101000111101111111001110011010101
100011110100011001110101111011011111110010111001101011100000000011001111010100001001111011010000000010111111101101101000001100011111001010000011001111110101110101101100010001100000001101000111110101
110111100111011011000101110000001101100110001011001011001011011001011011010001011100001111010111011010011000001101001111111001000011011000101111100101000111100100100110110100101111100101010000011101
100011001100011001110111000110111000001110111001101011111111111100000000000101110001011100010111110011001010101111101110111011011011010010101010110001010000110101110100010101100001110001010101011001
101001111111011011100001101111100011101000001011001110110110110111011010111111111101000111110100110111011010101000001000000011001110011010100000011011011011111100110111010101001100010101110111111011
111111010100011110101011001101111011111101011111011000000000000000010010100011010001011111000110000110011010111111011111101011011111111010110111011001011011000001110100011101011110110111100010101111
100000000001010000001011101100000010010001111101111101111111111111010111111000000111001100011111110111011010110111110110001011000011000011100011111111111001011011000101001101010011100110001000101111
111111101011010110101110001001010111011100011000101111000000000000010011011110110011011101111101000011011010100000000000101110010111101011101000000000001011011010011101100101110111110110101110001011
100000001001111110100111011111110100000001001110101011111111011101010110000000110111011000110000011011011010111010101010100011011111111000111101111010111110001011000111101111110000110011111110100001
101010101011000000110001111000000111011101111010000000000000011111011111111010010110001101111010110001110010100010111011110110000011000010110001111111111110101011011100000000000101111111011000111101
111010101011010101111111000010110111001100110000111110111010110110011000000010111100101100011110111011000110101111111111010011101001110111100100000101101011101011000111010110110100000110000010000101
110011101011010100110000011010011100011110011010110000100010100011011010101010000110101101110000001111101111111101000000000111101100110000110110110000000001111011101100010110010110101111101110111111
100111111011010110100111001111110001001010110011111010111010111000011011111011010110111000011010101100001101000000010101101100001110110101100010110111011100011000111111010100111111111000000110011011
101110000001010011110110011101011111011000011011000011111111100010110010000010011110011101001110100110101000011010110111000111100010010101110110010110001101110010001100010110101011011111101111000001
101000101011010110000010110000000000001110111111101011000101111010111010101111000010110001101000101100101101010010010011101100001011110111000011111111011100011011011110110100000000000000101100010111
101011111010010111110111100110101111100110111100001001110000101111101110101000010110111101111110111110101111110111011110001110101000010001101000000011000101111001110000110110111010111010101110110001
111110000011010011000101110100111100001110011001011111011010000000000000111101010011101000110000001010100111111100011000101000101111011111001010110110011100001011111110110110001111110010101000110111
100100101011010110010000010110110110101010111111011000000011101101110110100001111001100010011010111000111101000001011010111110100011011000011110110111000101011011000000100011011101011110101101100001
110001101001010011010101010100100000101000011000001101010110001101000010110101100011110111001010001101100000011011001010110000110110001101000110110011010101001001101010101011000000000010101001101011
111111111111111111111111111111111111111111111111111111111111111111111111111111111111111111111111111111111111111111111111111111111111111111111111111111111111111111111111111111111111111111111111111111
