1111111111111111111111111111111111111111111111111111111111111111111111111111111111111111111111111111111111111111111111111111111111111111111111111111111111111111111111111111111111111111111111111111111
1010101101011000101100000101001100101010110110110100001011010110011010110110101100101011010101101010110011010101000001100010100101001101011000110101010100000101101101000010010010010101010101001101101
1000101001001110000001110101100110000000000000110111100011010100110010010100000110001011010100101010000110000101011111001000101101100101011011100000000001010000001101111010110110110101000101011000101
1101101101011011111101000001101111111010111110010001111010010110111010110111101111101001010101101011101111110000011011111110101101001101011011001111110111111111111101011000010110110000011101011110001
1000101001011011010111111011000110110011101100110111010011010110001000010101001011001011000101101001100000111110110001011000000101101100011001111100000110101011011001010011110000010111110000001100111
1101101101010000000010010010011100111111000110110100000110010100101111000001101001101001011101100011111101100000111011001111110101000101110011010001110010000001011011000111011011110110011101011110001
1001100001011110111011011010111110011001110110110111101111010111101010010101101011001011010001110111001101111110011010011011000001110100111011011111111000111101001001110000011000000010111001110011011
1011110101000011110001000000010011001100000010110101001111010111000010111101000011101010010111000001100001001011001010110001110101000101101010011000000011111111100011010111110011111110001100111000001
1001011101010111011101111011010111011111111000000101100110000000011000101111111010101010110101011111110101100000011010011011010111110001100011001111111000000011001111000000011001010110111001101110111
1101001001010110011000011111010110010100011111110001110111011111111010000110100010101010010001000111111101111101001010111011010011010111101111011011000011110111100110011111110011010000001100101000111
1101101011011111011111000101010011000110110111000100000011111010101110111100111000101010110111011101100001011111100010110010000111010011000110000001111000111110001111001111000110000110111001101110101
1001000001001100010101110000000110010000010101110111101001100000001110110110101110101000000011000001110100000000111010111011101100010110011111101111101011101011100011011000011111011111101101101110101
1100010100011111010101100101010011111101000100111101001100001111011000010110100110001011111111011111011111011110111000101010000110110011011010000010100001000010111011010011111010001001101100101010001
1111111101110101000001111111110111100111110101101101111111111010011111010110110011101000001101001001000111010000100010101010110010111001010011110110111011011110101011000111110011011011100001100010111
1000001000110001011100100110000110110010100001101000110001000010110101000110000111001010101100011011011101111110101110101011111000101100011010100000110001001010101011011110000110011011001011111000001
1111101110111101111110001100110010111000111011000011111101111010110101101111110001101011111110110010010100101010111100000001011101100101111010101011111011011000101010001011011111001010011110110010111
1101001110101000110111101101111010011101100011111010101000110000010101000011011011100011010100011000110110000000000101010100010100110100101010111001101011001110001010111001011001011000111110011110001
1001101010101110110000000111100000110001111010000000101110100101000000011110011010111001010111011011100110111110111111111111000101100001100000011100000001100110101000011011011100001011101011001100111
1100000010001010111011101110111011111100011011111110100110111111111111001011010000110011000110001001101111101110010110101001101101110100111101110101110111001100111011110010000111011011001011101110011
1001111011100000101110100000110011011001110000010110101100011111101101100011011011110110011111101011001011000011010110101100000001011101110101100100010100011110010000111010111110011001100010100111001
1011000001111010000100001111111010011100011111000010000111010101000000001111001010100000110101001001011010011110010110001111101101001101100000110101111110110110110111101000011011011011001110001101101
1110011100101111110101101011001000110111011001111011110011010101111111101001101010101011100101100011011011010011010000111001101100011000111101100100001010010100110101101011111000011001101011011101101
1111011110101101010111001001100010000100001101011001000110000001101011001101101010111000110101110111011000000111011110101011111001001101100000110101111011010110010001100000100011110011100001010101101
1011110100000000000010011011111111110111101100011101110111111101000010011001100000011011100101010110011111101100011010101010001111101100111110000000110011010011010111110111101111100111001111010101101
1010100101010101011000110010101101000101001111010101010010110000011011001100111010111000110000000110110110101111001010101010111010000001101011101110011011010110000101000110000010110001101101010101101
1000101111111111110010011010101101110101011010010100011000011111110001101101100011110011111101110010010100101001100000001010110011111011001011000011111000010011011101010000101110110111000101010100101
1110101010011011111110110000001101000000000000110111001111010000111011000001101111011000011111111010110110001011111111101000010110000001100001111001101011110111010101011111111110000001110100000101101
1000001010110001010100011111100101010101110110100101101101011110000001101100101101000011110010010000110111101001011011001111010111111011111101111100000001110101010000001001010011011011100111011100001
1110100000011101000101001010110101111111000100101101101101011011101100111110101101011011011011010101100100001011001001101110010010101010111001000001010111010100000111011011000111011110110110000001111
1011101010110000010001101010110101101011111110001101000000001010000110010100001100011111001011011100110111100001100011101011010110100010101101111011111110010110111111111001011101000110110110111111011
1001111011111111011011101010000000000010100111101001111111101011011111000111011001001101101011001101110100101011111011000011000010111010101001010001101011010000011100101011010001011110010110000110001
1101010011011011111110000011111111101110101101001101110011000001110000010000011011111100101011011001010110101110110011110111110110100010101100000111001011010111110110001001010111010011000000111100101
1000011011010000110111111001110101100000101001100001011011110100111101111011001010110110001010011011010100101100100110110001100110111010100110111101011011000000110111101011000001010111111010000101101
1110111011000111100100000011000000001110101011111101010001100110101111101011101010010111101000110001010110001110001110110111001100110000110110000100001011101111110010101000010111000001101011110100111
1110110001110101110001111011010110101100000011010001011101111110101010001110001010110011001101111011010011101011101100000110011110010110100110111101111001100011011010100011010001101011001001111110011
1010110111100101011111110011111111111110111011011101011001011000101010100111100010110110011001010011000110000011000110111111010100111100110000010100110011001111000000001111111111001111101011000111001
1000100000110101011011011010101100010000100000000000011100011101101011110011101000100111001101010111101111110111110110001010000110111110100111000001110110011100011110100010101001100110000001011101101
1110110111100100000011000010000111010111111011010111010110110001001001100110111110110101011001000110000110000101110000111011101110010100111101101101100011010111000111110110101101110011110111011001001
1000010000110111101011111011101101011111010001111110000110011101101101001110111110000100011101011111011111101100011011101011000010110110101001001111110110010100011101011100000101010110000011011101101
1111011011100100111010101000001100011000000111100000110000110001001101101010101011110001110101001100000011000110110010100001101110110000101100011011010111000111001100000110111101010011011110001100001
1000010000110110010000001111100110111101111110111111100110111101101000101010101000111011110000011111011110011100100110110111100110011110101110111011010011110101011001011100101001000110010100111101111
1111011101100011011111101011001100110111101000010111111100010100101110001010101101101011011111010110001011010110001110110010110100110100100110110011010110100101011011111001101100010011000001111001001
1000001100111011011011001010011110010110100011000000111101000110001011101010100000000010010101010011011010000111101100010110100001100110110100011010010000110000010010101011001101111110010111001101011
1111011101101001010011101011010011010100111111111011100111110111100011001010111110101110110100011001001010111101000111010110110111110100100001111010110111110110110110000011011000101010110101011000001
1010010101001100011000001010010110010110011101111010110110100011111001101000101110111100110111001011011010011001010011000010100101010110101101110010010101011110100000111111010011101010111100000011011
1011010001101111011111101011010111000110110001000000100000110110111101001110101000110110100111100000001010111011110111101000110101000110111101011000110101011010101111111010000110000000011001101111111
1011011101100010001101100011000010011100011101111110111110000110000101100110000010110110110101001111111010101001100110111110100001011100110001001110100101011010101011101010111111101111110011111000101
1000010101111011100000001111111000110101110101011010011010110110110000001111111110110010110000011011011010101011001100110110110111001110110101011100001101001010100010101010000011000011011010111101101
1111000000110010111111100110011110100001100001010011010011110111100111101011100100010110011110110001011000101001100110010110100011011010111101010110111000011010101110100000101110011111001000001100101
1101111110111000110110101111010100101101110100000111011011100000110100000010110111000110111010111101001101100011001111000010110110001010101100010100001101110010100110101111100011000001100011111001101
1001100010101110100100000110000110111000110101010010011010111011111110110110100101110000010000011001011000110111101101110110110011101000100111000001011101011010101100000000111111101111111001001100001
1100001000000000110111010011110110010011100111111010110000000001101011110000110101011111010111011100001110110101001001110110110110101011101111111011110101011000101101110101100011000000001101011001111
1001111101011110010101011110100011000110111110111000111011010100000000000111100000001011010011110001111010110101100011000000110110101011001100000010100000001101100000111111111011011111111000001011101
1101100001010011000000001100101111110100001100010010001011111110101111110010111110101010000110111100111000110101101111111101110010101001101111111010111110111000111011101011101011000110011011111010101
1111111101110111111011011110100101000101111111011111011110111011111101000110011011101011011100010110001110110101100011001101011000101011000110000000011100110011100000101001000000011100111000011000001
1000011111100010100010000110001101110000011010010100001100010011110101110011000001000001010101110000111000110001101111101000011110000001011111111101110110011011110111101011011111110110100011110011111
1111010110111000001011101111100101011011110011010001100111010110100000011001111101111100000101011010001101111100101011001101110011011011001011010101100110111010100000101001010101110010110111011010001
1000010100101111011110001101110101010001011000011111001110000110110111000011011101000001110000001110111101110110100011101101100111110001011010010101101110000010101101101011000000010110010110011000111
1111010110101111111111100001000000000100001111010011100100110100111101110110010101101111111010111100011000100010101110100101101110100100011011010001100011111010101111101000011111110011000011010011101
1011010110101000101011111101011110101110111101011001110101111110101000000111010101111011001011110101111110110110100000110000101100111110111000011011101110011000100010100011110001011001011110010110101
1010000110101110001000110000010000111110110001011100110000001100000010110000000001010011101001100100110010100000001101110110101110110010001111011011001011001110101110110110011011011011010011010110101
1000110000000011101110111011011011110100011101001110111101101111111110100101011101011010101011110110011010111011101111100100101010011010111010001001101011011010001000110011011011001011010110000010101
1010111011101000001110011111111111010110110101011000011001111010101111101101111000011000000001100100110000010000111011001110101000110000110010111011001000001010111011110110001011101000000111011110101
1010101010001101100000110101110110000010110101001111001100110000000011111111101111000011010100110001111111000111110011111010101110011110110110101011100010111010110000010110111010101011111101001100001
1011100011100111110110100000000111111000110000011001101110011111111010110111000111101010011110110111101001110010100110110000001111001100000110101010101110100000011011110110011010100000011000011111101
1001111011001111000100001011110101101110100101111100101010110110110000000001101100001111010000000111000011010110110010011110100011100110111100001010000010111011110000110110110010001111111111010101001
1111011001101000011110101110000000001010111101011110000010110100000101010100001101011001111110111101101000010110010110110011110110110100110110101000111111110000011011110110011000100001001101010101101
1110000011111101011111111111011101101010111100001111111010100101101111111111101111011101110000001100111111010111000000010110000110110110010110111110110001100101111001010100110011110111011001000000101
1000101000111111110100010000010001000000000001100110000000001111111000000010001011110101011101111001100101010001101111110011110110100011010000010100010111110111100011010110111000111100011101101111101
2011111111101011110001000101011111101010101011110110111111011010011110101000100001100000010000101100110000011011000100111001000000001110000111110110110101100010110110010110010011101111001100000101101
1010010111000001000111111101010000111011101011010111101010001010110011111111111011111111011101100001111111000001101101101101111111101011010100110100000001110110000011010110110110000110011001101101001
1111010000010100010110110001010110000001101010000011000000101010010111010000000001011000001001111101100001111011101000100101100111000011110001100101011101000010111110010110010111110011011100101101011
1101011111111110110100000101111111101011101111111011111011101011000010011111111101011101101100011000111101110011000010001100001101110110100111001111001111110110011011000011000011011001010001101000001
1000011000101111111111101111110000001010111100000000000011100011111010110000000100000101000101111110101001011001111110111101011000000000101111100110011011000110110000011111011110000011011101111110101
1111001110000101100000001011011101011010000001010111111010110110001010011111110111110111110000110100101101010011101100011001111110101010000101101111001001101100011110111001001110111110010000110111101
1101011011110100101111111011001001010010111011111100000010000011100010110000000000000011111110010101101101011011000111001100110010111111011101001010011011001101110000001100011010110011000111100011003
1001011000000001111110111011101111110111111110000001011111110111001000010110110111011001011011000001101101011010011100011101110111110101011100011011010001101001000101111001000000010110010110001111101
1011011111111101010000000001000000011101101111111101011110010101111011111111111111110011010000011111001101010000110111010101100110000101010110111011000111101011011111101111010101110011011110111110001
1010001100001000011111111101110111110000001010000001110011000001010001011011011001111011011111001110011101011110110101010000110111110101000010001010011100100000001010101010010111010110001100011011101
1010111111100011110011110000000110011111100010110100111011110100010111000001011101000010001111100000110000011010110101010111100011000001010110111010111110101101111010100000111111010011100111001010101
1000011010111001011010011101010010110100101000111111100010100101000001111101000001111010111001001111111111000000010101010101111001110111110100011000010100001111001010101111101100011010110001011010001
1110110000011011000000110111111010100001111111101001111000110111111011011001111100000010101100011110011111101111010100000000101100100101100101111101110111100011011000000001101111011000100111001010111
1000011011011011111110110010110010111101011001101011011110110110100000001100101111111010001111000011010001111000000111011111100110110100110100010101010111001111011011111111000101001110101110011010001
1111011111010010101100011010111000110000011101001011010110111100001101111110000011010011101010011111010111011110110000000111001100110101100110110001000001101010011010110001110101011000100000110000111
1001000110000110001101000000010011100110110001101011000000001111111100111111111011011011001011010101000101000000110111011101011001110101001110100111011111001000111000011011000001011011101111111010011
1101101111110011101101010101011010111100011100000001111111100110110101101101000010000001101010010100011101111111100100001101011101000100011100001111011001100010100010111001111011011000000001011111001
1100000101011010000101111111010000011001111111110111011110001100000000001101111011111100101011000001110000110111001101011001010101110111000110111000001101110111111011101011011001011011011101010101101
1001110000011011101111101010000101000011110011000001000000100111111110111001011011000110101010011111111110110100011111011011010101000011101100011101111000110001100011000011001101011001111111010101101
1101111011000000101010100000110101111011011010011101110111110001101100101101010001110000000011010011011010100111111011010011000101110110000101110101111101110111111001111001011000000011000011010101001
1001000010011010000010111110100111111011000011110000011111011100000110001101011011011011111010010111001010101101100001010111101100110111110100010101000101010100111100111100001011101001101110010101011
1111101110111111010110101011110111000001110110111110110000000001110000111101010000001110001011010110011010101000111100000011000101100101110001010001101100000001101001100110111000111111000010110001001
1110111111111101110000001001011101111011010110101010111110101111111110010001011111011000100001010010110010001101101111101001011101001100011011110111100001101100001100101100001101110101101110011101101
1000000001011000000110100011011101101011010100000000001111111011011111011101011000001111111101010110011011101001100101111101001101100101110010100101001011000110100110000110111100100001100010110001001
1101010100001011010100111011010101000000000001011111011001000000010001010001011010101100000000000010110010001100110001010101011000110101100110110100011111110011111111110110010101101111101110111101101
1111111111101111111111111011010000011111010111010000001101111101000100000100001111100101110111111000011011100110111100000000001101100100110000110001000000011000111101100011010000000000101010011001101
1010101100000101101011000001011111011111111111111111011000001001101111010110100101110111011100110011110001110000011111111111101100110101100111100111111111011101100000001000000101011110100010111101101
1000001111110101100011101101010111110000101001100000011111101101111000010100110000110010001110111000011011011110110011111000101101100101001101110000011101110111101101101110111101111010111010010000001
1111100001000000111000001000000000111110101100111111010110100111010010111110110110111011011000000011110011001100100110001010001101110101100101010111110000110010111111111110011111110011100010110111111
1001111101011110001101011101101010000000001001101010000010001110000111111111111100011010001111011001100110011110001111101011100101010100101101010000000111110110110000111000110110011001111010000000011
1100000001111000111101110001101010111011101011000011111011101100101100010101111111000011011101111100001111001100100101001111110000000001101001010111111111010100011010101110000011001100110000101111001
1111111100101101110111111111001110111111000001111000000010101111111111000000110111101001011000111111100110011111110001100110111011111011000011000000000101000001110010000000111110011110110111111111111
1000001110000001010011000111111111100000011011001101111000001011010110011110000101111100011110011000001111011000010111110100101111011011011110011111111100010111011111111011101011001100100001010000101
1111101011111101011001110001100000001111010000011001101011101011000011110111110001011110110100111111100110001111010110100110101100001011010111000011100110111110001101100011101011011110101111010111101
1000000000010100011011000100111111111011111011001111000010000011111001100000110100001010000001101010101111011010000010110100100111100000000000011110110000011011011001111010101011011000001110000001101
1111111111010111011011101110101101100000101110011010010111111010101011111010011111101000101101101010101010001011111000110110110000111011111101001010110111111011011100111010101010001111100000101011001
1001010110000000011010101010101000111110001111011011011100011010000000101110111101001011111001001010001011101001100010110010100111100010111111111000000001001011010001100000100000100110001111111111101
1101010100101011001010111010101110001111011000000001110001000000101010000000110101101111011101101011101000000011110111100110110010111010000000111011110111011011010111111110001011111111011011100111101
1000000001101111100000110000101111100000001110111100011101111101111111111110000000000101010101100011001101111010110101001100010110101000110101101010010100010011010010101011011111011010000000110011001
1110111011001000001011111110100000111111011111110101110001100001010101011011101111110100000001110111101111110010110101100111010110000011111111101000111111010110010110101010000101001011011010000111101
1111100001101101111001101010111011111101001000000000011111110101000000001001111111000001010100000110000110011000110101101100010011111000101011000011101011000011010110001011011100011011001111111110001
1000001101111111100011101010101001100001101111011101111110100111011111101101010001101011111111110011110000111010100101000111010111001011101011101111101011111001010010100000000001111001100100011011101
1011101100111010111011000010101100111100000101111100110000101100011111000000000100001111101011000110011110101110110101011101000101100001100001000010101010101100010111111110111111101100110001011011001
1111000111100000000011111010000101101111110000110101100111111001110000011011110111011101000001110011001100101100000000011001110100111100101111011110101000101101110001101100100011000110000111110001011
1101110111001111111010110000110101100101111101100000110110110011000101111111000100010000010100000110011110101111111110111101110101101110001101000010101101101100100111001110101111011111101100011011001
1001111101111000000000011111100000110101011100111101110010011111111101110000011111111111111111110111011010000111010110101001010101101010100101011110001000101101101100011000100110001101001001110011011
1100011100011010101011010101111110110100010110100001000110110101000001011111110000000000110000000000000000110000000100001101000000001010111101010111101110101101000111001110001110111101011011011000001
1001110111011111101010000001010100010111000000001100010010110101111111011011111010101110111010101010110111111111110111011101110111101000011001000011000110100101011100011100111000011000000011001101111
1101000110010101101111011101000001000101110110100111011000010100101011010010001111111100010011111010110111100000000111010101010111111110111100011111110010101100010111000110101101111011111110011000001
1100011111000000111111111101110111110101111100110111001110110110000011011011101101000001000111000010110100001111110100010101000000110100000001111101100110000110110110011100100000110011010111001011111
1001001011011110011010100000000110110101001111111101111100010011101001010001101001111011101101111011110111011000000111000101101101100110110100100001101111011100000111001101101111111000000001101010101
1011100011110100111000110111111100000001100111001000110111010110111101011100001011100011001000001010000100011101110101110101001111110100011101101111000110001101111101011001100111000011111111000000001
1010110110100001101110111111101001111100001101101101100111010110010101010001101010111110011111101011010101110101000000000001101010100001111111101010010010111000011100011101101101110111100101110111111
1110100000001100101010101000001101000001101000001000110101000011010001000101000010110111110101000011111111110001101010101100001010111100000110100011110110111011110110110000100101010110101101100001101
1110001010111101101010000011101111111101111111101110100000011011011101110111101000000011100000010110101000000111111111111111100000110101011100001110100010000011000110111110001101000010000000111011101
1000111111100001101011111110101010100000111010100010111011010000001101110100001011111010111011011110101111110110110101010110110101100101110110111100101110111000011100010011100101101010101010100000101
1010100000001100101011110100001010111011101010111010111111111111100000011111111110000000111011011000000101011100000000000000100111110000110000010110100010001101011001110110110100101110101111111011101
1011111111111110000000010001100000010000000000000000101100110011101111001010110011111110100011011011010000001001010101011110110010100111111111010000001110111111111100110010000001100110111101011010101
1111100000010000110101000111111111000110101010111110000001110110111100011000100110100110110111111111111111100011110111110000110110101110011011011111011000011010100110011000101100001110011001010000001
1000001111011111111111110100000000010010101010100000101101010000110111011110110000110110111110110101000001001110111111000110010110101011010011010101000011001010101111001111101110100011010011011011111
1110101110001011101010111111111111110110101010101111111101011110100101001110111101100100011010000001111100011000101101111111010100101011010111000001101111011010000101101101001011111110000110001001101
1011111011100000000000001010101111000110101111111100011000000110110100011000001101110001110011111101100101111110000001001101010101100011010101111100000001110000111100001101011001011000111111011011001
1001010000001101101010100000000000010010111000000001001111110100000101111111101000011101010110110000110001110111111101101100000000101110010101010001111111111101110111101101001011011011100110001011011
1101011111011111001111110101010110110110111010111111100000000111010000010101001111000000000100000110011101010101111000101111111011101111010001011100111011011001010010101101011010000001101100111010001
1000001000010000011000111111010010100111101111110110111111110001111111000101100110010110110111111111001111010100000010000100000000101011000101010101101001001101000110101001011010111101100110110011011
1101100010111111011101101100010111110011000110000000101100111011101110010001101111010100100011111011101010010111111111110111111110001001101111010000001011011001011110101101010000000111110010110110011
1111110110110011110000000001010011011001110111110110100001100011001011111100000011110111110110000010101011010011000101110111000011101011000110000111111000011101001100101101010111111111011000000011001
1000011111111010111110101101011111011111110101111110001100111001101010101111101110111101100011101000000000000111110000010101111001100001101111101100101101110001011110101101000000001101000011111110011
1110110001000000000000111001011000000001010000011000111001101100100000000110101000011000001110111101111111110010111011000000001101001111100110101101101100111100000010100101010111111101111000011011001
1110111100011010111111111011001111111101011111010011111101100110001011010010001111001110100110110001001000011000001111110111011001100101001100001100101101101001101110110101011100110100111011110001101
1000000001011110110000000010011000000000000000011011000000110111011111111011101011101011101100011111101011011011011110111110001101110101011111101101100101001100101010110100001101100101100000111011001
1011010111110000100101011011011110111011010101000011110101100000010000111000000000000011100110110110001111001110001010000011101101000100001100001101101101101101111010100101111000110101111011101001101
1110011110111010101111010010010000100010011101011010100100111110111010010010111111111000110110010011101100011100101011111010101001110001111111100000100101100101011000110100011101110100110001101101101
1000110000101111111011111110111111101111110001001110001110010111111111000110100000000010100011010110001001011001101000000000101100011101011110111101101100001101010011110001110101010101110111000000001
1101111010001101011010101111101101101000000111011111111111000011010110010011110101011110001001010100100011011111000011111110001110110001001100110100001101111000010111011101010100010101010100011111111
1100110011100000000000101011000001111111010111111011110101111000000000110110011111011000111101010111110110001010011010011000100000011011011001100101111100101101110101010100000001110100000001111101101
1001111010001010101110000000010101010111111101110000000000000011111101111111000000001101100001010100111111101011111111011111110111011011011011110001011001101101000101000111101011000001111111000000101
1101100011101111101000111010111100000000101001011111111111111011100001011011010111111111111101000101100001000001110101010000000110001011010010100111001100101101011101011100101110011011100110011101101
1111111110001111111110100010011111011110101100001101010111000010001011000001111111000000010001110100111101111011010000011111010100100000000110101101101001100100000101010110000011111010110010111111001
1000000000101010110000111011010000010000001111101000000001111010101001111100000001111111011101100101101000000000011111011000010111110111101100101001101100110101110101010110111110110000011000000001101
1011011101101000000101100011111111111101100000000010101011000010101111110111110100000000000000110001001111111011000111011111111111000100001110101011000110000000011100000000110110011101110010111111101
1001111111001101010101111110101000000000110111111011111011111010111000000001100111101111011110111100011000000011110000001010101101111111101010101001101100111111111001111110000011010101010111100110101
1011000000011001011101000000000011101110111111110011011000100010100010111011111111111111110000011111001111111110111111100000000000001010101010001011000110010010110011111111101110010100010000110010001
1001110111010011111101110101010110111111101000000110000010001010111010100001011000000000111101000111100111001000001011111111010110100000001011011001101100110110111000000000111010110101110111111010111
1111000110011110110101000101110100010001000010101100111011011010100010111100001110101110010001110101110101101111101010100111111111111110100001001101000110110100010010111111111010110101010101101010001
1101111111110110000111101111110101011100010111111111110001111111101111111111101011111011011111000000100000100000000000001100101001100000110101011101011100110001000111110010101000000000000000101010111
1000111010110111110111111011011111000001011101011011000111001101111100000000001000110000000000011010001010001011111111100110001100111111111101010100001101110111111101011010101011101101110101101000001
1101100000000000000101010001011011111101010000001011010111101001010111111111101101100111101111001110101111101110000000001100100001101001010001010111011001010100000101010000000000101100110100000010111
1001110101010101010100011101001000000001010110100000010100000011000100000010100000001111111101111111101000001100101111101111111100001101011101010100001011000001111101011011111111111110010101010110001
1100011111111111110111011001101111111011111111111010111111111001110111111000001011011000000000000011001110101111111101000101101111101000000001010111011001011111101101011000000000000010111111010011011
1001001001101010000000001101101010000010000010011011101010011101010110011110111111111111110110111001101111111011010000010000000000001101110100000000001011000001000100011011110111111111111100010110001
1011100011001011110111011000101000110111111011001111100000110000010100110111110100001100000111100011111011011000011011010101111111100001111111011111100001011111011101111000010100000011010111111111011
1110110111100010110100000010001110110101111011101100001110011111010110000000000111101111010101111011011010001111000001111111011011101011001011111111110111011011010101010010110001011000000000000011001
1000100010111000011110111011101000111100000000000111111111000000000100101011010000000000011101000000011011011000011011000011010000111111100000100000000000010000000000000110011011111111110111010110011
1110001000000011011011111111100010100001010101010111100000011101010001111111111111011011111101111101000011010011011111101001000110010101101010001010101011010111111101010010111110110100010101110010111
1111111111010111011010000110001110111111111111110000001011111111111011010110101110001110110001000001111000000111110000001100011111000000001111101010101001110001000111111110000000000001111100111111111
1000000101111101000000110111101111111111101010110101011110100000101011000000000000111100011101111111111010101110100111011110111010010110101110001111101101110111011110101011110101010111101101101101011
1111110101101101111010100001111010000001000000011111110100001110000001111111011011101001000000000000000011101100111111111000100010110100111000101100001100000000000000000001110101111110001100000000001
1000100001101001100011110100000011111101111111011010110111011000110111000000011010000011101111111111011010001110101100000010111011110110111110100110100110101101011110110111011111101100111101110111111
1110111101101101101111011110111000010000001101000010110111111101111101111110110010111110111110000000010010111000001001011011110001000110100000110110110110100111111111111110001011000001101000011110001
1000011000001100111000001100100011000101101001011000110101100001010001000111111011111110110000111101011111100011100011110010000100010011101010110110100010110000000001011010111000011100000011110000111
1111011111100110111110101111111001111111000011111110000101001111000100010000010011000000000101111111111101111111110110111111111101010111111111100011101110110111111100000000001101111101011011011011111
1011010110101100101010100111100011111011111000101111110000011111101110110101000111101110101101100000000000111100010110000000000001011110000000001011100110110000000110110101111000010111111010000000101
1000010110000101101011101100111111000000000010000000000101010000000111111111011110111100111001111101010110000001000010111111010111010011111111101010001100110101011100011111100011000000101000101011101
1111000000110001100001001110100110011111111011101101111111111011011101011011111000000001111101000001010111111101101011110000011111111001011100001011101111100111010110111010110111011011101101111110001
1000011011100100111101100000110100111000110011101001001011111111110000000000000011010101100001111101010101110000111111000101011101101101000111011010000000110011000011110000000001111000000101010100101
1110110011001110000100001110110111101110100110001101100001011001100111111101101011111101110111111101111100000101100001101111010000000000010000011011011010111110011111000110110111101111101111000101111
1111111001111010110001101000000111001000111111111001111100011101001100000000111010001000011111000111101001010101111101001100011010101010110111011010011010000011000000011110010000000001111000011101011
1011000011011000110101001111110101101110100001111111010001001001011111101111111111100010111000010011000011110111010000011111111010111011100111111111011010110110011111000011010111011011011111011100001
1011010110010010110101111101010001000000111101001010011111101101111000111010101101111010110011011000010110100011000110111110000011111111110000110000011010111111000001010111010111111110000110000001011
1001111111010111111111100000011101101010100001101010111000000000101110110000001000000011111111111110111110001111110110001100101110000000000111111111001010000001101011010001010000000100111111011111111
1100101011011111111010111011001000001010001100000000001111010110000000011010100010101111010101110000101011101110110110111111111111111011010000101000011011011011101001010101010101011101101101000000101
1110101010001010110010011111100011111110111110110111101101111110111101000010110111111100000000000101100000001000000111111011100000000011110110100011011010001011001011010111110111000000000000011110001
1000001000100000011011010101111110000000100000110100000000000000111001011011100011110101010110101100111010111010110100000010111011110110100011111010001011101001101001010001100001101011011111111011111
1010101111111110111010000000010000110111110101111110110101101101100011011111001010100001011110101111100010100011100101111000000010000110001001101010101011001101101101010100110101101011000000000001011
1010100011010000000011111111000111111111011111101011110101001100110111110001111110001101111010111000001010111111111111000011011011010111101101000010101110011000101101010111111101101110010101010100001
1111111000000110101010101011101100001000011010000010000111011111111100000100010111101101100000111110101011100000011111010110010011010100000111101010100011001101111101010011001100100111011101110101011
1000000010101111111010100000000111101110110000101000111111111010101001111111000000001101001110100011101011001101000101110110111110010101101100001011101001101100000101011000011111111100001100111111111
1011011010111000000000111011011100000000000101101111101101101000000011111010011011011001011100101000001010011111110000000111100000111111100110101000101011001110111101001101111000000110100110101010101
1011011010001110101010000011111111111110110101001110000001001110111110000000111010011101010001101101101011111010000101011101101011101010001100101101101001101000011111011000000011111100110110000000001
1001110010101000111111101010000110000000010111101000111100011011101100101101100011000111111011101101001001100011010101011000001010000000101001100101101101111101000011111110111000000110010111011111101
1011000110101011110001111110110011101010111111111101110111011011000001101000111110011110101110111111101111111000010101001111101111111101111101101101100100011001011001100000001101011100110011000000101
1001110110101110000100111111111010111110011001010111000000000011101011111101101111011010001110110001111111001111010111111101111100011100001101100101001101111011011011110101011111000110011010011011101
1111111111111111101110001001101010001111011101010010011111111000001001010101100000011011101010100111010001101111110010111001010111010001111111110101101100101111111001100111010001011100110010110000101
1000000011011010111111101100000011011011110101011000111111100010101111000000111011011000000000110101010100000000100110001101000010000100000110000111000110000000110011110110000111011111111011111011111
1111011011011000010100001110101000000010110000001101100000111011111101111101100011001101111110110100000101110110001111100000011000101101101100110110011111011010011001100111010111110000011000101001011
1011111011011110110111101000111111111000011111011001111110000010000000000001101110011111000000000101101111111111011011110101111101101000100110011111000110001110110011110011010000000111010011101100001
1010100000000100000000000010100000000011000000000011011110110110111101111011111111111011111111110000111100000000011010100111101111101010110110111100010010100010111000011011010101111111110111000101111
1000001010110001010110101010101010101001101011010110000000010100100001000011000000000000000000000101100001011010110000001100000000001010010110100001010110110110001101010011010100000001100000010100001
1111111111111111111111111111111111111111111111111111111111111111111111111111111111111111111111111111111111111111111111111111111111111111111111111111111111111111111111111111111111111111111111111111111
