111111111111111111111111111111111111111111111111111111111111111111111111111111111111111111111111111111111111111111111111111111111111111111111111111111111111111111111111111111111111111111111111111111111
100110010001101111010010110101101001100110110000011010110001000101100001011010101001010000110101011000110000101101000110110000000101010110101100110110100100110110101101101101101100000011010110100000001
101111011011000110011010000000101100110110111111011010011101101101111101010010100011011110110101001010100110101100011110110111011100000010100110110010001101100100000101100101000110111110000110001111111
100101011010011100111011101110101001110100101100001000110000101000110000011010101111001100110101011011110100100111001100010100010111101000101100011011011000110110110001110101110110011011110111011100001
101101010011010110110011111000001011000110001111101110011110101011111111010000101010011001100101011000111110110101011110111111000001111101101101110001011011100010010111000101100110110011000011000101111
100000011011010100011000011111100011101111100011000010110000000001101100011110100011001100110101010010100000010100001010011100011111010001100101011101000000111000111101110101001100110111111001010101011
111111011000000111001111000001111010100101101111111010010111111101101111000000001110011001100000010111111101000001011011000111010011011011110101010100010101101110101000100000011110110011010011011101001
100000010011010000011000011101010000110000001101110000111110000000100011010111100010110011110101000001101111110111111000011100000110000000110000000101111111000110101011101111110100110110010111001001011
111111011111111101111110110100011011111111100101011110101000111110101110010100001000110110011111110111001010110110101111010111110111101101111111011100000111110110100010100110110101110011010101101011001
100111010101100000000111100001000001101110001100011100101011110000001011110111111101110110111010100101011000000010101111000011100000111101101100011001011100000010110110001110100000011010010101000000011
110101000001111101111101001011101101101011101101000110001111011101101001110110000000100100110000110101001110110110100001110110101111110000101111011011111111111010110111101010110111111011010101011111111
100000011101010000110101111000111100101000001111110011101110011111000011010111111101101101100110100101011010100000001111010100100110011011101001000000100111010000110010101010010110101011010100000000001
110111010001011011100101011011100001101101100110110110000011010111110111011101100000000101111100110100001011111010111010000110101100110001101100011101101101011110111010000010110100101010000001111111111
111110011100000000110100011110111100101111110000100011011000010000000100011001111110111101001110110111011001100011110010101100000110111011000110111111100001010000100010111110000001101011101111011101011
101000110001101010110001110100101110101010011110001011010011011011010001111011000000101101011010100010011100110111011011101111110010101001101100000010111101011110111000101100110111000010000110000101001
101110011101111110111101010110100000001000110000111001111110011111111100101011111110101100011000111011010110110110011011000011010110100011000110111110101000011000001110000101111111111011101100111101011
101111110111010100011001000110001101100011111011111100110110110100101110100001110100000111001110000000000000110011000001110110000000101111101100111000101110111111100000110000001100001000100110001100001
100011000011010110111101101111111101001110011111100110000000110110001000101111000111101101100111011101111101100111111100110111111110101011000110101110000110101011001110111010111111101110001100100110111
101111111000010100010100000110000001100110110110110000101010010011100010000101110011001101001101111111110000110100110101100000100000000001110000000011101100101011111010001111110011000110100110111110001
100011101111010110110110111100111011110110110100011101111111010111111011110101010110011001101101100111011110100001100000111110110111101011100111101110000110100010111011011101011011010011101110011100111
101001001000010110110110010111111111000110100111000111111101010110011110110101000011001101001101110000011000111100111101101110011110101110110001111011110110101110000011010101010011111001001100110110001
111101101111010010100110110101000101110110001100010010101000010011010100000101101111100000011001011110111110101101101001101011011000000110110111011010010010100011111000000101011001101101101101110110111
110101100000000110110110100101101101100111101110111010100011010110000001110001000101110101001101011010010110101000101011000011001111101110110001011011011000001110100011101100011011001000101100000000001
100100111111010010110110101101101000110011001011101010111010010111110111111100011101011101100000001000110100101101101011110111101010001010011011001010001110101010111010111110110001101010001110111111111
110110101110011000000110101100101110111011100011000000011111000000011110011111011001011111110111101110010110001000000001100011001011101010110000011000101010100010101010011000011011001111101010001110111
100000101010111111010010101110101100000010111001111110110101111011110010110111011101010110100100000000110111101111110111110111101011001010110111111110100011101110000000111110110001100100000000111000001
111110000000110111111010101010101111011000111101110110010100100011011000000101010100010110111111101110110101100101100001100110100001101010100101101010101011000111110111101010011100110110110111101011111
100000110101100001101000000010100011111101100100000110110110111000011110110001010101110110101010111000110101110001001111101100111101100000101101100010111001010010110000000011000101100111100110101000101
111101110111111100001111110110110110110000110111010110110100000011000010100100010000110110101010011110000101010101100110100110101001111101100101101110110011111000110110111111110100110101001100101011101
101111011100011111101111110100110110111101100101110110100111111111010111111111011101100110101011001110110000011100001100110110101101001101001101100111100111110010010110110111100001110101100110001001101
301010001110110111000000000001100110101000110101100110101100101101110110000000000000101110101011011011111011001111100110100110000000011100011000110011001111011111000011100011001111000000101100111011101
100011101010110101111111111101101100101010010000110000000101101100000110111011111010000100100000011011001111011010110010110011111101111001000011111001101010001101011001111011011011111110100101111010101
101010100000000001110111000000001110001111011110111111110100101111110011111111000011110110001010110001100110010000110110100111000001110011111110001011100011011001111100110011000001101110110000100000001
111000110101111011010101111110111011101101000100100111000101101011011001101100011110000011111110111100001111011110100110110001110101011001101100100010101110001100110001111010011101000000011101101111111
100010011111000011010101010110001010101001110110110001010000101011010011000111111000110110110100010101111101000000110110100111100100001100000111110110101010111110111100110000111101111111011001101010101
111011001011101010000101010011101010101011100010100111111110101010011011011110101111110100010101000101011001111110010100110010111111100001011101100000000010011000000110111011100111100110001011101000001
100011100001111011101101011010101010101010111010110101110000000011011011001100101101000111010111010001011011010111000110000110001000111011000001001010101110111111110100101010110110001111100010101011111
111010111100010010000101010000000010100010101010100000011111110110010000011110000001110101010011111101010000010100011111101111101101100001101011011010100110001101100001101000010111101111110110000000001
111110000101011011110101011111111010101010101010110101011100100011011101111011111101000001011010101000011111000111000101000011001000101100111111001111111111011000001100101011110011000110110111011111011
100011110111010000100001010011100000001110000000010111110110110110001101110011011001101100000000001111010101011101110001101111101101111110110101011101100011001011011110000000010110010100100011010011111
110111110010011110111011000110111111100111111101000001100100000011101100000110001101111111111111011000000001011001010111001011000101010000010101010101111011011111110011101111110100111110101111010110101
110110011011011000000001110100011100001100110001110111110111110110001111011111101101010111101101011111111100001100000001100001110101011111010000000000110011001101100111101011100110101100100100010110101
100011000000000011111100100110110101101110011111110011010001100011100101001100000000010100001000010110110001100001111101101111010101011011000101011010100111011000001100001000110010000110001101010010001
101001101011011111111110101100000101000111001010011001010100110110110001101111010101000001101111010110011101001101101001100011000001011011011111111111101101011110100111100010011010111111100101110110111
111101111111111000000100001111010111101100011011001011011110000000111011100001111111111011001110000110111001011111000011001110011101011011001010010101001100010111110001101111110000011111001100100000001
110101001101001011110111100011110110000110110011101000000111011110000000101011101010011111101011110110101111000111111011011011110000000000011000110001101110110001000111001101011011110110011110001011111
100000011001101110100000001010100110101100000110001110101101111000111011111011000010110100100011000000000110011101000011001010111010111111111101111101100010111101110101101100010011100011001100101110001
111111001101000100101111111010110111101001111111101100100101101111100011010001111010110110111011111101111111110101111000011000101110110000001101101001111000011001010001101111011010110110011101111111101
111000011101110101111100000000100011000011011001000111110101100100111001011011011010000100000010100000001100100100101111010010100100110111011000101011001101110011000111000101011010010100111000110010101
101101000000000101010001111110001001101001001101101111000000001101101101010011011011110111111010111101111110110110101010010111110001110111111110000011101101011001110101101100010000110110000010100110101
100001010110110000011011010111011101111101011100000101111111101101100001011011011010100011010010000000001100100000101011010101011100100000101010111110101101000011000101100111011110010110110111110000001
110111010100111011001111000000010000010101010111101100101011000000110100000000011010110110011011111101111110111110000001010101011110001111101000001010101101011111110100110010011011000000010011010110101
111100011111101011101110011010110101000000010011000101100001111101111111111011110000110111011010011000111110110111011101000101000000111101101101111010100001011101100101100110110011110110111110010111111
100101111010000010000000111110100111111011000111110000111101101001001011110000010110000010001011011010101100110011111001110101111110111001100001111000111101000001110000110010110110110111101011010101011
101101000011111111101011110111111110000011101101111101100000101101011000000101011111111011100001011110100110000110101100110000010010001100111011001011101101011111011101100110010110000000101011000000001
101101111011001101111110000000011100111010000000001100111110001101011111101101111010110000110100001100001111110000000110111111011000111101100001011001101000011011010001001111010111010111101010011110101
100111010001100001010011110111000111111111111111100110101011011001001010111000110000011110111111011111100110111101010010100100011101110100111011001011000011111010011101100110000001110100001010111011111
110010011101111100000110011101110100000011111010110110000000011011011010110011111101110100011101000110001100001101111010110110110001000110000001100011110110010010110001110011011111000101111010100001011
100110110000010110101100110001010111101110000000000110101111001011000000111010011001010001110101011111101111011001000010100110011101011110111100110110100011011000111101010110000011110101101000101111001
110100111111010111101110110100000000000000111011010011111011100001110111100000110011011100100000001100101011001111011000110100110100001100011111100110001001011110101101000110111110010000101010000110011
100110100111000101000010011111111111011011101110011001011010001011100001111101100110001110001010100110001001100111111110000110110111100001000111101111111100001100101001110110110111000111100010111100111
110100110101110101111011011000000001111110000111001100010011111010111011000000001111101011101011101111100011001101101111110110110101110111111100100110110101011110101101100110110011101111001111110101101
100001100000000000110000000011111100101111110001111111011011000010100001111110100101000001111110000101111001101101000011000110010000100010110101101110010101110100001101110110100110101101100001100000001
111100111111101110111111111111010110101010111101101101011001111010111011010111110101111101001111110101001101101101111011110011011110101010110101101010110100110111101100100110101100101000001111101011111
100001110101101100000001101100000000001000000001100001011011000000110001010011010000111000011011010101100000001100101001111011011000111000110101101000000110100110001110110010101001101011111010101011111
111101010101111111111101000001111011101111111101111100001011011110110111010111011101101111011010000000111111101110101101010001011110110011110101100011111100110011101000010110001011000001101000101000001
100100000100111011101001110101000010001011100000110111100001110000110110010110010001001011000011111110110110000000000100011100001100011001100001101011000001111001001101000111101011110111001011101111111
110001110101101000001011011111111110100010111110110101110100100110110011000011011101101011101111011010100011010101010101110111011110110011001111001111101111001101100101010010101001010101101000000100001
100101000001001111100001001010110111111000011000000001011110111100100111011110000000100000001010010010101011111111110101100001001100011001011001100110000111011101110101011010101100000000100011011101111
101111011100011001001101011010100000111101000011010100001010011110110110000111101110110111100011011010111000011100100001111100011110111101001100110011101100010100010111110000101101111111101111110101001
111100010001001101111001011010111011101001110111111111100000110100000111010010111010111110111011011000011110110110111100011111011000100100011110010110000111010111000000111110001101100011100000010001011
100001011011100001011100010000000010101011000110101101111110010111110011011000110000011000101011001110110000100000001111000011001110110101111010110011011101010001110111100011101100101110101111110111001
111111111110111100010111011011111000001111111100001000000011000011100111110011111110111110000011101000111110111111100111111011011000110100110010010110011001010111000110110111000001101000000010100011011
101000010100000001000000000010010011100101100001100011111011111010110110111000011000011000111000001110011000111011110001100000001110000101111010110011001100010001101110110101111101101011111110001111001
101110110111110111111011111111011111110101111111110110000000000000000000010011111110111101111101100000111110101000011101110111011111110100101010000110011111010111001000110101000100101000110010111110011
101000100011011100011110000101010110000001001111111100111111101101101101011001011000010101101111111110011010101111010000111101001000100110101010111110111101000011101010010001010001100010000110001011011
100010001000000111010111110100000111010101011001101110100000001001111111000011001110110111001010000011011010101100011110101101101110110110101010011010011001010110001111010111111100001011010000111011001
101111111111101101010010100110110000010100001101100111111110111101000010010111011010110011101011111001000010000111011010100100001100000010101000111000111011110011101100000010100001011111110111110010011
111101010000000000011010110000011010111110101000001101010000100001011000110010001010110110100001111101101000111110011000110111101101011000101010100011100001100110000001111010110111111101111111011010111
100001011111111111010000011011111011110010100010100101011110101101011110111011101010110010111100000101101110001100111110000010100111010010101011101110111011001111011101000000000000101000011001001010011
111100010110010011011110111110010011011011111111110000000011111111110111101011000010011000011111010000001111011110101011101000001111010110001001000000011001101011110111111101111110000011111100011011001
110111000111011000000110110111011110000001011101011111111011100000000001000000011010111110110011011010111000011010101011111110101001110111101100011111111101100001100011000000000111110111011110111011101
100000010000000011110000010010010111111101010101000011000000111111111100010101111000011000110111111110001111011010100000010111101011111101101001011101101101111011111001011101111101111101001100001010101
111010111111101111110111011011010001101001010100011111111101111101101110110101001011110010010010101000111000000000110111000011101000011000000011110100101101000001010011110100101101011101100001111010101
111011101010111100000100000000000100101101010111001100101101100000100000111111100001111110110110101101100011011110111111111000001011111111110110110101100101110111011010100110000000000101110111110000001
101110000000010111110101010101010110000001000101100110000000101110111111101000110100001100110000001101111111011000000101111111101001011000000000000000001101100101010010110010111111111101010000011110111
101111111101000000100101110111111111111100010001101111111110111100001100001110111111011001100111111111000001011111011101000000000011001111101111011101100100110001011010111000001001101001010111110100101
101011011111101010001101111111110001000001110100000010100110110111100111101010101011011100110011101001111101110110001101111101011010011000101001111111111101100100000010101101111011000011000001010110101
101010010110111111101101001101011101110101000111101110110000110101001100000000100000000101100110000011000000110011101101010111111000110010001011110011011001110101110110101001100001101010011111010000001
101011000100000101111101100000010000000101111111001010111101110100011111111110111110110000110110101011011110111010101101010110100010011111100011011001001100010111000000101011001111001111000011010111111
100011010111110000110111111111000111010111111001100000101001100111011111000000101111111101100010111111110000001010001000000110111111001100111001011101011001110111101110000001101101101110011111000011001
110110010010111110000010111111111111111111001011110110101101110100001101111110000011011000111010010110100111100011101111101100010110011001101100010101001100111101111100110111100001000000111101101111101
100011011000001111111010000001111100101001100011011100000001010101011000100000111000001110101010110110101111111010001010100111000011001100001101110101011110011000110111100011001111011010110101100011001
101001111111011011010000111101000110101011111000001101101100000111011110001010011101100010000010010100111100110011100000101111101001011101100000110000010100110011110001111001101011011111100101001111101
111100110001000001011111100000010000101000001101100111111111110110001011111111110111111000111000110001110110000110111110101000111100010111110110000111110110111001011011011011100000000100110100011110001
110110111101111100000001001011111010001111011111110110010110000011100011010100000110000010111110010111100111110010101010001011111111000011010111111100110000101011011011010000101111111101100101110011101
100010100001100001111101111111101111101110011010110111000011111010101110000111011100101010101111000110110100111010000011100001101100011001010011100101111101101001011010011011100000000000110100011001101
111010111100110111100000011000100000000000111010100001110110000000000011110101010001111111101011101100100001101011111011111011001001111101010110001101100000101011010000110000001011011111100110110011101
100010101101111110111110111110111111111110001010111011000111111010110110100101011100111000000000000110110111100000000000100001101111101000010011011001111110101011010110000110111111110110110010011010101
111010101001111010111100001100011100000010100000110001110011011111110110110101001101101111111111101100000000110101111110111011001010101111010110001100110000100001011111110110000101110110011010110000001
100010101100110010100110111110110111111011111101100111000110001101000000000000011111101110000011000111110111111101000000000001101000101010000011100110011110101111001010000011101101000110110000000110101
101000101001111000101100101000010000001001011001101111110111101101101010101111010100101011111011110011010100000111010111111011001110000011110110001111001100100110011011101111111001110000110110111111111
111110101101101110000110101111011111101100001100000000000000000000001011111011010110101011011010100111000101111111111110000001100011101010000011011011011110101111001011000000011011000101111110000000111
100000000000000111110000000000000000001111100001101111011101110111011011010000000010100000000000110001110100101001111011101101111011001000111001011001001100001101101001101111110001011111101000111111101
111101111111110000111110101111101111100000001101100110011001000001110010011111111000111111111110011100010101101101010010001001010001101111110011001101101001011101100011000011011101000000101110111100101
101111111100000110000000111111111010110111011000110011111101110111111111000000101110101000001011010111000100101000011011011101011011111110011011100101000011110100110111111001001101011101101010000110101
100010000001010111111101100000000010100111010010011111000000110111001101111110101100000010100011010110010001101111000001111000001000011011010000110001110110100101100111101011011001001111101010111110101
101000110111110100000001111110111000001101111011111101111101111101100101110000001101010111111000000011011100100111111011100011101011110001011101111100110110110000110011001001011101011011001000001100001
101101100110111110101011011111111101011000101110000001011111101001110101011111100001110011000010111011110001101100110000110110000001111101010000110001100010111101111001100011000101010001100010101001111
111111001100101000101010000000000111001110101100101011000010001100110000000011101011111010011010100000111011001101111101111111111011010100011101111100111010101101001100110111011100000111101111111100001
100010011101100011111111111011110000011000000111111011111011101001100111011000101010011111111110111101101001100001010101011000000001010111010001101110001010001101011001100110010101101101001011011001111
111011110101110111100101001111011111111111011101100001100010001100111111111110111010110101100111100000000011111101010000011111101100000000011011101000111010111100011011110011010000101000011001001100001
100010100000011100110001101100011011000100000001101100111011101101100000100000111110100100110101111111111011000000011011110001111111111111000010101011100010010111011010110111010111111110111100011001111
111000001101001101111100001111000001110111101111111110010010100100111110111110000110110001100000100110100001111111011000110101010000010101111000100000111010110110011000110101010000110110101101111100001
100010101001100000110101101011111101000111000001010011011010110001100000101000110000000111111110110100110100110011011011111101011111000101111110111011101010100010111011100000010111110110000000101001111
101011101111111110000111101010000001110001101111011001000000111100111110101010100110110101010000000001110110000110000001100000011000010101001110101000101010101110101000110101110010100000110111101011001
111111001100100110110011000011111100011100000110001101101010101101101100101110111111110101011111111101100011101111111100111111001111110001011000100011101000100110000011111101010110101111111110101000011
100110011110110011111000011011010111011111101111101000111110101000000110000110111101000001010000010101111110100101011110010011101100111101011110111001001110001110111000001101010000000001010000101011111
110111111010011001011111111000000000010110001010001110010100001111101111110110100101011101011101000000011100001100000000110110101110101001010000011100011011100000001101111000000111010111011011101000001
100011101011011100000000101111111111010011100011011111010111101100001100000011110101110001010111101011000001100111111110010110101000001101011111010101110001101111111111110010101101111111001011001011111
111010000010000001101110101101110100011010111000001010000110001110101111101001100000100100000111001111111011110101010111010100101111100000010101000000011011101010111011000110100000101101011011011000011
100011111011111111001000101000000001000000000010100000110011101011100101111101111110111110101101111000100010110101010011010110001010001111010101111101111010000000001011101111101101101001011010000011001
111001110001110111111110000011010101110110101111111111111000101011101100110101000000011010100000001110111010110101010110000110100011111100000101100101010010111010111001101011111111001101010000110111011
101100000100000101010011111011010101000100111101000000001110001000000101100001111110110011111111011010101110100001010011010011111000110111110101110000011010011111111011001000111011011001010111111110001
100111110110110101011000000001111101010101110101101011101000100011110001001101010110011011010101011010101100111101011011111001010010000001100101011111011010110111101001100011101010001101010000011011011
110010111111100000011110110111000001011101000000111110000011111011111101111101000011010001000001010010000110101000000001101011011111111101110000001100000000000010101101001110100000101000000111110001001
111000011011001101001000110011101101111111111110110011011011000010000001110001011000011101111101011011110000001111111100000001011101110101011111011111011110111110100101101000101111111010110000000111111
100011011010011001100010110110001001000000000000000110001110010110110100000100001101000000000000000000000111101110110101111011010101000100001110000111011110010110110101000010000011010011100101101110111
111110000011011111101010110110101101111101111111110111111000111100011110110101101001101101011110110111111100000000110111100011010101110111101011010100000011110010110101011111010110000111111111111100001
111111011000010000001110010100101111111111010111110011110011100001111011111101001111100111111000100101101111111110100110111001010101100011001000011111011110011010100000001101110100111110111010111001111
100011111101011010111100110111111000000010000000000110000111111101000001101001101000001100001111111101000110111110110110011100010101001011100011001010001011001010110111111000011110001010100000001011001
111010101101111110100001111101011111111010110111110111110100111111110100000011001101011111101011101000010000100000110111000110110000011000110111101011011001101010100000111011111000111000001111100000011
100000100111100111110101100000000010000011111110110001111101100110111110110111111111010000000000000010111110101110100101110000010110111101111101000001001011101010101111101000110010000010101100101101111
111110001110110000110100111010101000101000001010100111011001110100101010111111111010010101011011011111101000111010110101011010111111111000101000011101011011000000100110101011100110101011100001111111101
100011101100111101100111111111111101111010100000001101010011010110000000101011001000111111011001110000000010010000000000001110011011010010001110110001000001101111101110001000001111111111110111100000001
110110001001101000110110101111111111111111111111101000000111010110101111101011101110011010001111000101011111000110111011101100110010010111101011111100011111000011001010111011111011100000110000110111111
100011101011000010011100001010101100101101011000000011110110000011111101101000101011110011111111111111111101101111110010000110011000111101101011010111011010010110011000101000010010110111110110000000001
111011101001111011001111101010100110000000000011010111010011111011011001001010000010000110011000101010110101111111011111110111011110001000101010000011011011011110111011101011110110100000011100101111011
100000000011110011100000000010110010110111011001010110000110101010001101101110101011010000111110101010000101010110001101000000000010101110000011111011011001011010000000000000110100001010111110100001111
111010101001011110110101101000010111111111110011111111110100000000101000101100111000011110101100000011110000000000100000011111111011101011110110110010001101000000101011110101110101111111110011111011101
101110101100001100000111101011000101011100111110101100000001101101100010000001111011110000001111101001110110110111111110111100000001000000000100111011011001011111111001111111010000000001011011011111001
100100101111101111111100001010010001010110000000000001011011000100110110110101000011111111101011101100000100100100000000100001101101101011110110101010010011000011011101000000000110111111010000000101101
110101111000000000001111101111011011000011111111101011110011010110100110111101101110000000000000111111110110101111111011111011001000001010000000000011011000011110000100011111110011110110010111110001101
100001100010101101101010101111110001111011011111111110000110011111110110101100111111111111110110000100000111111011101111011111011010101010101101011000000011000000101101000000011000100011000000111111101
111011101110111111000010111010000111000000000000110100101100111011000100100001110000000001111111110111010100010000001100010101110010101111111001010010101001101111111111010101001110101110010111101000001
100000111111111011101000011011110110011101101110000110111110110000010101101101100111111100001101000000010111000110100111000000000110101100000011011010111100100001001100011111111111100010111100000011111
111111110001101001111111011010000000110001001110110000100000011101010111111000111111101110100000011011011111111111110000011111101100111111101001111111100001110100011111011010011011001110000110111001001
111101011100101011000000000000101011111111101000100110101010111101110110000011111000000000110101011011110000000001011111011000001110100000001011000001001100011111111011111000110001100000111100101111011
100101010110100000011101011101111011000000111110110100111010110001100111110111001111101110100111010001111111111100000000010010100011111111111111110100011101111010101010101011110111101111100110100110001
110101010100001011110001010001100001111011111000011110110010011011110011111101101111111000101111110101011000000101101010110110110110000000000000110111010000000010101010101000000000000000001110101100111
100000000001111111111111111011001011101010101111011011111110110000011110001001101000011110111101111111010011110101001110110100110110101101011110111100010101011000001010101011110110111011011000000001111
110101011101000000011010110001111110000010100000011001011110110101111011101101101111000000110000011010000111110101111000011101100011111111111100101001011101111111100010000000111110011111000011110111001
110111010001111110110000000111100000101000001101011101000000111111000011000001101000011011111101001011101100000001000011011000111111010110110110000011010000000110111000101010011011000101111000110011101
100011110101000000011101101110111111111101100101010000010111101011111011110100001111001110000001100000001001111011111110011111100000000100000000101010010101010010111101101111000011010000001111111110101
101110110111110111001101101000000000000000110111111101110100000000000000000111100000011111111100110101011101100010000000110100001110110001011010101111010101011000000100100101101001110101011111111110001
101000000111111111100001101110101010111010110100001000010101011011111111010100001010110001000001100101111111111111111111110111111110111011001110100110010111001101011101110000111100010111110000110000101
101101111101010000001101101111111111110010100110100011111111111011000100011111101111111101110100110101101011010000000000000000000000100010011000111111110001011001000100011011110111010001100111110111111
111111111000011110101101101001010101011010101110101110001010101011110001111100001000000000000111100101000000011111011111111011011101101010111101100110000111010011011111110000000011010111101110100000001
111010000011010110100111001100000000000011101000111000100000001110111111100001011111101011010110001111111111000000010001000011011101001010000111110111010110010110000000011011010111010000000000001101111
101000101010010111111111101110110111101001101101111010111111101100000000111011011000001010010110111010111111101101010100010110010101111110111111100000010011010110101010111011011101010101010110100111101
101101111111000011010101001011100011001100111001001111100000000111111010001110011101101111111111111010100000001001010110110011010001100000001101001101110110010010101110001011000001010101111100110010001
101101000000011001010000011000001111101101111111100000001111110101001111101100110001101100000000000000001011101011111110110111111100101011111000011101110011110111101100101111110101011101101111111000101
101111111010111100000110111111100110000111000000101011011000000101101101000001110101101111101010101011111110001010000000100110100001111111101110110000010111110111111001101100110101110000000000011011101
101010101111101111101110011000001111010110010110001111111101010000000000010111011101101011111111111111000100111010101111110100001011011000000000111010110110000010111111000001111111111101010111110000111
100000101101100000111100111111011100011111111111111110101101111010101010110110000001101000110101010110010001100011111111000110101011001111011101101011100011011000000111101111101010011001010000110101111
101010000101111010010111100100010111111110101011111010000001001110111110010111011100101110010000000011111111111111011000010100111010011010010001000000110111010010111101100000000000110011010111111100001
111111110000011111000001110111000110110100000000000011111111100000110100110101110001111111000111011000000111000110001111011110100011010000111011010101100001011010000000110101010101100110010000011001011
110110000110110101101011000001010110000101110101011000000000111101100001111100000111111000010111111111010000010011101000000111101010000111100011011100110101001010101110110111110100111100111011011011001
100100101100010101111011111100011111010000110111001111010110011111001100001111110110101110111101110111111101011000000010101100001010111111110110011110110101011010100011100000010111100110110011011001011
110001100111000100011010111101001100010101111100011000011111000000011110111000000110001011110001000001100001011101101110111001101110111100000111010000011101011011101111101011110000001100100111110011011
111101001111110111000000000001100111011100101111011110111101101111011000001101110111101011100100010100111011110101101000001100111110100001010100010110110001010011000000101000111111011110110110110110001
100001101100000000010110110100110011111101100001010000100001001111011110100111111100000010111111111110000010000001001101101110100010110101110101110110011011110111101101111010000001111000100000110111011
111111111111010101010110110101111010100001001100011011101100011000001100101100010001111010101010101000110111010111011001000011111011111101110101111100111110000110000111111110111111101101101101110011001
100000110111111111010110100101101000110101101101011111001110110010111001101101000111100010101010000010111111111100011111010111010001100000011100001101110111010011010001101110011000000100101100011001101
101110100000101000010110110111001010010101001111110000011011111011111100100101110110001000000000111011101011001101010000011100000100001101111101101101100000010110011100000011000011111110101101001101001
111100001110101110110011110011100010110111011000000101010011011011000001111111000100111101010110110010000001100001011010111110101111011001100001100101101110110011010001011011011111100111111111011001101
110110101000000000110110000110001010100100011111101101111000000011010100111010011111110101010100011010101100110101111011100000111000001111111011110101101100011110011011001011010000110101010111001011001
100000111111101101100011101100101010101110110001101001101101110111111101100000110000000111111111010010100110000101101001110110011111111000000000111101111111000111001110011011000110000000010001101011101
110101110111001101111111101001101110101000111101101111000001000011000001110101111110110000001100010110101100111101100011000110110000001111101010000100011000010001011000111011011111111111110100111110101
100101000001101000110000001101100010101101100101111110011111101011110111011111000000111010100001010111111110100001101001110110011010101111001011011110111111011011001101101011000001111101000110011110111
111101101100001010100101101100110111111111110001011011110000101110111111011011111101101011111101010100000011101101101011110111111111101000011001001100100000011001111001000011011111000000010011001010001
110001001101101010110101101101100011011000011101010010111110000010100001000010101111100010000001011110101000000101001010000101000000000010110011101101110110111100101101011011001011011101111001100000111
100111011001001010110101101100110110001111000000011000011010101010001100011000000010111111111011011000111101110111111111111100010111110110011001100111000010100110001101010001100000000101101011110101111
101100010011101010011101000110111111100001111101001111010000111111111111111111111010111101000010011011110111110110110101111110111100000010110011001111110111110100100101011011001011101100001110111100101
111111111011111011110001101111101101110111010111011000000110001110100011100000000000000000011011011110000000000110000001000000011110101010011001100101110001100101111111011001101000111110100000011110001
100000000001100000010101100110000000000010000010000010101111111010111000001010111101010101011001110000111010110011111100010101110000111010111100110001010100110000110001111111001010011111101101110010101
111101011101110101011101001100110111111000101000101110100110000000000010101011100001010101001101111011111111111110000001011111011110011010011001100101000110011010000111101111101011001100101100000111111
101101111111010111110001100110100100000011111101101000101111110101111110101010001111011101111101011111101101000000101101011010000000111111001100110111010110110010101100101000001001100101111001110001111
100001100000000010011101001111101110101111010001001111111110111111110000111111111100001111000001000000000001111110101111111011101010001100011001100011110110111110111110000010101111110000001111111100101
111011001101111000110111100110001000101000000111011000000100101010000110001100000001111011110101011010110100110000101000000000001110101110111101110110000110100000000110110111100000111011111110001110001
100011101111100011100011001111101111101101101100010011110110000000110111111101111111110000000111111110100110000101101111010110111110101000000101000110110011110101011110110001101101100000100000100110111
101010001011001000001111101101111000001001101101011110000000111111100000110111111010000111110001100000111111010111111011111111110000101101011111010110011000011101001011111011000111111010001011110010001
111010111000011101111001101001000011101011001111110000101010110000001101100110000000111100000111001010100001010100010000000001011101111001000011011110111101111001100011100001101110000011011000011011111
111111111101001100001100111100010111001111111010111110101010100110101100110111111010110001110001111011101100011101000111111100000000001101010110011100001101000011101110110101100011110110001011001000101
100100000001011110111001110110110100011000000000000000101011110111111111110000000010100111000111000001111111111111111110110101110101011111010011000110101001111011000000011101101110000011101111111111101
110001111011010110001100000000011101001101011011111101101010011101001100000101010111111111110111010101010100000010000000000001000101000110010110010010101011100001101011000111000111101011000101110101101
100101000010000110100110111101110001100111010001110001001111000000011001011111110011000000100001111101000001101000110110101101101101101111010011110111101110001011001010010110010001101011010000000001101
101111101011010010101110110001000101110100010111000111111111111111011111111010000111111010001100011001101101001111111110111101101101000011010110000101111000101001101010110111011011001001111010110100001
101010111111010111100011111111101111011111111111010110111010110000010110101000101101111111011101001101101101101000000000100000111001101011010110110000001010101101101011100011010011011011100011111101111
101000000000010110001000110000001000000000000000010100000000000101000000000010101100000000000101011001001001101101011010110110001101101011010100011010101010101001001000110110010110011000101000000100001
111111111111111111111111111111111111111111111111111111111111111111111111111111111111111111111111111111111111111111111111111111111111111111111111111111111111111111111111111111111111111111111111111121111
