1111111111111111111111111111111111111111111111111111111111111111111111111111111111111111111111111111111111111111111111111111111111111111111111111111111111111111111111111111111111111111111111111111111111
1000110110101100000110100110110011011000101101101000101001100110101101010010110101010100010011010111101011000000001011001100010110100000110110100010100011010101000011010111101000110010001010000000010001
1110000110100001101100001110010110011101100101101110101101001110000101011000000000010101110110000011000001101110100001101101000110001111100010001110111011010101011110010011001011100110111010111111010111
1011101110111101111111011011010100110101101100100110101001011011101101011111110111110000000011101001101111111111111011101111011111011100110110111100101011010001001111010111101001110110101000011111110001
1011001100010101011000001011000110110101001101101100100011011010001100001101110011010111111110111101001011011001010000100110011011011001100010110110100000000101011010010101101100110100100011000000100111
1011101111010101001111101011101100010101101000101110101110011000100101111000000110010100000110110100011010001101011011101100111011000011110110000010111101111111011000110001101101100001101111111111101101
1000000110000001100011000001101111010101101011100100100011011111110000101111010011000001110110100111001011101101011010100110110001011110000010111110110100011010000010110111101101101111100010111101101101
1111101111011100001111101111000110010001101000110110101110001101011011100101111011011111010100101111011011000100011010001100011011001011111000101100100101110011101111110101001100000000001000000001101101
1000001101111111101011000001010011011101001011110100001000111000000010110101101010001001011110101101011001110001111000111110110011011010100011100001101100111010100101010101011001101011101010111111001101
1010100101100000001010011011111011011001101001100111011011100011110110110000001000111011001100101101010011000111101110101100000111001000001011001111001101100010101101010001000011111111111010110101100001
1111110000111111101011001110000001011011101100110110001000110110110110010111101011100001011110100000011001110010101100100111110001100011111110011001011000101010101100000111011110001100001111110000110111
1000000110011101100011011111011100001010100001100011011011111100000110111110001010111101000100111111010011010110000110101100010111111010111000111011001101111010101111011101011000111001111101010111100011
1110101111000000111011001011110111101010101111101110011000000111110010101011101000010100010101101001011010000000111100000111000001101000001110101011011000110010000101001000001101101101100000000010111001
1000101011110110000011011001100011000000001100101100110011111100000110001001101101110110111100101101001011111101100111011100011111000011011100001011001101110110111101100010111101101000111111011110100011
1111111001111111111011011011101001111101111110100001110110000111110011100011101000110100011001100101101010001000110000000111010001110111110101111010011000000110010101001111110100100011101110010110111001
1101010011011101111000011010111100111000101110111101100000111101010110111001001011110101111100101101100011101101111110101110000111010100110101010011001011111110110000011111100101101111101011000000101011
1000011010000000001110110000110110101101100100110001101111111000010110011101100001100000100110101101101110000001001100111011010011010101100100010111011000111010100101000010110000100110101010010110101011
1111000000111111101000111110100110100001101101111011000001101101000011010001001111111011101100101101000011111101011001110001110111010100110110110110001011100000001111101000110111101100100000110011100001
1011110111101010000010011000101100111011000000101010011101000111110110011101101100110001100110001001011011000100001011011101100101010001100110010011100001101110111010111111100000000110110111111001110101
1000011111000011010111001110100110110000011011101010111101110010100010110001100110100111110100101011001111110111011011010100110001010111110100110110101111000011111010110100110111110100010111011111000101
1110111001111001111100011010101100011011111110101010110111110110111000011101110000110110110101111001100110100011011011010001100111010110110110110100000011011111101010000001100110111111010000000110010111
1010010011000011100001000000001101110000000110101010100011000000011110111000111011110110010001010011001110111011001010011011001101010010110110010101111111000010101000111111110110101001000111111100111111
1011011011111011001101101111100101011101111100101010001111110111110110010011101001100011010111000111101010001011011011010011011001010110000100110000000010011110001011101110100010101101110000000110101101
1000001010111011111111111111110000000001101101100000111001010110100111011011000011001110000001101100001011100011001011010111001101010011110101100111111110111010111011101010111010101100110111111100000001
1101100010101000001010011000000110111100101100111101101101000110110000000001111011011011110111000111100011001001101001010101011001010110110101101101101100101010100000101000110010101001100011011001111111
1111111000101101111011000010111100110001101101101100001101011110011111111011010011000001100000011100111011101100001011000100011011010110110100000000100110100010001111101011111000001011111001001100110101
1000000010000000110001101111111111111100000101001101111001011011011011000011000110011111111011111001101001111111100001110101111000000000110001010101101100101000111011001010101110111001011011011001110101
1011110110110110000111111100000100000001111101011001101100011000011001111011110111001010101000101011001101001011001111010001101110111110110111111111100001101111100001101000100110101011000001011011010001
1010111111111111110101010111110111111101111001001100101111011111001011110001000011101010000011101001101000011001100110011100000110110111110110101010001101100101111101101011101110101001011011001001000111
1110001001011010000001010110000010000001001101101110000010010011100001011101111000000000111110001100101101111101110010111001101100110101100000001010111111110000110100101010001100100011110001011011011111
1111101100011011111100000011111011111100011001101000111110110110110100000000001011110110010011011001101000111100111010110011111110100000001111111010001011000110110101101010111110110110100100000000001101
1011000001111011001101111111000010101001111101101011101100010100011111111111101111100011110111001100001110011001101010011010010100001111100000111000111001101111110101101000001100110010001110110101101101
1000011100000010011001011100011000001011101000000011000111000111011011100000000110110111010001011001011000110011100000110010110110111011001101101101101011000101100000000010111001111000100011110100111001
1111111001011010111100010111111111100000001111101111101110011100011010111011110110000101010111010011111101100110110101111010010100000001111111000100101001110001111011111110001101101011101000010110100011
1000101111110010101101110101101110001101111000000011001100110110110010111011100011110101010101011001100000110100111100110011010101111100011011101101101011010111010000011011111001100010111101110111111001
1110001010111010101001010100101000101001101111101111100110100110011000101110101011000100010001011011111101100001101101111010000000000111000001101000101010000101000101000001101011111010010111111101100011
1010100010101010101101010110000010101100100101001010101100001100111110001100111011110101010111001000110101110111000000110011110111111111011111000011101000101101011111011101101011011010110110011100110111
1011111000000000100101000011111111111110101101101000000110111110101100111110110001100101110011101011100000110001111011110110100001001101111101101001101101111100001011110111100011011010000010110101100001
1011011110111110110001011110110011111000001001101111101100110100000110011010111101110100100110001000101011111011001011100110110111011000110000111101101100010111011001100011001010001010101000010101101111
1001001111100000000100011010110110100010100011101010000001110110111111011010101000110110001100101011111010101001100010110010100000000011100111110100101101110101000011101111011111100000111101010000101101
1100011001111101011110111010100010111111111000101011101111000100011010010010101101100100111111101000110010101011111010111010101111011110001101100101100101010100010110101100010110001011110111011011100101
1001001101000111111010101010111010011111011010001011001101110001011011011000001000110101111011101011111010000000011010011010000111111000101100110000110101010001111100000111010000111000000011111001110001
1111100001101100110000000010101000110010001111101011100000010111110011001111100011100101001010100000110010101101110011010000110000110011111110011101100100000111101001101100000110001101111110110011000111
1111111011000110000101101000000010011011011110101001101111110010111011011001111010110001011010111011111000111111011011011011111010000110011010110000110101110110001101111001011110100100001010100110010111
1001011011110111011111111011101011000000011000001011000111010110011011001100010000011100001010110011111110011010001001010000001010110110111000100101110000011100111000011101000011101101111010110011011101
1101000000110011111111111111111011101011001111011011101101010100110000011001011101110001111000111010110110110011101101011010111111111110001110111100011101111101110011110111011111111111101000011000000001
1000010110100110110101101100001110001111100011011010001001010101111111011011011001111100101011100000110100011011000101011011110001101011011100011001111001010101011011010110000000110110101101111011010111
1101011110001100110001101111011111111110101000010011100011000000010100001111001100001110100000111101100101111011110101010001100111101011000110110011010011010101011010000011011111110110101000010001111111
1111111000100101111101000011011001010010111101000110001111011111010111100110011001101000110111110000110101101010010101000100110011001011011100111011011001000000000010111110000001010110001101110111111101
1010101111110101010101111011001101011010110111101111100101011101110000001111001100111110010111010110010100100010110101101111100111100001001101100000001101011110101000110100111100000011101100110101010101
1000000111010101010001100000011001010000000110001010001101000000011110100001101110011011010001011111010110110110110001000010110001101111011001111011111000010111111111100101111111111110100110010101000001
1101010101000101011101110101001101011101010011101011100000011111001111101111001011011010000111001010000110100000011100011110010111001101001100110001001101110001010100110101000000100010101100110100011111
1111110001110101010100111111100001001111111000000000001010110101111001101101101010000000101101011011010010101111110101111010110001011001100001111011011001010111000101110000010111101110101001100001011101
1000000100000000010110011010111101101011001111011111101111110101101100001101001010111101111100010011110110001010110000110000000111001011101111100011010011010000010001011011111100100010101101101111110001
1111111111111111010100111000000000000001101111111111000101100100000111101001101011100000111001110110100111101000111011111011101101101010100000101011000111010111111111010010001101101110000000100000110111
1100111000000000000110001111110101101100101000000001011101101101111110000011000000111110101101010000110011001010101011101010111101101010101101111011011110000001110010011010111000000010101110001111100001
1001101111110111110000111001111101111110100011111100000101000100011011111011111011100000101100010111100111100010100000101010011000001010100101010011011010111111011010110000011011111111101010101110111011
1101100111100100011110011101011111010100101111111111010000010101111010011001101010111110001101110110110011001111111011100000110011111000101111011011011010010000001010011011111000011011000011100000010001
1001110100001111000011010101010010000110111100000111111101110000110011001101101010011011101000110010100111100001101000111011111010101110001010011010000010110111111010110010101011110011011111101111110111
1101010111111011111010010101011010110100110001101100101101011110011000011000001000110010101101100110110010110111101011110000110000001110111000110011110110000011010000010110000011000111000000111001100001
1001010110011010101010110000011011100110111111101110000001000111111011001111101010011000100000110010110110000010100001100111111011111000001101111011100000111110000111110100111110011101011011110011101111
1100000011000000000000011010111001110000101011001011111011010101101110011110101110111110111010111000010111101000101011110000101011011101111101101010110101100000111101110001110011000000001111011000100001
1111011001111101101011001011100011011110101001101011000011011101000110110010000100110000111110101011010101111101111011011011101001010100110100101010100111001011100101000111010110010101100101010010001111
1011111101101001101001100001110110011100001101000001111011011001011110011000110101111010001100101001110100011000110001010001101011000110110101101010110011011110101100010000000000110101101100010111100001
1001100101101101111101001100110100110111101000011100110011001100011011001101100101001111101110000011100001111110011011011101101011011100110000100000111001000100000101111010101101111111000001000101111111
1011110101000111000001100110010001100111101101111101111011011101110001101111110001011100101011111010101111001100111011011000101000000110011110001011101011011101110000101111111111101011010101110000011111
1010100101110011111101101111000100110000001111100100101000011000011011000011000101010110101010110010000111011110110000001011100011111111011011011110101011001000010101100101010110100001110100010111000001
1000110100111001010111111011011101111101100010110110001111000011111011110111111101010000101000011000111101010100111011100001101111001011010000010110000010011011111111110000000000001011000101010001010111
1110100101101100000110111001110000011111111000010011101100011111000001100110110000011110101101111110000001010110000011111111000101011001011011000000111110111000000111011011111111111111110101111111110001
1010101101100111110110100011111110110011011111000110100111011101101011110110111101110000000100011010111111010011111000111101101101011100011111011110111100000010111101011000010101010101100111100011110101
1000000000110100000000111001011000010110001100010000101100000001111001100100000101110111110001110010110101010110110011100001100101001111001110000111100110101110000000011011110000000000101110101001011111
1010101101100001011011101100001110110011100001011110001111011101010011110111110001011101011011011010110101000110100110101111101100011011011010111100110000100110110101111001100111111111111010101111001011
1111111100110101010011001111100000011010101011110000100011001111011001100001011100001001011011001010000001011100110110000110101101111001011010000101100111110011111111100011101100010101011010100111011001
1101010110111111111001101010110101000010111111111111111011011011011100111100010110101100010001100000110111010110000110111100101100101100011000111100110101011111101000111010100001110100011000001101001101
1001010000001001101011001000110101101000001111010101011010011011010110000111010111101111011011110110011110000011101100000110000001101001111110110101100000001010101011101010101111000001110011111101100101
1101011111011011000011100010011111111111011010000000000000110001010011101100010101000110011000011110110010111111000110111111101111101101010100110101101110100010000001101010000111110111011001000000110101
1000011010000001111010111011000111011011010010101011111101100111000110001101010101101111010011111010011010111001110000001100101110101000000110110101101111110110111111000000101101010110001100011101100101
1111010011110111000010111111101100000011010110101011000000110011110111101111010000001011011001010000111000001011011011111110100010101011111100000000000011010110000001011111111001010110111001000111101101
1101011011000011111000001110000111111011010111111111101110110110000011000110000101100011001011011101101011111011010001101100101110000001000111011111111000011110111111000000011011000000010011111110001101
1000000001111010101011111011010100010010000011011101111100110011101001011111111101111001100011001001000001010000010111100110001011011111011110000000011101001100000010011111111011011111110110101011101101
1111110111101010000001011011110111011011110110001000110110110110111101001100111000111011111011101101011011010111110110110011101011001011001100101111000101100110110110110011010011011001100110001010001101
1000010011001011111011011001100100000001100011101101100010110000011001011110101111101010100001101101111011000100010110011001000001100001101001100001101111111100011100011000000111010011110010111010111101
1111010111101010101011001100110001011011110110001101111000110111111101000110000010100000110101001100110010010001110011011100011011001011000011101011100011011001001001011011111101000110110110101000111001
1001000110000000100001011101111101010001000000111001001110000100101100011111111010001010111101011110011000111111000110010111011110011111110110111110111110010011100011110000001100011100110010001011101011
1100011111011110111100010100011101111100011110001101101111110101101001111000110011111110011000001010110011101110011111000110001100110110000110111110111011000111110110111011111101110101111000100000101001
1111010011110100000110110111010101001111110000111001000000000001101100101110111010110110111111101010110110000010111010011110100110010111010010101010101001011101100010101000010101100000110010111111101011
1010000110100001110110000110000111100010111110001101111111101101001001100110101010100000011010101000110100101110110011001011110110110101111010101010101011011101001110101011110100001111110111111000000001
1011110110101101000000111111110110111000000000100000011001111101101100001100101010111110110000001110000001111010010111101011000010010100101010000000001010000101101100000011100101111100000011001111011011
1000000010111101111010010110100000001111110111110101001101011000001101111110000000110000011111101110111111011011000011000001111010110101100000111101011010111101111001111110110101110001111000011010001001
1011101000010111100011000110110111111010111111011111101000011111101000001011101101111111001111001000101110011010011110010111010000000000111011101111111000000000011100111000110101010111011101011000111101
1010001101000010111111110110000000110000001101011001101111010110000011111000111101011011011001101110100010110011010100111110011101101011110000000110100011011111110110001011100101010000000111111010010111
1011011111111010110110110100111111111111100000000011000000000011111011011110110101000000001101100100001000011001000110101010111000111111100111111110101111111011010110111010001101000111111110101110110111
1111110000000000000000000001111011010000001010101001111111111010000001001100100001111101111100110101111101011101011100101000110011111000110000011010000110101010000000000000111001010100011100101100000001
1110111101110111111111111011100010011111011111111101111001100000101100011110111011100000010110000100000111110101010110101011100111001101110110111000111110101000111111010110101100010001000001100110111111
1000010111100100000010110010110110110101111001000000001100101011111111011010011010111010110100110101111110000101010000000011001100011001010111101010010100101010000011010010000001111011111101001100101001
1111000010110111111000100110000010110001101101111111101110111110011010001010110010011110010111110000010011110101010110111111101111001011010101101011110110101011111001010110110100001110111111011110101011
1000011000011110101110110110111010111100101001100010000000010111001011100010110110110100110011000101110110100000000010001101000110011011000001000001100110100000111111010011100101100000000110010100100001
1110111110110010000100000011100010011110001100111011101111000000011001111010100110110110011001110111100110111101111111101001101100111011111011011111101110101111100011111000110111110110101100110110101111
1111101010111011110001011001111010110111100110101010111000011011001100110010101100000111001101010010110010110001110011111011000110101000110000001000000000000000001001111111100000111100101110110100000001
1011100000011011000111111100011000010101110110000000111010110001100110111010101101110100011000000110011010011100010110011001110000001011100111111011111110101101111111010110110110001111111000000101111111
1000111110110000011110110101111011110001000011111010001111100101110010101010100111110111001111101110111000110101110010111011000111111000001111010000000010101100001101000000111100111011011111110000000001
1011100100011110110000000001100001011101111000011111011101001111011010101010101110010001011001001100001101110001000110110011110111001011111000000111111111111110111000010110000110001010001110000110111011
1000110110110111111111111101110111010100101011110101010101111010010000000010101011011100011101100110111100100111010010100110010000011011100010110010101101000110000010111111010011100010111011101100001111
1010010100100011010100000000010011010001100001010100010001010011011111111010101011011111010001110110011001101100011000001111010111111000101111111000000100011100110111101101111110001110110001101110100101
1111000110110110000101111101000111011101111011010111000100011010000010111000000011010100010111010110110011101101111110111010010101110011101101010011111101111111111100000000101111111110011101000011111101
1001110000000100111111111111110101011001011011010101101111010011111000101111111000000111010110000100000110001000000110011011000000011011000000011000011101010101000111011011101011001010110100011111010001
1100000101110110100110000000000000001100010011000101111010011000000010001101101111101100010011110101010110101011111111110000011110110001011111111011010000000000011101001111100001011000100001000000000101
1110110111000000001111111111111011100101000111110000011011011010101111011101101010100111010110000101111111100011111100011111000011110111000011101111000110101111001100011100001111001110101111111110101101
1011111100011111101010110100001111110001110101100101110001001111111000000100000000110100000011010000110011001110000001111001011111010000011110101101101111100011100001000001111011011000000000000010101101
1011011111111001000000000111011000011101000000001111111101011110011111110111101010000110111111111011111001011000111111101101000000011011111010100000100011111000110101011111000001011011110111111111111001
1000010101101101111110110010011111001111101111100011000100010011001100000001111111110110101100110000011101001011101101001100011111110001100000001101111110001010011101001101101111011000110000010101011101
1101000000000000111011111011010101101010001110110111110111010110011111110100110101100000100001100101110000011010100101011101110101100100001110100100110000111111001111111101100110001011111011110000001111
1001010101011010000000000000010100000000111000000010110110000011001101011110100100111110101111001111011111011000001100010101010100001101111011111110010111110101111011000000101111101011101011010110100001
1111111111110011011111010101000001010101111111110110010011111011101101001000110101100000001010011111010110011011111111010100000001111111010001011011000000000000101011111110100011001000001111010010101111
1110110000000110010000011111110111010111001100000110110110000000000101101110000101001111100011010101010011000001111110010101111111001010000100000011110101111011101001101000001111100010111000000110111111
1010000101101111011111010000000110010110011111110110100011110111110101100111110001101000001110000101010111110111001100110100000011011010101101111110111111101111101011001101111011001111101101101111111001
1010101111111101111111111010110111010011001011100000110110111111000001110101111101111011101100111101010101000100011110100001111111010000111100000000000000000100001001101100001011100101000000100011001101
1011111010110100000000000010100001111110011010111110100000011101011100110101010001011110100110110000000001101101110000101011011000000111110110111110111111111101111011100001111010101100011101111111011001
1001010000000001111111010111111111101011000000111000101101110101111110100101010100001100001100011110111111101000111110001011001101110000000010000010000000000000111010101100000010100110111111010101011011
1101011111110111100011111100000000001001110110101110111100110101100000110101011101111110100111010100101011001011100111011111100101111110101110101111011110110101100000001101010110101110110110000000001001
1000001101011110111000101111010101101100111100000000010001100000111110000000011000010111110010010110101001100001101101000101110000000111100011100001111010111111101011100111111110100000000000111111111011
1110100000011010111110000000010111000110001110111011011100111110000111111110110010110100111010110010101101101111000000010000000111010000101001101111101011101100111011111110011100101111101110000000110001
1000111111010000000000101010111111101111100000110011010110000000110100000000011010000101100000010110100101101010011010111011010011010101111100111001000001100110010000010100110110100000111111110110011101
1111110110000111011010101011101000000101110110100110000000101011100111101101011011110100111110110010001101101000110010001110010111111111111111111101011111101111010111110101100110001111111001111111111001
1011000100110100010010111111000011110000000100111111010110111111110001111111001010000101101100111000111000100010110110100011010000000010101010100100000111000101010000110101101110111011101011011101101101
1001110110111101110110110110010111111010110111111000010111100000000100110100011111110101000110101011101110101110010010101001010111110110101010001101101101101100010101110100001010000000001001010100101001
1011000000001100011100100000111100000010010100001111011101110101010110000001010110100001110000001000101010000011111111111011110000111110000010111001111001101110110111010101111010101101111011000101101101
1000011010101101111111111111100001101111111111100000001100100111110111011111000000001100111111101011101010111111100100111001111111101011101110101100010011001010010011010001110000111111010011011101000101
1010111110101111000011011111111100111101101010001101011110001110111100010000011011011110000000000001000000000000001101101111011111001000000010100101110111101010110110000111011011110000000110001101101101
1010110100100111111000000000110001111000000000101111110110111000011111111110110001111000101111111100011111111111111001100110000000011011101000001100010011000000000010111101000000000101110011011000101101
1010100001110101101111111110011111101111011010111010110100011101000000000000011011001111111111000001111111101010101101110000111111111001111101111101000110011011111110011101011010101111011111001010000001
1010111011111101101100010100110000000000011010100000000001010001101110110111010011101111010000010101110000000000000101000110011000101011001111110101111110111111010000110101001010100010001101100011101011
1111111110101000000111010101111011111111001010111110101011111111111100110100011110100000011111111100000111101110101100011111011011100000011010010000101100010101010111110100011111111110111100101111111001
1000000000000010101100000000011111100000011011100000111010100000010101111110110000001111010101101001111111000111111101111011111000001101001010110111100111000100000000000001000001010100010110101100011011
1101011111011010100001010111000100001101001011001101100010110111000000101011111111111000000000000011111101110001011001110010110010100111111010110010110101011101111111111111011111000001000110101001110001
1111111011111010110111010111110110111101101011111100111110111110010101100011011111011101011010101000000000011111001100010110000111110001110000010110000000001000000101011111110011011111111100100011011111
1001101001101111111111111100000000110001111110000001111000101011010101111000000000000001010011111011010111111101011001110010110111111111011011110000110101100011010000000000011000000001100110001011000101
1011000011000001100001111110111010011011000111111111101110000000011111010010101111111111111111000011010000000000001101011000010010101011011010110111111111110111111101101011111011111111110000101000011101
1001111011111100111101010111110010111111110101000000001000101011110000000111111000000010101000011011110111111111111000011011111000000000000000110101000000010001100101101000110000010101100101101010110101
1100000000110101101000000101000110011001010001111111101111101000111111010100111111111010101101011000110000000111000011000000101010110110111010000000010101010100001111001110000101000000101111101010000001
1111011110100001101111010000010111111100011100010000000011111111101010011101101000000000100001110010011101010000010111101010001010111100011110101010110111010101011001100110110111101010001010111111101011
1000010000001101100010010101111101101111010111011111110110110100000000110000000011110110001011000111001101111011010101111010111111101111110111111010111111111101000011001100010001101010101000010000111001
1110111010101000111000110101100000000001000101001000000000000111111111111110101010000100101011010110011000001001110000001010010101001011100101011110011000001101101111111110111111001010100011000110001111
1000100010101110000010110111111111111101110101101111111011101100000001011000111111110110111001010011011110111111111111111110110100011000101101000011000010101111100000110110000001101010101001111111100001
1010101111111110111111100100000111000001010001100110111110101111111101001111110101110100100011111010001010000011011011101111110101111101101000011001101111100000101010000010110100101110111100000000101111
1010111101011000110001001110110000010100000100110000000100100110000000011110000000000111110110000010100010111110000000000011010100011000000010111111111111110111111111010110111111111110110001111101100001
1111111000000010010100011100011010111110110110000111010110101111101111011011110111011100000011111010101010000000101010101000000001111101111110000011011010111110110111110110011011111011110100001111110101
1000000011111011011110110111011111101000100111110011110000001100111100000010000111000111010110000010111010110101111110101010101101110000010111011110011010011010000010111111000000101011011101101010010101
1111111110000001111010100011110000001111111101100110000101100001110111111000101101011100010100111010001010110100000111101010101100000101000011110011000010111000101000011011010110000001011000111000110101
1000010000101011000000111010111111100000000000111111110111111100100000000010111000000111110110100011011010111101110000101110111101101101101110100110011000000010111101000001111100110100001010011011111111
1111011101101001101110111010100000001011101110000011000111010110001010111011100011010110000011110110001110011000011110111000111001100101100000001110111101010111110111010111101111100101101011000001011011
1000000001001101100011100000111111111111000011011001111101000100101111100011111011010011010110010111011111111111111111111110101111110100110101111010000111111100000111111101000000110101001011101011000003
1010101011011111001111111010000000000100010110001100000000010001111101111110111011011010010011000011000000000000000000001100000110110101100100000000110000011101111100101100010110011111011000101000011111
1010101001110111111110100011011011010001010100111110111101010100110000001000000001010010110111101010011011111011011110101001010000010100110110111101111111110000010110000101111111111011001101101011000001
1010101011110101011000101001010011111011111111101010111111011101111010100010110101111010010100111110110000001011000011111111010111110101100010000100001101110111000000111101011101100001011000101011101011
1010111111000001001110111011111110000001101101000000100000010001000011111010110101000010111110000000011011011111101011011000010000010100110110111111100000000111101110000000000000001111011010101010001001
1010100101111101011010111110011111111011000000011010110101010101010110000010100111010110011111011101011011010001111000011010110101111101100110000011111101010000111000101010111111100001001011111111101101
1111110000000000000000100100110011110010011101011011111101011101110111110110110011010011110101110001110011010100110011111111100100001101111100111000001101011111111110101010000001111111111111010101100111
1111111111111010101110110110111010000110111001001110001111000111100100000110110110011011000000100100011011000101100111110100110101011111011110001110100111000000101100111011011111011010101100000100101111
1010100000000010111000000000100011111100110011011111101000011111001111110010110110110011010110001101011011010111110000010101110101000000010010101111110001011101101111111110000100000000000001111101111001
1000110101011011111111101110111010111101111011111010001111111101100111000111100111111011111111011101011001010000010101000101011111101101000111100000111011001100000100000010110001111111111011011101011101
1110000111111011101110001000100000000111001110100011100010110101111101010000110001010010100010000101001101110110110101010000001001100101010101001010011001111110110001101011100100011000011111010100001001
1000101100101110101011111110001101010111101110111001101000000000010000011010111111011110101000101101011100110010011111011010100011001101010001101111001100000010011011111011110101000011110101010001011011
1111111110000110100010110100100111110101001010101100001010110111000110110010000111000000001010100111000101110111111011001010111011100111111011100001101101101011001000011110010111010110000001010111110001
1111011011010000111010000001101100100001100000000001101010100100010110100110110100011101111110110011011101100000000011111010001001110000110000110111001101101110011011000110111111111100111111000100110111
1000000001110110000000110101111110001100001011101101101011110110110110101100010111111111011000110111000100110111111000001110101100111010011011110111111000100011001001010000101101111110101011110001100001
1101011101100011011010100111010011101110101110001001101000111110011100100110110110100010000011110001010111110000001101111110111111100010111111000001001101101111101011111010000000010100001001100100101111
1001010001001111110011111111010111001000111111101101001101100000111001101100111100001000101011000101110011000110101100111010000110111010000110010111011100100000101000011011101011000001111011001110000001
1011111100011010100110000000000000011101100011000101101111001101100011001001100001101010101011011100111001110010101110000010110010101111110011010000000101101110101111011001101011101100000000011011101111
1110101001010000001111011111110110110111111010010111101011111111110111101100110101111011101010000110001101011010100010101010011000000011111111110111101100100010100001111100111001101101011011010000100001
1000000011111111100101111100000011100000000000111110111010110000000001100110100100011110001011010011011000001111101011101011011010101110001010100111111110110111101100011001100011101101010001000101101011
1111101010110110001100000001101111111111111010110000010000000101011011001111111111000111111011011001011010101110001000111011001010100000111010110000001100011111100101001101101000100101011011011111101001
1111001110000100100111101111111100000000000011111011010101101101010011101100000000011101000011111101011011101000101010011011111111101010001000010110100111000110111111101100101010101101010011000010111101
1001011000110001111101111111010110111111101000110010000100100111111001101111010101011000011000101101010000101011101110110000000011001010100010110011101101101100000000111111111010111111110110011000000101
1101011111111101011000000000000000111000001010111111101110111110001101001010010111010011011010001101011011101010000110111101011111011010101010011000111101100001111111110011011010010010100011001010111101
1000001110001101000011111101110110101101011110100000001100000011100001011000111111111010001110111001110000101011101100000111000001001010101011110011110100110100000111010110011011000110001011011010000101
1011011000100001011110111001000110100001011000111111100110110111110101110010110000101011011000001100010101111111101111011110010111101110101000011000000001110110110000000000111011011111011011011010101101
1010011111111011010000000011110111111011001111101110001100010110100100111111111110000011001110111111011101010110000011000010110011000010101011110011111111100011111101011111101011111101111001111111111111
1011110110000011111010101010111100000001101100000000101110110110001110011001000000110111101110000111010000000111010111111111111001101011111000011000000000111001011111111010001110100101101111001101111011
1010000011111001101010111010000001011011001110111101111010011111011100111101111010110000111000101101111101111100010000000001100011001001010011001101111110001100000010101010111000001101000001100000100001
1011011011000011000010100011101111110001101011111100110000110000011001100000000011100101110010100100011000000111010110110100111011101111011011111101100011011110111000000010001101111101011111110110001111
1011111000010111010111111111100110110101101001000110011110011011011011111111111111101111000111110001110010110110010111111110110000100011000000011000001110000110001101011000100101011000000001010111111001
1001100011010100011101011110110100000101111100010000111100110010001110101110001100000111101110000100011110110110110001000011100101101111101010110010100011101100101101001101110001011101110100000101111011
1011001111110110110000000000111111010111010111111010110001111011011100000000100001011100000011010101000110010110100100010110001101100000111010100110101110000101111111111111011011010100010111010000000001
1111111100000100111111101110101001111111010000101010010101100011011001101101101101000110110110010101011100110111101110110110100100110111100011110110100011110100011010110111010000000001111100010101011111
1100000111101101101100001000000011100001011110000010111101101010011100111001001001101100110011010101000110111100000110111111101110010011001001100100110111100111110000000101011110111100000111010101000001
1001110000000111101101101101101010111101011100101010011000101111010001111111111101001101100111110111011100101101010110001100001011011111101011110110010000110011000111111101010100000111111111010101101111
1111111110101110000001001111111000110000010110111111001101111101110101000110000001011100110011000110011110000101010011011101100001000101101000010011011101111001010000000000000110111111101101111111100001
1000000000111000111101111011010010000101000000000011101101100000000101010000110101110001110111010110110100101101011010011001001111010000101101110110001111011100010101101010101100000000000000001011001011
1111101010110010100001000000000110110111101011010110101001110101010101111101111100011101011101110100000110100111001111001111101111111011111000110110100000001110110100111111111111011110101111011001101111
1000111010110111111101101111110100100110111001111100001100010111110101100001000001110000000000110111011100101111100011011000000000011111011010011100101010111000011110000000000011000010100001000011000001
1101100010100101000111111111110111101100000011101111101110110100000100110111101101000110111111100100000101100001101011001110101101000000001011000110101010001011110000111111010111110110101111010111111011
1000101011111101101100100000000001111110101001000111101000110111110101111100001101101100000000110110101101101011111111100110101101010101011011011100101011011000011010000001010000011110100111010010111001
1101111111011000101110111111010100110000111100010100001101100111110111101111011001100111011111111111100101111000010000110110100101010101001110001110101011011011110010101011110101011100110001111010101101
1000110101011010000110100100010110111111110001011111101101101100000011000100001111001100000110101011001100110011000111110010101111010101100011100010101010001000011110111000111111000110110100110000000111
1010000101011111110000110001010100011001010101111100001100101001011011110001101100011111010000000011011110110110010000010110100001011101101001101010111011011010111000001010011011110011100110010101010011
1010110000010101111101110111010110111100000100110110100110111111111110110100111001000110011101010110000011110011010110110010110101111111111011101110011011011110001111101111000000011001111111010101111001
1011111111000000000000000100010010100110110110100011110010100100000000000101100011101111001101110111011000010111010010011011110100000010110000100011011011110000100011000001101011111100000001110100001101
1010000011111111110110110110110111110000110100001111010111110111111111110101101011001100011000110011001101110110011110111000011101111000011011101011001000110101111001101101101011000110110100111101011001
1011101001010110110100011100011101011101111101011000000001100000001011111100101001111110111101111011011000111111000110001010111101111011010011111110011011100100001100101100101000011110111110011111001101
1011001100000000000101010001001100000000110001001101101101101010100000000001101100000110110000001011010010001100010011011010100000001011011000001100110000110110101101100110101101000010000011000011011001
1111111111111111111111111111111111111111111111111111111111111111111111111111111111111111111111111111111211111111111111111111111111111111111111111111111111111111111111111111111111111111111111111111111111
