11111111111111111111111112111111111111111111111111111111111111111111111111111111111111111111111111111111111111111111111111111111111111111111111111111111111111111111111111111111111111111111111111111111111
10000101001101010101101000110110011001000110001011110111101001101101011010101001011011000011010101100101101101100001001010101010000001101101101011000100010011010100101010000010110001101010101001001101011
11110001011001000101001110000010111101011110111001100011001101000000011000101011000001101110000101110100101100101111011000101000111111101100101000010001000111010110000000111000000101101000001101011100001
10000111001100011101100011011110001100001100011011111001101001011111111101100001011101101111101100110101101110000011010011100011101110001101101010110111111100010010111010001011111111101011111001000001011
11110101011111011101111010000100101101111111011010101100101011010011101000001101010000000011100101110100101010111111000110101111000011101000001011110000001111000110001110101000110011001010101101011111111
10110000011010010101010011011101111101011010010000001110101011010110001110111111111101111110001101010110001000000010010000000101011110000010100001011111011000011100111111111111100111101000100000000110101
10000111110011010101011011001001011000001010110111011000000010000010111100000010100101011011011101000000100011111110111111110000011000110111101100011011111111011110100011010000001101000011101111111100001
11110000110110010101010011100011000011011000110101111110101110111110011001111110110100000010000000010101101000111000000001111111111011111101111101110000110001010110001001000101011000010111101100010110111
11010111100100110000010110101110011111111110000000101100111110000011001100100000110101101000101010110100101010000011111111001110001001001001000100000111111101010110111111011111111110111110100110110010001
10010000110101100111010110000011001110101010111111101110110010111110011001101010110001111101111010110111101010111110010001011011011011011011011111110110110100010100010100000010101100001010101110100110111
11000111100000111111010011101110011000101010101101100100011010011011001101101111110111010101011111110111111110110111000100010011001010000000010110011100100111000001000101011110100101111000001010001100011
11110010110111101000000111000011010011101010101101101101110010110001011001100101010000000100010101010000110111110001101111010111011000111011000011001101101100011111110001111100110101110011111010111111001
11111010010110101111011101011010000110000000000101000000011010110100001101101100000111110111000000010101100011100101000011110100001011111001101010011100100111000001111111100110110101011000000000000111011
11011011010110001101001101011110101111111110101101011110110000011101111100000001010000111111101110111111110110101111101110110101101010101111111110110110101100011111000110101110110100000011111111110101001
10011010000100111001011000001100100011000010111000000011111101111001101001111011010101101001111111101110100010100110101010110000100000000101010100000000000001000000011100000000010110111111101101111100011
11011011110101101100011111011101101111111000010010111001011001001101101011111111111111101100000001000100111010110000000000000111111111111100000101111111110101101011111101111011110110101100100000011001111
10000000000101100111001101001000101111101101000111101101011100011100000010000001101010101001011111011101110010010111111111110100111011010111010101110100110111111000110000001111100010100101101111001101111
10101010110100110011011001011011111011001111011101000111010101110101111010111011000000101011111001010101011011010101011100110101101011000011011101010001110110001010111011111100111010101101000011111101011
10111111100001100111001100001000110011011011000100010011010100010101101110101111101111100001101101010101010011010100000001110000000011011110001101010111010000111111101000011001101010101000011110110100001
10110100111101110101011001111011110111000000011101111111010101110001100100000101000110001100101101010101011010000001101111000101101000000011011100000000011111101101101011110011000000101010111100100001101
10100001100000100100011101101001010001011111010000001101000000110100101101111101010011011111101101010000011000110100101111101100111011101000000001110110111100100101101010011001111011101011110110001100111
11111011111110110101110000101011010111111100000111111000011110011110000101011101111001010110101100000101111110011111111001111110001001111101110100111111100110101100101010110011110001101001100000100111111
11101011000110110100011110100000000001110110101101111101111111111100111100000100101100000110000111011111000010111001011011010111111100011000110111101000110110000101101000010110011011001011101110111111001
10001011110000000001111010101111111111000010111101001100000000110110101101111101100001110011011101010111111000000011000001000001010101011011111110100011100100111101101101110011011001100000000111111001011
11100001100101010100110010100101001101111010010101011001010111100000000000000000111011111110001101010001100011111110011100011111000101111011011100101110110101101101001100011000011011101110110011101101011
10110100111111011110011000101101011000111010110001011011111110110111101101111011111000011010111001010111111000000000110110111010010100101110010110000000000000000101011001111101111010001111111110101000001
10111110101111111111001110101001001011100010100111010000101010100111111111101111100011110000011101000101011011101010000111100000111111101100110000111111111110101100011011011000110011011011001010000011111
10101100000100110100011000101011011000111010101100000111101000001100010110100100111011011011110100011101000001111111011101001101101100101110011101100000000111111110110001011010011001001001100000111110011
10100110101101100111011110100011001011100000000111011100000010101001110100001101101001010011010101111001011011010011110101011111100110101010110100101111111101010100111011001011001011011011001110011111001
10101111100100110011001000001111011010111110110000001111101111111101110101111001100011011011010100101100001111010110110101000010110110001010110001100010101001010110100001011111101000000000011111110011011
10000101001101100111101110111100001000011010011011100110101101011000010000101011001111011010010101101101111001000000000000011110110111011010100100001110100011010110110111010101001011111011111001011011011
11011100011000110010101000011001111011110000111110110110001001011011000111100001101001010010110100101101011100010110101111110000000011011010101110100110101110000110100011000001100000001110101100011000001
10011111011110100110001110110011001001100110110100011110111011001001010000001111100011011000110001101101010001011111111011100101111010001010000011101100001011110100101111011111101101111110101001011011111
11010110001100101111101100000111011011001111110101110000101001101011111111100010101010011011110101000000000101010011010000001100001111101010111111111101111001010110000101001011001111100000000011111000111
11010100111110100101000110111101000001100110000001011110101101000000101101111110101111011000000100010111111111111000000110111110100101000000000010111001001011010110111101100011011010110111011000101011101
10010110011010101101101100001100011100001111011101001100001000011010000000011000000101011011111110111100000110101011101110000111111101101110111010001101011001010110101101101110011000000001111110000000001
11010010110000101100100110111111011111101001111000011101111011111111111111111011111100010000000011101101111110000000100011101101100101000010001110111100000011010100000101000011001011111011101110110101111
11011000011110000110001100010110000010111011001101111001100011000000111100101000110111011011111001100100001010111111111111101000110101011111100110110111011110000001011101101110011010001110100011110100001
10000011110011110111100110110011011110011001101000001011001111011111100101100011100011000001101111110001101000000000111010111011110000000101101100110001001111011111111000101111011010111100001000011101011
11101000011011010011001100010110001010111100101011111001100000000000101100111000110111011101100010110111111011110111100000110000011111011100101001111101011010000001100011100000000000000001011110111101001
10111111001010000111100110110100100010101001101011010011101111111101101101100011110000001111101110100100000000011101101110010111111100000101111100001100000010111111111000001010101101111111000111110001111
10111101101011101100110110110001101000001100101011010110000000110111000000111011000111111011000110101101111011001001100111110011010110110000110101111110101110110010101101111111111100000001011101011100001
10101000000011000101100100010111111010111110100011010011101111100011101111101011011111001000011100000000001111111011001101100111010110010101100100100110111000000110101000010101011001101011001100001101101
10101111111011110100110110110101111111110100001110000110001010101110101001000011011101011011110111011111111101111010011101101101000100111111001101101100010011111100100010110000001100111001100001011111111
10000101010001100101100000000100101101010110111111101111100000001010101011011111000100000000000110011010000000000000110101001101011101101011011001101111000111100110101111110111111110011111110101110110001
10111101000111110100110101111101100101010100010010101011001111111010101001010000011101101101110011000000111110110111110101100000001000000000001100100101011100001100000001100010101011000110110100110000111
10011001110110110101111101110000001101010111010110001010011101110010001011010111111101111000111111011110101011111101100100101111111011111111111101101100010111100111011111001010000001010000010101110110001
10111011000010100101101000011011111001010110010011011011000001011000111010000011010100001111101100001011100001101101110001101001110000100001110001101001110101001110011001011110111111111111111111100111111
10001001110110110101100011110000011011010010110111010000011111011011101010111111000001111000001110111000001100101000110111000011011011101101000101101011010001011011000011010100000010101100001010110101011
10111011000100110001101111011011111011011000110101010111001111001000101010010101011011001011111000111011111111101011110001101111010001100111101111001000010111010000011111000001011000000001100000000000001
10110001110001111100100001011000110001011110110001010001111001011011100000110000011111100001011110101000000011100010100101100110000101110010100110011011110011000101001000010111111010111011111010101010101
10111011000111000110001100011010011100001110100111010111101101010001001111110111110101101111001100000011111110101110001111001100111111010110101111001010110110011111101011111110001110001000011111101010101
10010011010001110100111110110011111001111010110011000011000101000101011001100011100001001010011001010111101110001011011011100110101011010010101111101010000000111111111000000000100111101111001101111010101
11000111110111010110001011110111101101011010100110010111101101011111010011001110110100011010110011010000000000100001001010101100000001010110100110100000101010010101010011011110110000111111100000011011111
11110001100011000110111001100000001101010000110100111101101001010110000111011010110111111010110111110110101111111111011010000001011100000000001100001101101111000000000110001111111110010000111011011001011
10000111110111110100101011001111101101000111110110101100101100000011011100001010110000001010110001111111111111011110001010111101011101011010100001100111000110011111101111100000000011110111111111111100001
10110001010101000001101011011100111100011110100110000110101001111111010110111010000111111000000100001101011001010000111000000111000111111111101100111111110111001111111000110111011111110011100110101101011
11111101010101111011001001000110010101111100001110111100101011011010000000001010111101010010101101011100001101010111100011111111010110101111111110000000110001100000000011111111110000000110110100001101111
11010000000000110001100011011100110100100110101010101110101000000000111011111000000000000111111111111001111001000011101110001001111110101010001010101011100100101111111111101000100111010000000001111111101
10011111110111111011001001010110110101101110100010000110000011110110101111110011111111111101011111001100001101011110001100111011111100000000100010111000111110100000000000000010101101111101010100010000101
11010111010001100010011111010110110000101011101110111111011011111110000000011001000100000000001101101001011101010110111001101010010111010111110111111010000010110101111111110110001100000111110111110111101
10000000000111111010110101000010110111100011001110101010001110001010101011000011011101111111111000101101111001010110111100000010110100010000010000001010101110011100000000010010100001101110111100110001101
11101111110011111000000001110110110011101111011010000010111110111011101001011000000101000000001101101100101100000010101001111110110110111101111011111111100010111111010101111010101111000000000110010111101
10111101111001100011111101000010011010100110010000111110011010000000101101111101010000011111111101100001100101111110100011110100110010011100101011000000101011100001011100011010100001110111111100110110101
10110101011101111001100111101110111000001111010111101010110000110101111000011001110101000000010101101011110000101110101110010101100110110111101111011110111111001011111101111011101011111110110110000010101
10100101010101010011110011000110000011111100000110100000000101111111011111010011110101101111110000101110100111101010101011000000110000000000100110001111111100011010110111101111111110001010100000111010001
10110101010001011011010111110110111111100111011110001111110101000111001011111110011101100101010111100000101110101010101011011111111101111111101100111000101001110000000000000100110111100000110111101111011
10000101011100011001010101100110110110101100011000100000010100010101100000110000111111110000000001101111101010100000000000000111100101011101000001110011101011111101010111111101100001110111100000000110001
11110101010110110011000000110110000110001111011011101111111101111100001111111101100011000111110111000011100000001111111011110100110100000001011111011011000000010111010010110000001101000000001011111100101
10000000000100011010011101100000111100111011011000111000101111111101111010011101101111110001100000011000001011101111110000111110100001111111010100000001011111000111111000010111111111011111111000000001111
11110110110001111000111111111011100110111000000011100010001011010100000000110000100001011111111010111111111000100000011011101010001100000000000101111111011011111101101111000101010110001111111101101111011
10000110011100110011100010110000001100001101111110110111111001010101111111110111101111001001011011111111001010110101010000000000111101101011110000010110001000000000000111111101010100100000000111000000001
11111100110101100110111000000101111110111000111000000100011011000100000001000000000010011011001011011000011111110111110101101010110100101000011010110100100011011010110000101000000001110110101111101101111
11101110100000110000001111101111101010101011101011111101110001011101111111011111111110111011011110001011110101011110110101111010000101111011111110000001101011111011111010000011111011111100100000111111111
10000111111101110111111001101011000010000000000000000000000100000000000001011000110010010011001100100001110101001000010100011110111111011001101111010100101000101111101110101110011110100110101111111010001
11110101101001010010001101100000011000101110110101101010101110110101110100000010010110110110011101111100010100011011011111001100000000001100000001010111111110000000000010100000110010001111100001101000111
10010100000011000110111101001110111010100110110100111010111000010111111101011111110110010011000001010111000001000011111001111110101111011110110101111111010111111110101111110110010110111011111101101011101
11010111111001101110000000011111110010101100110110011010011101110000001111111101000100110110011111010111111111111110100011110100100001110000010100001100000000101111100011011111000010100000001111001010101
10000110000011000011011111000000010111111110111100111111110000010101111010100101011101110011011011000000011100100000001000000110101111111010111101100101101010000011111110011101111000101111111010011000001
11110011111001101111000001011110110000001100000110000000011010110100000010101101011000010111010000010101110001101111101010101110100000011110000100110101111110101000000010110001111011101000001010111011101
11011010101101000101010101000010011010100110111111011111111010010110111000000000000011000000010111011100000100001011111111111010101101000110111110110000000111111011110110011011001000000010100000101001101
10001000101101110101011111110111111111110010001100000001101111010110011010101101010111110101000001001111111101100000010111011011101111101100000010110101110101011011100100110000011011111111110110000011001
11101110000101010100000000011101101101010111011001111111000101110011001011111001110010111101101011100011001111110101000010001011111010100111010110110111011101001110111110110110110000000000110110111011101
10000000110000000001010101000000000000010001111100010110010000011011011000001101111000000111101010111000011010111111011000100000000000110011111111100001001101100110011010100010111110101010011110011000101
10110101111101011011111111101111101010110100010101000000111111111111011110111100011011010010101000001101001010001011011101101011101111111000000011110101011001001111001010101111101111111011111011111011111
10110101000001110000000000100000111111100101110001101110001111110101110111110111011001011000101011011101100000100001000101101000100010001101111110010101001101100011011000000011100000001011010000001010111
10110101111100010110110110101101110100110100111101101110111000000101110101100001001011110011111010010111001110101111111111101110101000100100110110111111011100001110011011011110101101011110000101011110101
10011101100001011110110010100100000001111111101101100011100011111101000000001101011000011000011111000011100010100000000011001110111101110101110110001010010110111011000001111010001111111110111111110110001
10110001001011000010010111110101011100000011000000101001101111000000010101100101001011111101001101101000101110110111111111100010001100011101100110111010110010110000011111100000100010101010000010110010101
10011101101011010111010000110101000101111001110110111100000000011110111111111111111000101101100000111111111111110000000101001111011001001111110100011010011000011011110101001111101000101010111110011000111
10110001001001011101011101100101101100101101000010110111010101000011101000000001111111101111110111110110111011011110110001100011001111011011000001001000111011000001110100011011111010000010101100110010001
10011011101011000001000111101111100110000111110110000110011101011001000010101101000111000110000000000000101000000010110111111111100111111000011011111011101001010111000001000000001111111000000110000111011
10110010001001101101111111001010111111010010110111011100111101011100011011111111110000011111011011011010000011111111111100001101111101100011011111110000000011010000011111101101011101101111011110110001001
10011111101101101100000001100000001101111000010001111110010111000110110000011010110111111011110011001110101000001101101101111101011000001001000101000101110111011101000000100111111000001111111100011111111
11010000001101101101010100110110100001111101010100000011000001111111111101001000000000100000011011101100111110100000000001010101011011101011110001010100110110001101101111111110101011111000000001001101101
10011111011001101111010101100010101100010111010111111111011100000101001101100010101010001110110000111110000111101111111100000001011000101000011100011111110011011101100000000000000000000011111101011000001
11010000011011100001010100101010100111000011010000000110000110110000011111101011101010100111110101110100110000100000001110111111000011111111110001111011011110000101101111110110110111011000000111110010101
10011111011000110111010110101010110011011110011010101111010110011011110000111111101010110001100100000110110101110101100010001101101000110100011100000000001100110101100000011111110001001010110011110110101
10111100001110010011010010111010010110011011111111111111010011011000000110000010101010010100110101101100111111010111101010100000101110000001011101010110111111110101110111111011011101011110011001010011111
11110001100111010111011010011011010111000000101101010110011111110010101100111110111010110111100100101110000011010000101111101010000010111011010001010110000000010100110000000000000111000110111100000111011
11011101001101111100001011110011010100011011101000000011001000011010100111110110011110110000110101100010111111011101100011101110111110011111110101110010101111010101100101101111110001010010001101010000001
10000001100000000111011000011011011111001110000010101001100011110010110000000010110000110101100100101110111000001111001000111100111111000000011100110111100001111101110100100000011111111010111001110101011
10101101001101010001111101010011011011011100101011101011001000110110011110101000011010010101101101100110001101100001011010010110000001011111111101111111110100011100010111110110111010001010001101111111111
10101001100101010101101111111001110000000001111111111111101111100011011111111010111110110101100101101100100001101111111111000011011011000001010111101010010101010001110001011111110000101010100100011010101
10111111101111011100000000110011000110101111010100010101100000101010000001011010001111111100101100111110110100100000100001101011001111110100000110000000111101010101100100001000000101111110101111000000001
11100000000011000101010111111001111100100000000001000000101111111110101100001111100011011111100110000110010111101101101111001111100101111110111100101110111111110100110101100010101100000111100011101011101
10001110101111111111010011011100011001101011101011011111111100011000101101100101111000000000110010101110110000100100000001100000110000011010000001101110010111110110110100110111111001010100101110001001111
11011000101100000110010110000101011101001011001011111101010001001110100101110000001101101111111010111100011011110110110111001011100111000011110100100011000001011110110101110000001101110001100011101100001
11111101100001010011010000111101010001011001111000000000000111100010101100110101011001100001101010000111110000011111100001111000110001011000111111111111101100001010010101011011100100011011101111000110101
10000000101011010110010111111111110101001100001101111011110000111010111001100101111111111100101111110001100101001100101100011010011011001011101010110001111110100010111100011000110110110010101100010011111
11111110111001111111010000000110111111100110101000001000010111111110001100110101101110110001101100010100101101100001101110110011111001011000000000000100010111111010011111111110010010011000111111011000001
10101000001111101100011011010010000000101110111101101110110011000110101101111100000000011100000001011101101001101011000110011000001111111101010111111101010001011111000000000011010111001101110011001010111
10000010100100000111111010011110111010101000001100100010011000011100111101111001010111111110101011011111001100101111101111010010101111001111110001000101000100000101010111111111011101101100000110011011111
11101010110001010000001011000000001111111101011101111010111011111110000100110011010000000110111011000001111001100001111011110110100001101010100101011111101101010001010100000001000000101111010011110000001
10001011100101010110111011010101011101000001000101011111100000000011010101111001111111111100001001101100001011001111011010111100101100000000101100001010111111111111010001010111111111100110010110110101101
11101001101111010110111010010101000001111101010100000011111101101111010100001101101111010111011011000101011111100110000000011111101101011111111001011000000110101011111011110000001110111111110000110100101
10001011000001010010001011011111010100111001010110110110111100100001111111011100000000000111111111101101000100110000101011000000100111000100001101000011111100000001101110110101100000010100110111111111111
11011111010111010111011010000011010101100011010010110000000111101111000111000101101010110000000000100111010001111011111110011010101110010001011111111011010101111111101100011100101101110001110000001011011
10010000010001010001001111011111010101111001010110010101110000101111101101101100101110010101110101101100010100011000000010111110100010110101000000001001000000010000000001111110111111100111011011100000001
11011010110111111011100110000110010111000011010110110100011011100000000000101111101111010100111101101101010101010011111111110110101111111101110111011100011010110111111111000010010010110000001111101011111
10011010110100011000110011010011110001101011010110010101110000101011010110100000100001010110000100111101110111111000000000000110100000001100110011110001011011100011000000011010110110100101100110111000001
11001110110001111101100111011000010101101001010010110101111010101001010111110111110101111100101111111000110000110010110101111100101011011110110110111011010011001000010110111111100000001111110000001011101
10011000110100101100110101110011111111001101010110011100001110101011010001011111011100001101100000001110110111111010011111010110101001001011110000001111111000011111111111110101001011101010011111101110111
30111010110110000110110000011000000110011001010111000110100011101011010100001000000101011111110111111100010000110011000001010111101011100001100110111101100011000000001011100100011111000000111111111100011
10110010100011010010110111111011111110111101010001011100101011001110010101100011011111111010110000000111010101111011010100000011101111001100110111110101111111101101111010110101111101111010000000010101001
10011110110110011010100000001000001011110101011011111101101001101111110101101111110110101000111011111111111100101001010101101000100001101101100000000000000011000101111010000000011000001010101111110101111
11000110110111001010110110101101111011100101011000100101001011000001100100100000100000001010001111110101101110001101011101101111111111101100110101111010101001101100000000111010111011101111100110110100001
11010010110001101011100111101100000000110111011010001101101001101011110110111111101010111011111100000000000010100111000101100000110110111001100100011111111111000110101010011111100000100100110000010101111
10010111111011001110001101101101011110000011110011011101101101101000010100000000001111110001110101110111111110110011010101110110000000001100111101000000010111101111101111000000001101110001111011000001011
11010000011001011000100000100101000011011000011001011001100101001010110110101110111101000100010000111111011111110110010100110110111111011111101111011110110001100000100001010110111100011011011111101100001
10010111110011001101101010110101010111001101001101001011001101011011111110100110111000010101000110000000000000010010110101100100110001110011000011000010000111111011101111110111110110110011010110100101011
11010000011011111111101011100101010001011101101001101110011001001001101100101100000011111101010011101010101011111110110100110110000100010110010111101010110000111001100110110001000010011000000010101101001
10010110111000001100001000110101011101110111111100100011001011101011001001101110111111101101011000101010111110000010110101110011011101110100111101101010010111101111110000010100010110111010101000111111011
11010010110011011111101011110111011000000000011001101010011111001001100011000110000000000111001111111110000110111110011111011111001100000001111101111010110000000000010101111101011111110010101110000001111
10011010011001110000001000011111010011010111111100111011000001101101110110010110101011111111111111010111101110110011000010011010011001101011010000011010110111101010110100000101001011011010100011010101111
11111011111100011101011110111001011011010000001101111110010111100100110011010010101000000000110000000011111100000110011000110011001100101000010111110011100000111010110101101101100000001011110110011111011
10000000000110110001010000000011001011011010101001000011010010101111100110010110101101111111100101101000000001111111111111100111011001101101000000111111001101111011110100101100101101111110000011001010001
10101011111110011011011010101110011110011011111100010110011000111011001110110110101100000000001111001101111100000010110100101100011011000111011010000110011000001011100101100111111100000011101011011000101
10111000001010110011010010111000110000110000010110111111001110000011011000110100100110110101011011111000000111111110010110001110111011110001011010111110111101011110110100110000010111111111111110000010101
11111010111011111010010110001011111010011010110100000101111100111001011110110101101100110101001001110011101111011010110000100010110000010101110011111011101001111000011110010111010011011010110111110110101
10000010010000011111011100111111100010110010000110111100100110001101000010011101101101100101100011011110000000000000000111111110110110110100111001000000001100101101011011111110000110000000000000110111101
11101011000111110101001110101110110110110110110110010101101111100101010111000100101000110100111000001111010111101010110000111110110010111101101111011111100110000001110001101011110010111101010101100011111
10001011010011100001100010000000010110110100010011000000000000110111110001101111111011100101111010100001110111111110110111100011100110000111000000000000101111011111100101100000011000111111111111101000001
11011110010110110101001011010110110110110110110110010111101010100110110111000000110011110100001110101111000000000111100000001000110011010001101111111011100101000110001101001101110010000000011010111110111
11000111110000000111011111010011110110110110110110110001111111110110000001101111111000111110100110101101101011110000110101111111111111111011000000011111110100011100111111011000011011011111110000010010001
10010011000101010011000110010111011110010100110110100100000001100110101101100000110010011100111110100000111000011011110100010111000101100000011111000000110101000001110110001110110011000001000111110111101
11010110010111011001101111010000001010111101110010101101010101101111101101111010010111000110000011101011110011001001100101110000010000101011000001010101111101101100000000100111111011010111011111000000101
11011111010110011101100011010111100010011000011010100101111101100001101100001110111101010010101011001000011111011011001101110101110101101011011011111101001101000110110101110000011011010001011101011111111
10000011010011000111111111010000101111110011011010101100001100101011101001011100001101111010111111101101000001010001101100000111111111111011110000110000011001010010110100011011110011110100010100000011011
11011111110111010000001110011111111101011111111011100110100111111110001011110101100000001010000001101101101101110111111101010000011100011000011011111101111111110110010101001000011110000101000001101000001
10010011000001110110100011000000011000001101100011001111110010000110111000110001101101101010110111111101100100110001100001011111110111011101010000000100000110100011010111011101000011011101101101101010101
11000111101100010110101010011010111011111000101011101100011000101110110010011101000111111010100001100111110111100111111011000000000011001101111010110110111100001001010110010101101110000101101100101011101
11101101001101010010101111001010000000000011111001100001011011111000011011010001010000111010110100110111000010110101010011010110111111011100101011111110000111011011011111010111000011011111001001111001101
10000001100111010111100011011011010110111111011011001101001000001111110001110111010111101110110110000001101000010000011010010011110000000111101111101011101111010011011000000011110110001011111101011011001
11101101110011010100110111011110010010000000001001101101011011111000111100111110010101000111100100101111111101111101011011011111010111111110100000000001100001011001111111011000010110100001011000001001101
11100100110111110001100110000011011111010110101101000111001000000011100001100000110000010011111101101101011001101111111110000000000000001000001010101100101011001100001100011010110100111100001101011011101
10001101110001100100110110101110000011011111111111101111101010101011111011001110111101010110101111000000001100000001100100110101010110111011111011111111111111111110111101001011111101111101101111001000101
10111111100111001111111110101100111111000000111000000001101011101000001001101000001101011110000011101011111111011111110110010101010100000000001001010001010110000010000101101011011000000101100011111101101
10001010110001100000110000100110000001010101101110110111001001101011101011111101111001000000101000111000001100000100110000111101010110101011111100000100000000101010101101001000001011011101101000001111001
10111000000111001111111010101100111111011100000010110110011011001000111110000000011011101010111101100010111110110001111010001101110100111011110101010101011110101011111111101101111011001100111101100011011
10001101110111011111101010101110000111011110111111100011111001101010001111111010110000101110001100110110101100010100011011011000011110001000000101110101000011101000000110000100001111100110001101101110001
10111111100001110000001010111000110001000010111000101000001011001010111010100010011011111111011001111110000101010101110001011010111111011011111100010101101111111101111111010110111101110110100101100011011
10011011001100000101111010001110110101010110000011111101111111101010110000110111011001000001001100001100111111010100111101011010000110011000000111111101100000110100000011110110000001011110101100110111001
11011000011001010100001010111000010111010011011111010000010101111110110110000001001100011011111110100110000001010111101111110010110011011101111111101111001111100101011001100110111011001010100101100001011
11011101011101011101111111100010110111010110000000010101000001010111110011101011111101111110110110101100101011010000000000011011111111000111100000000001011110001101111011111110111011011011111111110111111
10000111001101011000000001101010110001110011011011110101101111000011000110001010010100100110100010100110111111110110101101010000110000010000001101111101000000111101101111011010001000000000111010100000001
10101100011001111111111111111010110100110110001001100100100000011111110110101000110110001100001111110110000001111100101111111010111111010111111001101111010110000100000101000000101010101101100000110110101
11101111001100110111111010001010110101100111101011001101101011000001110110101010000011111110111101100110101100001111100010101111100000010000001100001001011110111110111101101110111110101000001011100110101
11000001100110000000000000101010110101110000101111101101101011111111000010111010101000111010001000110010111111111001101000001101111101011010101111111011000011100010011000100110000010111101111000110010101
10011011001111011010101111111010110100010101100000101101001000000001101011110010101010000000100010010110110111000011001010100000110001011011100000000001111111111011111101110011011010110000001111110110101
10111110011100001010100000001010110110111100101111111001101101111111111001100111101010101101101111011111100000010111011010110110100101001000110111010101110010110001101001010110001111111010111101011111111
10001111000101011010101010101010100110011001100000001101101100000110000011110101111110100100100011000100001010111101001111111111110101011101100001010111000110100100001100010100111101000010000000001011011
10111000010111001011101010101010110011011111001010111101001001011111011010010000011000101110111011011101101110000001100000000000110101001100101011010000010000001111100001111110000001110110110111111000001
10001010111110011001101011111011100110000001101010000101111101001100001111000101111101100110011011000000101111011011110111011010010101011101101111010101011110111000101100000011011111000010010000000010111
10111110000011001101101000110001110011011011111010111111110001111111011110010100011000101111011111011010100001011000011111111010110101010100100101110101001100000011111101111011000011010110111111110110001
10000011101110011000101010010101010111111011011010100110000100000001111011011101001101100110000110011111111101011011000000001010110101000101110000010101100110101000000100001011011111010100101100010011011
10111111000011001101111111011111000000001110001111101111111101010101000000000101101101101111010011000000000111110001111111011111110111101111011101011101101110101101111110111001011101110110000001110111001
10010001010111011000000011000110010101100110111101101010000101011101110111011100101001100110011111101101110001111100000001000110000110000000001111110001100010101000000010001011000000011110110111011101011
11000101110101001101111011010110110100110000001000000000101101000111000100000101101101101111000010101111111111001101010101011111110011010110100110100101001011101101010110101011101111110000010000001101111
10011100110100011100001011011100011101100101111011101010100111010011010111011101101101000011101110100000011111011111111111110011000110010111110000110111011111111111011111111001100000111101010101011101101
11001101100101011001111110011101011000111100000000111111110001111011010100000111111101101110000110101011000000000000000000000111010011010000011010010110000000010110000000001100101110011001011111000000001
11101101110101011100000011000111001101100001011011110101011111101110011110101110011001101110101110001001111010101011111101101101110111110101111111111111011111000011010111111110100011001101000001011101011
10001000110101001110101111101100011000110111001000000000000000000011011000101000111101100011101100101100001011111000010111111101100011000100000001101101000001010111010000100111111011011111101011000101111
11011101110111011000100011000111001110010011011010111101110111111011001110100010000101101000111110101101111111011101000011010100111111110101101100000001011011110100010111101101001001000110001110011111101
10011000010111011010101111111100011100110110001110001100010000011110011100110111011111101010110011101100000000001111101001000101100001100111001101101011001110111110110001001101011111111111101111000000001
11001101010001011110111100000111010110110110100110111101110101000011011001100001000000101010000110001001011010100010111100010000101111110001101100111111100100001100011011011101000100000110000011101101011
11101101110101110000000001111100000010010100101100000100111111101110001011110111011110101011011111011101111110101110010101110111100001010100111110000101111101111101011000000000010001110100101000101101001
10001001111100011101101100110001101111111110101110111110000011000011011110000011000011101011001010011000001111100000110000110000001101000110001010111100000000000111111011010101111100011110101011111101101
11111100000101011000111001110100100000001100100110000010101001101001000011101011011000111001100011001101100011001101110110010110111111101110101000000001101011010000110001010100000111110000101000111000101
10000110110111110010011011000101111011100110101111010110101101101011110110001110001110111101101001100111001011101111011100110100000011001010101010110111111001111110110111010111010000111111101010001101101
11110100010011000111110001110101100000101100100011011111111001111000110011100011011000001101101111110100011001100000000110010111011110011011101110010000001100101010110001110001110110001011001010101101101
10000001010111110000110111000101101011111110101110000000001101000010110110001001110010100111100000011111011101001011011111010110001110111011111000111011111110000011110101100100010011100011101010111000101
11111101111110000101100001101100111011000010111111010111100111110111111111011100011010110010101101010000000111011011010111110110101011101000001101100000000011010111011111001101111000101001101110011111101
10000000001010110111001011001101100000011110011000010000111110000000001100000110111111111000111001011111011111111111000011111100100011000011111111111010110110010000001010011001101111111100100011000011101
11010101100010100001101001101001101011000011111011011010001011011011111110101100000110011010001101111100000000000001101001011111101000011111010110101110010011010111011010111100000001010101111001101000101
10010100101011110100111111101101001001011000001110010010100001001000001100101101010011000010111111100001011010110111101011000110001101000000000000000010111010010111111011100001010100000111011100101011101
11010101111110000101110000101101111011001101111111010110110101011011111110111101011001110111101010001111011010110010111010010011011001101011101101011011101010110000101011111101011101011111001101101011001
10010100110011110101010111111101100011111111011001111100111111110000000110011001001011000101100011011000011110111000011000110110001011111000100101111000001010011010001000101111010001001100011000101011011
11010110000110000100000000110001001010101011000011101101100010110101111100111011011001110000101111001111001100011011111011111111011001100010110100101101111110111110100010000001111011100001001011101011001
11010011011111010101101011111011101000000000010110001100001000110100110101100001011011000110000001011111101101111000001000101001111111110110111110000100000111110100110110110101110011001011011000111011011
10010110000101110100101000001010111011110101010000111101111110110110010100110111011001010011010101011000001100001010101010001011101101010010000010101101111101010110110010111111011111011011001010011011001
11010011010000010101101101011010000000010101011010000100000010110011000101100011011011010110010101010010101101011010101010100000000000011010101010101100000000000110010110000000000110001001101010110010011
11111111111111111111111111111111111111111111111111111111111111111111111111111111111111111111111111111111111111111111111111111111111111111111111111111111111111111111111111111111111111111111111111111111111
