11111111111111111111111111111111111111111111111111111111111111111111111111111111111111111111111111111111111111111111111111111111111111111111111111111111111111111111111111111111111111111111111111111111111111
10000110100101001100101001010110111101000010011001100110110110100011000110001100000001101010100000000001010110010110110101100010100000110110010110101010010101010100010011010110010101010110110011001001101011
11110100101101100101101101010100011000011110110011001110010110101110010111011101111111101000101111101111000011010110110100111000001011100011010100000010110000010101110110000111000101000000011001101101100001
10110001101100110001101000010110111111011010110111101011000100100110111101001000110010100011100001111010011111000110100001101111011110110111010001011010100111110000010011011101110101011101000011001100101111
10111101000110000111101111010110110000001010100101000000011101101100001101100010100110111011001111011010111010010110101101100110010110000101010111111110101100000101000111001001100000000101011001100110100001
10010101101111110011001000000010010111011010101101111111001101101101111001101011101100010001100011011010010010111100001111110011000110111101010001110100000110111111110001101011101111101111111100110110001111
11010101000101010111101111111010111100000000000101101101011100100101001100101111000101110111101110000011000110101001011011010110011100010101010111010101101110100000011111100001000011111010010111100000100001
10000000011101010000101101010000101111101010101101101001000110001100011001100101110100000110001010110111011110000011011011000111000101110100000111010000100000001111111010001011011110111010110010111101111111
11111101010100011011101000011110001010001111111000001101011100100001001100110101010101111111101010111100000011101011111011101100011100000001111101010111101010100000110011101111011010101000011010110101011101
10111111010101000000001011001000111011100101010011101000000101110111011110110000010000101010100000000111011110001110110010100111001101111111111001010010101111101111100110100110000000000010111010110101000001
10000111010111111011111111101010010011001100011000111110111111100101011000110111110111100000110111010110000011100110100110101101011000000000001100010110111100111100110000001110101111111011101000110000011111
11110000000010100010010101001111010110011001011011110110101010110101111110000100010101101111110001110111011110001110001100001100001101011111111101110100010101110110110111101010111011011111101101111111001001
10000111101110111010110001100101010000110011110001010110100000110100101010110001110001000011010111111100001011101011011111101111011101111000110000110101000000100000000110111010000001010110101101010011011011
11010110000110011010011100110101011010110110111011000100101110100101101000111111100100011110000001011111100000001001011001000011000001110011111011110101011010001011111100010000111101010100101001011000000001
11111100110100110000110101100001001110100110011011110101100011110100101110101010101101011011011100000101110111111011001101011110011111010111000001010001111111111000000001110111111111000101101100000010101101
11101001110101111110110100110100011100001111001010100101001001010101100100101000000111111010000111111100000000111011011001011000110000000101011111000100101100011010101011110000000011010000101101111110100101
11001111000001011000110101111111010111100110011000110000011111010000110110000010101111101000110111001111110111100000001101001101111101111101010111011110000001111110111110000111111110011111101101000110110111
10011100010101011110110000101011000110101111011011111011110011011110000111011111111101001101111101011010110100111011111101011001100000001100000000000010111111111110110011110110110111011011000000011111110001
11010111111100010110100101101011110110001100011011010011010110011100110101000000111001011000001100001010100001101000111001001100111011111001101010111110000000011011100110010000110000000000010101011111011111
10000011111111010110110111100001010110100101000001011011010011010110111101010101101011001101011111011010110111001011101101011001100000000011111011111111011111110001110110110111100111111111110101110110001101
11110110010000010110000010111101010110110101101011011011010110010010001101011111101001101101111010011000110101101001100101000011110111111110011011000001111110011011010110000100110011011000010100100010111001
11010111011111010011111000110000010110111111111010001011010011011010111000000111001011100000001011001101110100100011110001011111000000000000111111011111100011000011000000110001100110000011111111101110101101
10010101011101011011001011111111000000011011010010111001010111011000011101111101100001001111011011011101100101101111111101010110011111111010101101000010111000011111101111111111110000111110101010001100100001
10110101000101011001101000110001110111111001011010010011000000011011110000101101101111011111110001011000110101000101100101000000111101011110100101011000101011111011000100011101100111101100101011011001101111
10110101110100011011001011100111100011001101010000110111101101111001011110000001100101010000100111001101100001011100110000011010000101010111101100001101101011001011101101110001101101000110100001000011100001
10100101010101010011100010101101001001011101010110110000111100110011000110111111110100000111101101101100110111001101111101111111111101010101000001011111000001101001101101000111001100011100001111011111001111
10101101000111011010101010101101111101010100000011110111110001110110011110100011010101111101101100001101100101011100111000101101010101000100011111110001101100101011000000011101100101110110111011011100011111
10101101101110010000111010100001111000010001111110000001010100100000111010001110000000000000001110100100110000000110010011100101000000010001001110100111100110100011011110111101001101000000011000000101000001
10101100001011011110110010110111001011110111001011110111011101101011101010111111011110111111111011110110111110111111010110110000011101110101011000001101001111101110000011110101011000010101111011110001111101
10101111101010010100111000000101101001110001011001100110011001101110101010011010000110000001011001100000011010001010010110011011111100011101000011111101011001101011101111100001000011111100110000110100111101
10100110000011000110001101101100000011010111011100110000111101100100000010111000111110101111001100111011011010111011000010110000000101111111101001111000001100100010100010111101011110101111100111111110000111
10001111011001011111011100111111011110010111010110000111100100101101111000110010000011111111011001101111011010010011101000010111111100010000111100000010100001101110001110101000000100000000110000100010110001
11100001111100000011010110010101010011000000000011011100110110001101101110000110111011111000011011000110011000110110101101000111111111110111111111010111101011101011100110001011011101111111100111101111111111
11110111110001011110000111010101000111101101111111010110000100111000100011011111100000101111001010011111000011100100000111010000000110100001101011111101111110100010110000100001110100101100110000000101101001
10100011011111011011011100010101011101000111110010010011101101100011101111111111111011101011011011001101101110110101101111110111111110001100001010101000110100101110110111111111100001101101100101010000000011
10111001010110011000000101000000001101011100011011010111001000111000100100100110110011001000011011011101100110110001101001110001111000101111111000000011100101100110000000000000001011001100001101011110111001
10011101010100111111010101111101111001010110110010010101101011101011101101101110011111101011110001011001001100000100100011011011000011111010000011111110110101101111110111111101111111011001111111111011111111
11010101010110110011011111000000110011000110011011000001100001101000000000001010110101001001011011001101011101111111111001011111011111011000111111100110110101000001110100000100010110001100010110110011001101
10000000000010100110001011111110100111011100110000011111110111001011111111111000000001101011011001011001010101011011111100001110001010001101101100001100010100011111000001111111010011011001000110011001100001
10110111111000001111011001101100110001001101111111010001010001011010110110110011111111100010001101001100000000000000100110111011011010111000101101101001110101111101101111100111110110000011111110111100001111
11111100011110111011001100001110000111011101111011010111011100000000000000110110011011001110111101011101010101111111101111100001010000000011100000101101100000110000100000101100100000111110111010001001100001
10000111010110010001100111100111110101011000110010000011001101111110101110010011010011101010011000000101011101100100101011001101010101111110001011111101101010000110001111100101101111110100001010100011110101
11101100000011010111110011001101110000001101111011011110011000110111111100110111000110001010111101101111111100101101100010011111010100011010111111011001101111101111011110001101001101100101100010111000111111
10000111111000010101011001011000011011111101010000011011001101110101010110000000011111101010010100111010110110101100001110111010010111111000000110001101101100111101111000111001011001110101111110011110000001
11110000000011000001011100001101110011101000011111011001011001000000000110101101011010101011000110110010100010000001011010101011000000110011111100101000100101110101101110101101001011000000010110110111101111
10000110111111110111010111101100111010101111011000001011011100011011111111111111001010000000011100000110111010111111111000000001101111111000001101111101101100010101001100000101011011110111010110000011111011
11111111100000000011010001001101100000000110011111100011000001111111011111010001111011110101111101111110001010101010101011111011100100110011111001010101100001110101011111011101001001110111110000110110011001
10000001111111110110011101100101111011111111010011110110010100000000000110000101101000010111100101000010101010000000000011111110110001100110001100000000001111100001001010010101011011000000100101110110110011
10111011000000000110110101110100100000101100011010110011011110101011011100101111101111010110110000011111101000111110101000000110100100001110111001101101011110110111011011000000000000011110101111100010100111
11110001111111110110110101010110101111100110110010011010001011111111111001111011000110010000011010111011001011100110111010101110001101111100011101111111000010110101011011011111101011000110000010111110101101
11000100110110110110110100000110000110110100011000110000101000000001101011110011101111010101111011100001101010101111111111111100111111010101110100001011111110110000001000000000111011101110110110011100000101
10010110000000000010100110110011011110110101111110100101100011111111000001100110100010010101101001111100101010001111101101100110001011010100010001111010101100100111111010110111111001100010110011000111110101
11111111110111111010101111100110000100010100001100001111111000011011101111101110111011010111001100110110100000100110101000110000111011010101110111011000001101101111001011110001101111111011111110011101100001
10101011111111100000100011110111110101110101111001101011011111110001101100000010101010000011100110010000001101110010101011110111101011000000000000010011111101000101011000010111100110111111101010110100111101
10101010001100111110101110100101100000100000110011111000000111010111001101111110101011111000110011010111101111111000000001100001101000010111111111110111011000011100000011011111001100000110101000010101101101
10000011100110100010000100110100001111101111111011000011110100000001101000110110100011101101111010010111000001101101111111101111100011111100110101010101011011110101111111111001100101111100001110110000001101
11111010101100111011011101110111100101001101010001111000011110111111000010110010101110001101101011000001111111000101011111000010101110100110110100000001010000000000000110101011110000111001111100000111111001
11100010100110010000001101100101110101011101011100110011111000011001101111111000000010101100101010010111010001101111000000010110000010101100000001111111011011111111111110101010011011101011001001110001101101
10111010101111011111011000110101000000010101001101111000001011111011000101011101111111101110101000111111000111000000011011011111101110000101111111011000011001100000101010101010110010000001101011111111000001
10110010101100000000000011110101111011110101101100010010101001101001110001010100011011001010001101101101011100011110111110011101001011011100000000000011110011101111101000100000011010110100000000001001101111
10100110000111110110111010100001011001100001001101110111111011001011010111000101111000011011011100000000000111010010000110110101101011011101110111111110111010000001001011101111110000011111111011111011000001
10110110111100011110100010101111000011111101011101010001010001101011000001011100001011001011011001111010101101000110101111100000001011000000011101011010011010111111011001101010110111000001101111101011011011
10010100010111000000111000000111111011110100011000000111010111000001101011000001111110011011011100001111100000010010111101111101100011011101001100010000110000001001011011100000000001011111101100000000011111
11000110110100011011100011101100101001100110111110111100000110011101101110011011001100110011010101111101110110111111111000011000110111010111111101110111111011111011010000101111111011010010100111011111000001
11101100000110111011001010000101101011001100110100101101111100110111000110111111101001111011010000000100111110000101101101111111100101000010100101100011010000000001010110000000111111111010101101000101111111
10000111011111101111111011110001101001101110010110000000000101100011110000100101001011010011010101011101100011111101001101101100110101011000001100001111000101010100000111011110001101101010001100010000010101
11101110000101101100111110111101101100000011010010111111110000110110110110001101101001011001000101110100001000011101101000000110110000001101100001111110011111110101010011000010111100101010111001111111110101
11000011011101000110101100000000101101111111010110111101111111110010110111101001100011011101011111110101111110110101001011111100011101111111101111011010111000010101010111101111110101101000001011101011010001
10011001001101010100000111101010101000000110010100000000000001010110110101111011111011001101000011010000000111110001100000100111001101111010111100000000000010111101010010111110010101100011111010000011010111
10111101101101110111101101111110101101111111010001111111111111010110110100011001011011011000011111011011111101010111101111101101100000000000111001111111111111101111011000000011010100110110110000101110010101
11100000101100100010101000110100000100101100000111000110110110000000000101111011010011011011111101011010000000000101001010101100001111111111100011100000000101100011111111111111010101100000110111111000110101
10001110000110111010101101100111110101100111110111101100010110111111101101010011010110010000000101011010111111111101101000101111011110111011110110101111101101101110110111100110000001101111100011111110100001
11101111110110101000000000110100010001001111000001000101110100110101111100011001010011000110110100000000010010011101100010100110000000000010100000000011111100101010110000001100110111001100110110101100001101
10111000000110101111111110110111011101011001101111011100110110010101010001110011000110010111111101111101000110110001101111110011011111111110101111111110010101101000000111111101110001100001110100001110111111
10010011110110100101111100010101010101001101000101001101100011000000000100011011011111110001101101011111111110111101101101010110010100011100000000000110110100000010111111010111011101101111100001111000000001
11011111000010101101000001000000000001011000011101011100111011101111111110110000000101100111000100010000000010101001101101000011010001110101111010101110010101111111110101010110010100101010101111101101111111
10001101101000001101111011101110111101011011111000000001100001000000110011111101111101001101110101110111111110101101100101110110010111010000011111101010110100011011010000000011000101101010100111000000110001
10111000111111101100101110111011110100010001101101111111111100011110011001101001101101101000110000100000101100100001101101100011000000000111000000111010000101000000000111111111110101100010001101101111100111
10001110110101100110101110010001010111010111001100010111000001000111001100101011101101000011110110001011101101101111001000111000011101010001101011100010111101111111011101000001110101001000111000000000001111
10111000000001001100101011011011010101010101011001110001111101111101111110001010101100010110010111111110000101100001100011101011111111111111111110111010110000101011111100011111000101011110000011011011111001
10100011101101101110101010000011010000010000010011010111011000110000111000111010101111011111000001100111010000001111001111000010110000000011010100011010110110000001100101110001010101010110111111111000000011
10111110111000000110100011111000011111010111110111000101011101111011101101101010100011001011011111001100011110100110011101110110000111101110010110110000010111011111001101011011110000000010010001100010111001
10110110110011101100111011001111001010000000110101010101010100101011101101100010101111011000010101101001111111111110110101110000101111111011010100011011110001000011011101011001100101011111110111111110011011
10110100011110000110110011101101101010111110100101011101010101100000100100110110000110001011110000001011110000010100010101000101111100110011010110110000110111111110010100011011001101011101010110101111111111
10110111000011110110110110000101001010110111110101011000000000111010001101100011110011011001010111111001010111110110110101011101010110011011000110110111100010101010110101111010011111000000000000000000101111
10100011011110110100010011110001101010110001100100001101101010101011111001101111010110011100000010000011010101100100110101000111000000111001011110000000110110100010110100110000110110010101010111110110101011
10111010010100000110110110110100001010111100110101111001111111100000000011001100000011001101101000101000000000110110110100011111101111101101010100101111110110001110110001111011110011010111111100011111100001
10000000110111110000000110010111011000010110010100011100010111111011111111100111101110011000101010101011101111100110000001000101000001101000000101111110100000111000010111110000100111111110101101111101110111
11111110100010011110111111011111011111010110110101110001110010011010000110101101100011000010101010101001101100110111011101010000011011101010101100110000101111101110110010100101101101110000000000000100000001
10001010111000110000111001001100001010000010110101011011111010110000111110101100111010010111111111111101111110010000000101111111111111001011111101100110000001101000010110101100000000011110111111111101110101
11100000101101100110101101100111011011111000110100011001011010000110101100000110101000110011011111111000010111010111101111100001110101101011010000001111101111000011110000000101101011110110000000000000111111
10110110001000111110100101101100010000110010010101111011011010111111100111011100101011111000001010101111110101000000111011001011010001101001010101111101111101011110000111101100101110110010111110111011101001
10111111101011111010110101100111010110011011010000101001011010101101101110010110000000101111100000000110110100011111111010011111000111101011010111010100010100000011011111111101100000011000000111111000000011
10101001100001101010000101101101000011110001011110001100011000000100101011010110111111101111111111101100110111011101101010110101101100001000000011000101110001101010000100000111001111111101110100101011011001
10001101001100101011110000000101111001100111011000111001111011111101101010010000001110000000010101111110010110000100000010110001100111100011110110011100011101111110111101111111111100110101111101101111001011
11011001111110100011000111110000111101101101110011101100110000000100101011010101100000111111110101010100110011011101111000011011101101001110111111010110110001010100000000010101010101110100000000000001101011
11011100110110001011111110100111101000100100110111000101110111111101101011010111111010010001100000010110011011010001111111110010000101100000001101000000000100010001010101110101010101010101110110101011111001
10010101100111011110110000001100101110101101100101011101010101101101101000000011001011000111001010110011011001010111000011000110111101101111111000011011010110110101110100000100000001000000010011101110001101
11010101101101000110011111100110000000000101101101000000000000101000000011011000011010011101011111100111001011010101011111110110010101000100101011111111110110000100010101011101101111011111111001100000101001
10000001101101110011000110101111111111101100101100011111101111101011111001001010111111110000001101101110011001010000000101000011010100010001100010010101110010101111111101011000101001011011101111111011111111
10111101101101010110011100000101110101000110100110110001111010000000001101011111110101100111111000100011001100000111111101011111010101111011110110110000011010100000001101110011111100000000000011011111010111
11110000101100010011010001010001010001101100101100000111011010111111111111110000010101110101101110001110011101011100001101010100000000001111000000010110110010110101111001000111010001011111111110000000000001
10011010001111000110011111111011011101000110001101111101001010001101100000100111110101010000000100101011010111000110111101000001110101100101101111000011110111100100111111110101010111000000000011011111110111
11010011100001110110110000001001010101011111101101011001011000101100110111101101110000000101010001101000000011011100101000010100011101110000000001010111011111110101101110100101000001010110110111011010111111
10000111001011000100011111101011010100011100000001001101011011111001100010101000011011111111011011111101111110000101101011111111111100011111111011010000001010111111100000110100011111111110110101011000101101
10101100011001110101110110000011000110110111011011011101001000011011101010100011001010111011111111111000011111011101100001110011100110111101111111111110111010011010101111100001000000000011100000000011100001
11111001001100010101010100101000011100010110001111010101011011111010101110101111100010000001111101100011110011010000101111011010101111110000001110000010101010110010100110101101110101111111110101011110101011
11111011111111000101010111111101000111010011100101010000000000000000000100001110111110111111011000101011011010000111101010011010001001010111100010111111101000110110101100101111111100000000111101111100001111
10101110100011110000000101001111101100000110110000011011110101010111010001011010110110100011011110101110011010111110100010111000111011000011111000010111000011110010100110001000000101010110011111100001100001
10000110111000110110110000011010000111011100100111111000011111111111110111111010010010001001010110000110111000010100001110010011101010011000001101110010011111010110001110100010110111111111110110101101111011
11110000001010000011100101000010101100010110110011001011111010101100111110101010110110111111010011101100001111000101111011010110000000111111111111011000111101010000101000110110010111001011110100000100001111
11011101111111011010001111111011100111000110000111100000010000000110001100101010000000011001010110000001101101101100011000000010110101100011100011000011110000000101111011111110110101100000000001010101011101
10000000101101111111011011010001001101110011011110110111110111111110111101101000110111001101010110111111111001000001000011111000010111101110111000011110011101111111000000000011111101001111011111111111111001
11011110101000110111110000011101100001000110001010110010010110111000000101101011111111101100010110010101011100011011101000011111111111001010101011000111010100000111111011101111101000011111111110101010101011
11110000001101110010111111010101111101110110111010011000110100001101111100001000101001111001110111010100001001011110101010110111101101101010000011111100000001011101010001111110101011110000000000000000000001
10110111101001011010011010000000111000010110000000110011100101111100010110111011100011001101010101000001101011000110101010000000000000000000101000011101111111110101000111010000100000010110110101101010101011
10011110101101011010110000101010000011000000110110100110110101010110110110100001101110011000000000011111100001101110111110110110101011010101111011110001101101100100011111010111101111110111111100101111101001
11010000000000000010100101111111111111111101110011101100010100010000000010001111100111011011101111000011001100100100000111100010101111111111111111010100000000110001111000000000000000000000011111100000101111
10011111101110101000110101000000000000000101011111000110110101110111011000111010110010000001111111011111100110110001111101111010100000001010100000000101010110011011100010101010111011010111000000111101111101
11010000001000111010100101101110111011110101011101101110000000000001001010000010110110110100000001000011001100110100000000001010101011100000001110101111110011001000001110101111111110010001111111111111010001
10000111101101100010001111101111110010000000000100000000101011011111011010101000000000011110101111101001111110011110101010111011101000111110100011111010100111100011111111111101101111111101100000000011010111
11110100001101101110101010001001011111111101110001101010101011111111111110101010110101000011100001111100001011000011101011111001101110011111110111000000101101101000001011011000101010001111001111111000000001
11111111101111111100101000111100001110000000011111111111111110000000001100111111111101011000110111010101011011010111101000001111000011010000010000011111100001101111100001001011101000111010011110111111111101
10011010000010110001111111110111100011101101000000000000000110111111111110000101011001011101110000000111000001011100111010100011101011000111011011001011110111000011111011011010100010110000110000000001000101
11000000110110000101000000000000001001001001011010101101111100000011000111010001010011010111011111011100011011011101111010101001101110010001011111100010111111101000111000000000001111111010000110111111011101
11110101110110101101101010101110101100011101011110100100000001101000011101110111011011000000000001011111001111000101101111111111111111010101110101001000000000101010001010101110100101011011110010001011000111
11011111000010111001001010101000100110110001000010101110101100101011000000010000011010011010110111110101100101110000101101010111011010011100000001101111010110111011011011100011110001000000010110100001011111
10000000010110001111111011111110101110011101010110100110101101111111111101011011001011001010010110110001101100111111100000010000001010111111101100100001010010111001011001101001100100011110111111111111000101
11010110110011011000000011000000101000110001010110110110111111110100000111110001111111101110110000000101101101101011001101110111100010000011101111101101110110001101001100101011110101010111111100111011011101
10011100011001001101010111111111111101100101010110110010000001100001010000110100010110000011100110101111000000000000011111010100101010101000100000111000011111111001011111111110010101000001010101101011000001
11011001011101111111111100000000000000110101010010110111011011001011111111100111010011110111110110111011111110101011000011000001111011111101101010001101110011101101111011010111011111101111010100001011011111
10010011000111110111110001011111101101111101010110011100011111011000101101111110000111100100010110000010000010101001101000010111000000000101111110111100011000000111101000000000000011001101010101111010000101
10111011010100010101010101111000001100011001010011000111000000011110000000000011010000110001011100111000101110111111001011011111111011111100000010110001000011111110000011101110101001101000000000101010101101
11110010010111000001011111100011011001110011011010010001101011001111111011111111110101111011001101111101111000000001101001000001100000100110111110011111011001110000111110111111101111000011111110000000111101
10000111010111111100001010110110011111000111110010110101111011100000011110000001100101011110011000001100001101010101001011111111110101101100000011000011001100000110000110000011111101110111111011111111110101
10110001010100000001100000000011000001101110110110110100011000110101000011011111110100000011111110111001100101011111011010111101011100000111101001101011101001111110110000111000110000110000000000000000000101
11110111111111111111111011110110011111100000111111100110110010010101111110010110111110111010101110011101101101111010001000000001001101110100111111001110111100000010011010011101100111100101101010101010110001
11011110110000000100000011000111010000101110001010001100011010110100001011000010011100011000000011001100101101101011011011111111011100010001110111100000000110110110110011000111101111001111111111101110010101
10000000011111110111101111011100011110000010100011101001011010110110100001011110110111111101010111011110100100000001001001011110000101010111100000111010101110110010110111010000000001100011010101101100111101
11111111011010000000001100011101001100101111110110001011110010100010110100000010100001011111110101001011111110111111011100000000101101010000001111111110111011100110110001011101101011001000000000100110000101
10000000000000110101011111010001011111100011011111101000110110101110010101011000001100001000110001100000001010000001001110101010100111011010100000000010000011001111100111001111111111011101010101101100111111
10111101111011111111011000011101011000001000000000111010110010100110110111001101011111100011100111110110100010101011100110101111101111111011101111010110101111100101110001100110001101111001011101100110011011
10100001001110000010011110111001011011101011010101100010111110110011100001100101010000111000110001010110111111111000101100100000100000001001100001111111111100110000011011110000100000001011011111001111000001
11111111101111111011000110110011010010001001011101101010100010011000110111101101000111111011110100011110000011111010100111110111111011111101101100101011011001100110111000010101111010101010000001111101101101
11011010001010100000011111111001011111011111001101001010001010111101100000111111010000001111010101010000111110101111111101100000011000001111100110000001001101110010110011110100001010111011011100110101001101
10001011100000111101000011000011010000010111011101101011011110001100110110010111111011111110010111111110000000000101010101111011010011111000110111011111011000110110011011011101101010110010000110000001101101
10100000001110001101101001101011111101000101110111001011000011011001100111000000110000001010111111101000111010110000000000001111111000000010011101000101010010011111010000000111111110011010111110110111001001
11110101011000100101111011001000110001101100000011011001101011011101110011010101111101011010101101001110011010100101110111111110001110101011111100011100000110111001010101111111010111011110011000010001101011
11100111111101110000011111101010100101100001110111111011111001110000011111010111010001000000000001011100111110101100010000000000111111111000100111000001101111100011010100010100000011110111110010110100101001
10001100000001011011000000111010110101001011111101101011000011000101111101110000010111011101011111010111100011111111111111101010011011001011101111101111111011101111111101000001101110100000011011111101101011
10101001011011000001101011111110110111101000000101101111110111101100000000010111110100001111000101010101110111010000000000111011000000011000000001100000000000000110101111101111000110101101010000001101111001
10101011111111110101101011000011100100001101111101100000010110101101010101110000011110100110010000000000010101010111101110011001111010111111111111111111101011110000000011000001111100000111111011111001011111
10111110000101010111001111110111110110101100000101101111010110000101010100010111011000110111011101011011110000000000111110110011111010001111111010011000101000011111110110010100010101010110110000001100000001
11100111110000000011101110000000110011101110110000000001111100101111111101110111001110010001011111001010000111111110001010011000001010100000000010110011111010111111100011110110110001110000011011011001101101
11110001110110101000101000101110100110000010010110110100000111100000100101110001111110111011000001101000110000000111100010111011101010101011101000000111100010000000111111111100000101111110110001011011000111
10100100000011111011101101101100001111011110110010010111111110001010001100010100011000011011110100101101100101011101111111100000111110111011101101010000111010101010000000000110101100001111100101011001101111
10001111110110000000101000111101011100000110010111110000001100111010111101111110111110110001110101101000111111111100010101111110010110011000101001010110001010101111011111111100100111100001111101001011000001
10111011100110111011111101100001110111011110110101110110111111100010000101101011110100011100011101111010000000000001000000000011000011010011111011111100111011100110000000011001101111111111011111101001010111
10100000001111110001010001111011000000000010011100010011111011110110110100000011010101000101000100011010110111101011111101111111010110011000011110101110011000110011111011001111000000000100000001101011010001
11111110101100000111000100110011011111010111000001110111101000010100011110101000000101101101011111111010110111101110000100000001011110111101000000000110111010011000111111100001011011010001011111111011111011
11010000100111010001111101111010010000010011101111000000000010110111001011111101010100100101000000001011100000100000101101011011000011100001010101011111101110111110000000110101111001110101000000011001100001
10000101101100011011111001010011010101011000100001101011101011100001100001100111111110111101011010111000110110110101111111111111101111111101111101000100000010000110111111111100001100110101101111111111110101
11010111000110111000001111000111110101011010111111111001101111101011001100110000001010000111011010001101110110011100010110100110111010101100000101110001011010110111111100101111011001111111100010101110111101
11010110010111101101111000010001110101110010000010110011100000111011011110000110100011011100011111100111100011001101000000001100010000101110101111111011001111110000000101100111111100000011001000000000000111
10010110111101000000001111010101000101110111011000011111001010001010001100101111111111011111000101110111001011101101110101100001000110000011101000001011100000011011111101110101110001111001101101010101011111
11010100011000010101101011010111110111000011001101000001101011011010100110100001010001000001011101011101111110001100010111110101010011111000100010111000101111110000000001000000011111101111000111011111111101
10010101001110110100111000010011000110011011011111101011001011111111110110101100000111111111000000001000110111111110110001011111011000001010111111110011100000111101110100011101001110100001110001111001110001
11010111011000011101110010110110010111001001000011001011111000000001100110101111111110110101111101100010000000010100111100000011111011111111110101011001101010011000110101001111100000001011000100101011010111
11110111010010110000011010010011010100011011101001101000001010111111110110100111101100000000000111110110111011000110011111011000001000010101010000001011001111111011110111011011001010101111101110000000000001
10000001111011111101110010110110010101001001101111111011011010000000110110110000000101111101110111011100001110010011000011111101111101000000000111111111100011110001100110000001111111111111111011101011101101
10110111101000110101111111100011110101101101000000110001001010111011111100011010110001010111111101000110101111010111011000101111011111101010110011110100101000010100110100111111000001011011011010001000100111
11100110000010110000001101110111100101101111011011111101101010011000000110110010100100010010001101011110100011111100011011101011001010111110011000000001111101111101111110000000010100001000001011101111110001
11110011101110111010101100000100001100100110010000011000111110110010101100011010101101000110111100000011101001100110110000000001011000000010111101111111111111111101101011111101111110100011011001100110111101
10000111100010100010101101010111011110101111011010110010000011110111101001011010101101010000000001011111001011001100110101011100000010111111101000000001101011010111001001111001101111110111111011110000001111
11110110001110110111101101011100000110100110010010011010101111011100001011111110100111010111111011000001011000011001100101001101010111110001001101011111100001000001101100001100000101011110101000110101100011
10000011100011111110001101111101010110101100111010110011100000011111011010011000110001110000011111110111001011011100110101011111010101100100011111111110001100011111000001111001010000001010100011110100101001
11010110001011101011011001000001010110101001100010011000110110110101110000111110110111000101110101110001011110000101100101010100010000001101110110000000111111110110011011111101010101101010101000010111101101
10010111101010000000001111101011010010111100110110110010011110000000111011110000110001110111010000011011110111110101110111000111111101011111110110111111100110110111011111000111010101111000001111111111111111
10110000101011011011011110111011111010000110110100110111000011011010001011011010011011000001000101001110110101110101000011011110101111000000000110000110101110000010000001011111011111010010100110101000000111
10111101101010010011011000000010011011010110111110010011011111001010111000001110110001110100011111100110010000011111010110000000000011101101010000110000000100101000101100000001000011000111110000000011110101
10000100111111111011011101101000110011010110011000111011000101011110110010111000011011000101000000111110110111000001110011101010111000111001010101110101010101111111100101111111111110011111111010110111011101
11010101110000101011110111001010111011011111011010011001010001110110011010001101010011011101011110000000010011010111111010001111111101111011010111100101010001010111111111110101110111010110101111111110001101
11110100010110000001110011011010011011000110001010110011111111100010110010101101011110000101001010101011000111111101010010100000000111101111010010110101010100000000000010000000000010000010001111101010111001
10000101110110101100011000011010110001010111011010111001100000001110010110111101110000110111011011111111101100001101011010101010110000000101111010111101011101101011111000110111011000110110111010101010101011
11110100010011101001011011011010011011010011001110101100001110100110111100011000111011100111000001010001100001111100011011101111110101010000011000001111011001111000001110110111111101100000101010000000001001
10000110110111001011010011001011011001010111100110100001100111111100110001011010011000111100010100010111101100010101111111000001100101111010111101111010001100011011011000010000000111110110000000101111111011
10110110111101101011011011011001010011111110110100110101101100011101111101111010110011111001010101000000111111110000001110010100111100001110101100000011101101011001001011011010110000110110101010100010111011
10100110011000001111010010011011011000001010100110010100100001010111100000110010111001100011010111111010000000000111111000110110000111100110000110101011001101010011101111001011100101100011101111111000100001
10111100111111100001011011110011011011100010110011111101110101000010110110110110011111001011010000001111111111110000001110110110110001111110110110101001100101111001100101011000110111110110000000110010001011
10100001101000001011110001111001110011001010000111011000011111101000011100010011001100011011011011011101000000111011111000010010011111010010010110111011110100001011110001110010110010111111101110110110111011
10110100001110101001100100001100111011011111010110000010111011001011011110111001101001011011011011000000011110001000001110110111001100010110111100011000110110111000011011111111111010101011100010110100001002
10100101011000111011101101100101101001000011010111101010000001111110000110001011001011001110010001101111000010101111100010010101101101000110101110111010011110110011110000000000110010000000101111111110111111
10110101111010100011001100101101000011011011011100001011101100000011010100111010011001100111111011000001101110101101111111010001100101111110000110001110110000011000010101111011111000110111111011111100000001
10100100110011111010011110100111110111011001010001101010000110110111111110001110111011110011000001110111000011100001011101111011110000111011111110100011111111011010110100111110011101110000110000110111011111
10110101111011000011011010110011000101011011011011101111010010011110101011011100110011000111110100010001101001101100000000111111000110000000010011111111001011111110100110000110110111000111100111110110000001
11100100001110011010001010111111110001111111111110001100010111001010101001000110011011010101000101110100101011111110101110010101110011011111110111011101100000000010101111010000000001010011110010000011010101
11110111111000110011011000001101000100110001100000100111010001100000000011011110110011010100010100010101101000001011100011000000011011011010110000000000110111111010101011010101011101111000000110111110010111
10000011000010011001110010101000010110010111110101110100011111110101101001011000110110010101011101011111001011100001101011011011110010000000000101111111100000011110100001011101000100110010110000000111110001
11101001010111111011111010101101110111000001011101111101000000010100101011111010110011010111011001111011101000111111111111011001111111010110111111000101001111110110110101000101011110100110110101101101111111
10001011010110000011000010101101100011011111010000110001011011010101111110101110110110010110001100000000111111111000000001001100000110010111111011110101011011100011111101011101011111101110010101111000000001
10101011010011101111101010101100110110000111000110011101001001010100000010101100110011010110101001101010010000000011011101101101110011010000000001100000000000101111001111001111010101100011010100000011010101
10101011010110001100001010100101100011010001110110110001101111111101110110101001111011010110111011001011000110101111000101100100011001110101110100001101111010000001100001100110010101101111010110111111111111
10111011011100100111101110110101001111010101100110011101100010110000010000101100011001110110011011011111101111100001010101101101011100110101111101101100001111101111101111111111000000100110011100000010101011
10011011001110101110000110111101100001010111110110110001101110111010111010000110111100110111011001000001100000101011111101100101010110110100001111100110101100100110101100000001110101110011000110111110000001
10110010011000101000110100000101001011010000110110011011000000011010011010101100000110110011001101101100110101101000001100110101010000110110100000101100100001110000000001101011000101100110010110000000101011
11111111111111111111111111111131111111111111111111111111111111111111111111111111111111111111111111111111111111111111111111111111111111111111111111111111111111111111111111111111111111111111111111111111111111
