111111111111111111111111111111111111111111111111111111111111111111111111111111111112111111111111111111111111111111111111111111111111111111111111111111111111111111111111111111111111111111111111111111111111111
101010110101101100101100001011101101000001011000000000011000010101100000101001011000110101101011001100101010110000100101100000001000001101101101000010000001001100000101010100100000000010100100000000000011001
100010000101001110000111100001001101101111010010101011001111000101101111101101011011100001101011011101101010011110110000110111111011111000000000011110111111011101111101010101101111111110110101111101111111101
111011110101100010111101111100011001001011000110101011100111110000100010101101011010101111101001010100101011000110110111100100101011001101111111110110101111011000000001010000100000110010000000001100001101001
101001100001111010111001010111001101101001111110111110110001100110001110101001010000001110101011010001100011011110100000110101100010011000111011000000000001010010111111010111101111110110101101011111111000011
100011001100011010101101000011011101101011010011111000000111111111101100001011011011111010101011000100111010011010001111110000101110110011101001101101101111000111110011000000000101000000111101000110101111001
111001111111010000001101111011010101101011011011101111101101101011000001111000010011011010101001011101110011001011011110011011100100011010101011101111111010010011010111011110101100010101110111101100101011011
100011001101011010111001100000010101001011000010101101101101101010010111011111011001011010100011011111011011011011000011011000001101110000101001001011010000111111000010001111111101111100000000111101101000001
111011011001010010110011111111000000011011111010101000001101101010111110001101000011011000001110000110011010011011011111001011111001011011101011011001000111100001101110111000111001101111101010111000101011011
101010011100000111100111000101111110110001100000101101100001000000011011101101110110000010111000111111011010110011010110011010101101001010101000000011011101001011101000010011101100000000111111101010001011111
100000110101110001001110010001001100000111110110001111111101111110111001101100110011011110101011110110010000011000000110110010100100011010000011111111000001011110100011110111001001011111110101001111011000101
111110010111111101011011111101011001101100111110111010000000100000101011001101100111001011100010100011011110110011111110011010101101111010111110101101011111010100101110000001100011110000000000011101000010001
101011000010010100011010100000001101111001101010011011111110111110101001100100110101011001001110001010011010110110111100110000000000000000000100001100001011010110000000111101101110000111111111110000011010101
100001011011010111001010110101011000011011001010110011010110000010100011101101110100011100011110111011001010000000000110000101011110111111111101111101111001010011011111101111100011101111101110011011011010111
111101111001010111011000010101000010110001100000111010000110101000001111000101100101000110110010101111101011011101111111011101000011111001110000001000001100000110001101100010101110100000101011010001111110001
110101101100000000001011111111111011111011110101101011110111111111101010011101110001111100000110101101101011001111110110001111101000001011011011111011111101111100100100101110001010001101101011000100110011101
100000000111110111100001100110100001111011011100001011000101001110000011000001011011111110111110101001000011011011010100100111111111100000010000000000011001101111101101101000100000111111001011011111100111111
101101110101111111111101101100111100110011001111101001110101011000110111101111001000000000011100101101011111011011000001101101000000110111000101101011110011100011000000000010111111111001101011000000101110001
101001100000011100010100101110101110011001011011100011010000011101110101000001101011011010110110101100011010001011011111100100010111111111111111111111011010101110011010110111111110101011100011011111101000111
111011111110110111010101101010100010111101011000111001011110110111000000011011001001001111110100001110110010111010000000101101110011101100111010001101011000000000110011100101100000000010111011001000000010001
111010100000000010000001001010111010101101001110000011000010110011111101111111101011111001100101111000011010101010111111111000110110100101101010111000000010101111111111110001001010111110111010011011101110111
100010001110111000101100011000000000000101100011111011101000110110100001010101101001101101110101101101110000000000000010110011111110101100101000001011110110100000000000011011011110000100001011010001111111101
111010101111111101111111011111101101010001001110110000111110000110111100010101101100101000110101101000011101111011111110011010111010100110101011111000111100101111111101001111000111111101111001010111011011001
100011111000001111010111010000101111111100011100000111110111110110101001000000001101101101100101101101110100011110011011011000010010110000101010101011100111100011011111111100010101001100101101010101000000011
101111100010100011000101011011111010101111010111110101100101100110101111110111111001100000110001101000010001110011000001011011110110000110000010101010101101101000000010101001111101011001101100000000011111111
111110111110111000010000010001010000100000000010100000110101001100000110000001011101101111111100001011110111000110011111010000000000111110111000000000000000101010111110100011011001001101100001010101111110101
100000000000110010111011011011011110111110111110111110110101101111101111110111000101100010110111100000100101110111001110000101011010000010001011010111011101111110000000001010001101011101001011111100000000001
111101110110111011111111001001011000001110011000110000000000000110000110100011110101001010100001101111101101100010011010111111110011011011011011110001001100000011011111111110111100000000011110011101011111111
110111111111101011010101101100001111011010111101111110111110111111110010110110100100011110101111000100100100001110110010001010011111011001111110010111100101011011000111101100000110111111000010110111111111111
100110000001101010000000001111011000001010101000101011110000011010111010000000001101111110101101011101101101111010110110111010110001001011100000111110111111111110011100000101111100000001101110110110100000001
110111110100000011011111101011001101100000001101100011011110111010000010110111111101011000101101010000100000000000010000000000010111011111001111101000010001110111110101110000000001101111111010000010001110111
100100111111111111111101001010011111001011011000111000001110110011111011100000011000001110000101000111101110110101000111111111110101111001100000101011110111010100110000111111111100100001011010111110111111101
110101101000100000000001101011000111111001111110011111100000011011001011001111111101111011101100011100000011100101110000011010110001101100101110101000000011000001100110000000101111111111001000000000001001001
100000001110111111110100000000011100011100101011001101110101011001100001100000101100010011000110110001010111111111111111000010000101000110100010101011010111011100001110101010000010110111101011011010101011011
111111100100110110111110101111010110110001101001101101011111011100111011001111101001000111101100011011111110011000000111111110111111011110001111101011111101011110111011101111011000000000000001111110111000001
100100110110000110101100101000000000011011100011101001001010001110001011100001101011101101000001110001101010111010110000111110000011011011100011000000100100000110000001100101110010111111110100110110110011011
110110000011110100101111111101101111010010111000001101100011011011100010101111001010111101101111010111100000000010110101100000101111010011001111110111101101111110111100110001111010000000111110000011110111111
100000101000000110001011001111001000011010001110111100101011010010111010000111101010010100100000000000001011110110010100001101111101010111101011000001100000000011111111111100001011010111100011101001010100001
101011101111110000100000011011011111000000111010010101111010010110110010111100101010110110101111111111111000010111010101101100110101010011000000010100101111111111000110101111011011010000001000111100010001111
101011001000000110101011000000001100010110011010110100110011010110011000000110000000110000000000001111111010110001010100101110000000000110010110111110000000000010010000000011111111011011111101111001000100001
101011101111010011101111110110100111011111000000000101111011000011010011101111111011110111101101100000001111111011111111100111010101010010110010000111011111111110110111111110101101111000001101001101101110111
101010001100011110000110000110111100011011101111110000110011010110000110001101101001010111111111110110100101011000100000110001111111011000010111111101111011010110010000000000000000110010111111011111111010001
101010101111110000101111111110111001110000001000000110000111110111110111101101001011000100000110111111110000001111101010100101101011111101110101110101110000000000110110111110111110111010001111010111000010111
111110111010000110101011100000100011000110101110110110110001100101100011101001011011010001111100000000010111011110001111110100000010101100010000000000000111011010011100000110001111101111100100000001011110111
110111111000101111101000001101101010010010101111111111100111001101110110111100010000010111110001111101111111111010111101011110101000001101111011011101110111111111111110110111100001100101110001111111000011101
100011101101100101001010111000101111011011111011111101110001101101000110011001010111111110010111110111101100101000000101000010101101011000001111000100110000010100000011110000101111110000010100011110011001001
101000000001111101011111111101111110011111011000110101010111001001010011001011110101101011010111000010000101101011111100011110111001111111111001111101111011110101101111011011111100000111111101000000111100011
111111101100110001110100001111011011010000000010110100010011101101111001100000110101000011000000011000111100101000000101111110001011101111001101111100001000000000111100001111011001110001101001110110000101111
100000000111100100100111100011010001111111011110110111010110001100101101101111100001011111101111111101101001101011110000000011111111000001100000000110111011010110011001111100001011110111001100010010111111101
111111101111111110110001001000011101110011110000110001000011100110000000000100001111011011000000000111000011001000111110101001000110011111001101010010011110010011001100010110111010010000011111111010000010101
110110001000111000011101111111001001011010111110011101110110101111111111101101111011011001101111111111101110011011101011111111011111010011011111111111000011010111100001110110110000111011111011101111011000101
100011111101101111000000000111101101010000010111000001000000101101101101001100000011001011000000100101000000111000000000000011000110000111001010101101101010010000101100110110000101101111010000000110011010001
111010110101100110011010110000000001011111000001101100011110000001101001011101111111100000011111101100011111101011101110111111011111011101011000000000111111111111101111100000101100000101010111111111001110101
100000100000110000111110111011111100001101111100111111011000111011101101000000011001101111000000000110110110001000100110000110000110010101000011011011110101111101111010101101111001111101010000011011011110111
111110111110011111111110001110000001100000011101100111111110100001000101011111111011000001101111111110000000111011110010111111011111000000011001111000000101010101011010001111001011100101000111110011111011111
111100000000110011111011111111101111110101000000110100110000110100010000001110101010010101100011011010101111100000010111111001010110010111111100101111110000000000000000100010011011001101011110110110001001101
100111111110000110110011011010111110100111111110000110000111111110111110111010000000111111001000010000100100001101111101101101000000110011100110000000011010101101011011101000111111100000000000000100111011001
110111010000110100011011010000010000111111100000110000111111111111100000011010111010011011101111000101111101101111101001100101101111111110001110111111111011100111001001111101110001001111111111111101101000011
100100011111110111000001011111011110101001001011111111101000110101111111000000011111110000100011111101011000100001001101101101000000000000100010000111101000111111011100010111011101100001111000000100101011111
110111000101010111111101011010000100001101111111000001000010000000000000010110110100000101111000000100000011111111011001001101011111101011111111010000001010011101110101000110001101001011001011111101100000001
100011110000000000101101011000110001100000000101111101101011111110111110110110000001111111001101110110101000011011010011011101011101111111011111111101011111000000100101010110111101011111011001001000101111111
101000000110101110000000000010111011111010110001100000001111010111100000110110101100000111011100010110111111110001010111000101010101010100000010001111111110010110001111111110110100001101000011011011101000111
101111010111111111011010110111100011011111111101110101101100000001111010110100100111111101000111111110000111011011010101110000000000000001111110100000001011111110100110101000010101111100011111011000001011101
101000011101100000010010100100001011000101101000000111111111101100000010010101110000000000010000011011110000000000000000000110101011101101101010111011111010000011110010101011110101111001011101000011111000001
101101011000111111011111101110111111110101001101010100000010000110101011010101100101110101010111110000011101101101010111101100101000101100000000011111011010111111011000101010110101000011110000011110100010101
100111110010000000011001111111110101010101101101010110111000101111111011111100110111111111111101110111111100111111010000100110111011111110110111000101000000001110011010101000000000011000100101000010001111111
101110111111110101011100010101010000000000000111111111101110101001010000001101100000000001101101010110000110111111111111110110110000011000010001011100011011111010111110000011101111111010001111011110111101011
111100000000000111001111000000011111111011110010101001000000111100000110111001101101111111000000000000101100001101101101111100011011001101011111001101111111100000000010111000100000110010100001111000011000001
100111111101010100011000011101000000000001111010101101111110001110101100001101101100000001011101110101111101100000000000101110110011111101000101100000010010101110101010011010110110011010111111001011000011111
110000000001011111111111001101101010110111001000001000001000101010101101011000101101111100000111111100010111110111010110000010011000110111010000101111000110101111111110111111111100110010010101101011111000001
110110110101011000000000011111111110111111100011100010100011111010100111111010101100000111010000000101000010111111111111111110110010000001110101100001010010000000010111101101100110011011000000101000001101101
100111111111111111010111110010110111101000001011001011101011000010111110100010100111010001011101111111010110001000000000000011111011110100010111101011011000111011010101100000101111011001101011100011111111001
101101011010101111111110111010100000000010101010011001101110011000011000110111101100010111000100000111111100111011111111111111011000011110110000111001111110111111110000001010001001011111001000001000000001101
111000001010101000110000010010111111011111111011110011111000111101011010000000111110110011011110111100011110001010000000000000001011000011110111111111100010000110100101011110100011110101011101111110110100101
100011100000001110110111011010001110010000010011000110100010001101001010110111111011111110001100011101110000111000101010101111101011101001010110000111001110110000001101011000101110100101111000000111111111111
111110111111100000011110000011100011111101000111101100111011011001101011100000000000000010111110110101010110000010111011101000111000101100010000110000011111111101011111111101100010101101100010111101011011011
100000001010001110111011111010111010101111101110001110101111110011111111001010110101110110010100000000010111110110001000111011111101111111110101111011000000001111111001101111101110100000110110000000000000001
111111100000101000101011000000101000000111101000100110001110111000011000011010010100010011010001011011000011111111011011110000000101011000110111001110010101111010101011000010111010001101100011010101110111111
100000001011111110000001111110000011110101001101101111100000000010111101011010110110110110010101011011101010000001001111100101101100000010110000011000111101100000000011011110010000111000101011010100011110111
111111101111100000110100110000101111000000011001000110001010101010011001010010011110010111111101011000101000111011111100001101111001101111110101011111101111001101111110000011000101111101111011011111111000001
111111111110111110111110000101111100011010111101101111011111101110110011011011001010110000110001011010101110001000000001011000001011100001011111110011000110011100000110111110010111001100011011000000000010111
100000000000101011101011111111010001111110101101000101010000000010111111010011100010110111111101011010100011011011011111111110111110111111000010000110010011000110111110110110110000011101111110011111010110001
110110111110001011000000000000000101000000101111101100011110101010000001111010001110010010110001011011101011110011000000000010001110000001011110111110111110011111110000010110010110111000001111000011110110101
111111100000100001110101011011010111011101100010000111010000111010101101100010100010111000011011110011101110111110011111011010100010111111010110111010101010111001011101010110111111101111111010011000010011111
101101111111111011011101010010010100011001101000110110011010011010100101101011101010011010110000011000100110000011000011111111111110101010000010101010101010110011001101110110000001101000110011001011111110001
100000100011010000011111110111011111011100111010110111111110111110101111001110001010111010011011001101110000111111101000101101011010100000101110101000101010011011011000110000110100000010000111101110101011011
101110001000011110110110111111111010000111100010110100000000111100100001100010101011100010111011011000011010000110001010000000000000001111100000001110101010110001011010000101111111011111010000100000000000001
111000101011010000000000011010110000110110001110110110111010011001110101101010101001110110110011001101001111011111011010101111110110100001111110101100000000100100000011011101100110000001011111111111101010111
100010111110000101101101000000000110010100101100110111100011001101000111101010101100110110110111101111100101111111111010100001011111101111010111111110111111101110110111001100001111111011111101000000111111111
111111100100101111111111111011010110111101101101111100001001101101010000101111111101110100110110000110110000000110110011101100000001100000000001010110000000000010011101011101111101111001110100011011110100101
111101110001101011010111110010010110101001001100110001101100111101110111101100000100011110010111010000010101110000111010000101110101101110110100000000101101011111111001110000000000001100010101111111010101101
100000000101111000000101000110110100001101101101100101001111100000110000100101010001000110110100011010110100111011101110101100111111000010011110110110111111000011101011111101011111011101110001010101010100001
111111101111010011110000010100011101101001101100111111111000110111100111101101111011011100111110110010110110011000000111111110000001111111111100010110010011011110000001010111111001110101010100000000000001101
100000001100000111111101110110110000111101001111101010111010000000110001100111110001000110011100011010010011001010110101010111101100001101100110110011000111000010111100000000000011100100000110111101010111101
111111101111110100000000110100011010110111011000000000000010110110010100110011000101101111000110110010111011011110010000000000100101111000001100010111101110011010111101101111110110001110101100000111010000101
100000000111110110101101111110111010100000011011011011110110110011011110011011101111000011101100110110101010000010110101101111110100000011011111010011000011011000000100111100111110100110111111110001110101101
110101010100000100111101010000110010111010111001111011000110110110000110111110101011111001100110110110001111101110110101000111011110101001010101111011101001110010111110010001101010111110000000010100111111111
100101111110101110110000010110010111110010001111000011010100110011010100001100000000001011101100010110111101000111111101010001011100111101000001110000101100011011111011000100000000011011010101010111101010111
110101001000101000100101011100110101011110111100010110010110010111111101011001011011111010000110110110011000010000001101110100000111111001101011011101111101110000000001010101011101000001111111110000000000001
111111101111111111101101011001100100000000011001011100111100110000001101001101011000111111101100111111001101010110111111000101011111101101101000001100000100011110110111011111000101011111101000011010101111111
101111000110000011111001001100110110110101001101110001101110010101011001100111110010001101000110000001101001011100110111101101011000001111001011011001010101000011111111000011010101000000000011001111100000011
100101110000111010111101011101110100100101011100110101000100110101001011001111000110111000010111011111111011000110000001100101000010100001111001111101111101011000000001011111010101110101010111100011001101001
110101011111100000000001000111100110110101010101111101010001111111101010011000011110001101011100000111000011111111010101101111011010111111111011101000000111011010101111111101110100011111111110111111111001101
100000000011111010101011101110001100110101000100101001111101000001101111001101000010111111111110110001101000000011010100100110001010010101001000001010111111011110100000010000010110111010101010000000001111111
110101011000000010101001101100100111100101010110100011000000011011000011011001010110000001100000110100101101010110010110101100101111000001011111101010000001000011101011110110110110000000000000111110111110111
111111111101101110111011100101101100001111011111111110011011011001101011010011010110101011001010011101111111010010110010111001111100010100001111111111011011110111111000110111111111011111101010001011110000001
100010110111101000110000110111000111011000001111000000110011111011001011110110010110101010011011001100000111111010010110001100011001010101100000111000011000010000011010000001011011000000101010100001000111111
111000000000001101110110010011010011001110100110010101111000001001101001100111011110111110111011100110111100110010110010111001011011010100110111101101010011111101111111010111000001010101111110110100011110101
100011010111101001100011010110011001100111110011111111000010111100111011110100001010010010100000110010000101111010010110001101110011010101110000000111111001111101110101111100010101111100000111111110111000001
111011111111111100110110010010110011110100010111001010010110000110011010110101100011000111110110100110110001100011010110101101110110010100011110101110001100010111010100101001110100000101111101101011110010101
100010000000000001110110110110011010000111000001101010110111010011011000110100101001101101000011110111110111110110011100101000010110110111001111100000111001000000010101101011111110101111100000101011100111101
301010110101011100011100110011111111111111010101000000100001010111001101100101101100100001101111000001100110010010110001111101110110100001100011001011110011010111110100000000001011111010101101101010001100101
111011100101011001001110110110010110000000010101010101101101111101011000110101111001101011001101110111110000110110011101111000111110101011110110011001100110010000000001111101100001011010001111001010111101101
111111101101011011011000100011000000101110110101111100101000001001001101100100111100101111101100000110000110010110110000101110011010111000010010111011001110111010101100111111111111011010100011100010110101111
100110001111011001001010110110011110111000111111110001111101100011011101101110000110100000101001101100101100111100011010000011000011100010110111101001100011100011100110000010011000001000101110101110000000001
110000100110011011011011100111110000100010000011000100110001111111111001101000101110101011111101100110100110000111111110101110011111111010010101101111001111111000110110101000111011111011111010000010111101111
111101101111001111001010001101111010101010101010011101110100000000001101111110111011111001010001001111110010101100101100100011000010101110110000000001100000001101110110101010001000000011010000101000101111101
111101001101100001011010111000000010111110101110110001100101011111111111000000000000111011000101100000110111111101100110101111011000000010110101010101101010111101100010101011011011111001000110111011100010101
110001100101101011001011111011011010100000111100100101001101000000001011011110110101101011101101110111100000011000001110100110001101010110110111010111111110011001110111111011000000001100010010011000001000001
100101001100001001101011001111110010110101100001101111101111101111111001110000110100101110001001000000110111011011100010110110111001010010100011010001010111111100110000011110010111111110110110111101011101111
110111100110101100111001100101100110111111111101001100000110000000000011100110100110000111111011101011100001000000111111111100001101011110101110011100000100001101100111000110110000000111111111110111000100001
100110001100111001111111110000001100011010001111101110101111010111111000110110101100110001100010101011001011010110000001000101101101000010100111001101010001111100110011111100110111110101011101010011011101011
110011100101111101000000111111011110110000100011001000100011110000001010110100100101100111101010001110011110010110101100010101100101011111110001101101011100000101111000001111100000010000000000000111000101001
111110001101100000011111100000000110111101111011101011110110000110111110110110101111110011001011100110110111010010100110110101101101001101010100101101000101101100001101100001101010110101101101101101111111101
100000100111001011001110001110101111101111000000001001011100110010101110110100101000011011101010001100000011010111110010010101101101100000011110111001010100101101101001101101101011100101111111100000001010101
110110110001101001100011101111100011000111101110101100011001100110000010110110100011011010001111100110111110010110000110110111000101001101111000001111011101101111111011000101101000110100000000101111100000111
100111110111111011001011111001101111110000001100111001111101001111011111100100110110011011011000001100000011110010101110011110010101011000001110101111001100100110111110011101101101100101101010100000101010001
101100000011011011101000111100000011000101011110001100110101101010001101110110010111011011110011011110101000110111100011001100110101001110101100111000011001110000000011011111001100111101101111110101101111101
101110101000001010001101100001010111101111010000100110000111000010100000010100110011111110000110000110101010110110001001100110111101100110111110001101001100110101111110000001100110000100101101010111000011111
100110101010101111101101101101010111111011110101111100101111101111101011111101111000000110101111011111101011110011011100101100001111101100000011111101011001100100000111011011101100101110100000010001101110001
101100101110101100000100101111010011010000100100010101111000100000101001011001100010110011111100000000101000011011001101100110100011000101101000010111011100110110110011001010101101111010110110110111111010111
101101100010101101010101111000010111011010001101010000011010001101111100001101001011111110000001010101101011001011011000101111101111010100111011000001000110110110011001011000111100000010110111111110110000001
100101001010111111010111011111011100010011101101110101001110101111001110111001101001111011111101011100111011101011001101100011001101110110110001010111010110110010110011011101111001011110110100011000000110101
101111011110100000011100000000001111000110000100110101100111100000011000111111101100110001011001000110011000101001100101101001100001111100110101010001111100111010011011000100001101000011100101110011101111111
101011010011101011001101010110101000010110101101110101001100001111111110001100001001100100000011101111011011101011001101101111101100011110010101010100100110011011001110010110100101101111110000110111111011001
111000010111101010011001010100111101010100111000011101011001100000001100100101101011110101011000100110011011111001011101100011001101110110110101010110001110110001100011011100110111000010011010000010001011011
111011000000111010111101010101110111010110111101111101011101001101011001101111001011000111011011110011011000111011000111111111101100000010010111110110100010011101101001000110010001101000110011010110111010001
100011010111110010100001111111010000011111100000110101001111100101011011001011101001111100010011111110011010001001101111000110000110101010110010100010111011001100101101110011010111001110011011010000000000101
101011010000010110111111101110000111000011110110000101011010101101001001100000101100001111111000101011111011111111000000011110101110101110111000110110011011011001111111000110010001101000110001110111111010101
101001010101010011100000000100111111011110000110110111011000000111101111001111111110111000000010000001100001110101111011001010100011100011100011100010110001111100000011010011010111101010011011100000001011101
111111011101110111110101110001110000011011110110110001111111010001100001100001010000011011101011010100111100000000001111100010101110001000111000110111111100000110110111110110010000101010110000101101111001101
110100001100110110011111110111000110110000000110110111001111011100110111110100011101111111101011110110000110111111111101110111100111101101100010100000001101111100100101100011010101101010110111101000001100101
100001101110110011000000000011110011111101101100100001101000011110100001100101010000010100001000010100101100110111110101011101101100000101111010111011101100010111110000111111110100111110110000111101011101101
101101000010010111110111010110000111010000100101101011100011000110101011110101010111110110101011111111100110000000000000000000100101011100111110110000101101000000111011111010110110001100110110011001110111111
101101010111111111110100010100101100000101111111001010001010010010101001100101010111000000101000001100001100101011010110111011111111000110000110110101101101011011101000100000011111111101100110111100000110111
100101010000000011010111011101111110110100000011101110101011011111111111110111111101110110101010100111011110101011010010001011011011111100110011100100101101011110000010001101000101110111110010110001110000001
101111011011101011000100011001000000011110101110001100101010000000000000110000011000000110111011110001000110101001110111111110000000001101111000110110111111000111111010100111010000000001100111111100011010111
101100011001101011101101001101011010111000101100101101111111011011111111100101001111101100111000111011101110101100010011101100111111111101111101100010110111010000110010110011010110110100110001100001111010011
100111011011101001101101011111010010001010100110101000110000010000000000110101111000001101100010011011000011100101011000000001110000000100110001110110000001011011110110010111011100011110011011001100001011001
110110011000101111001001011011010111011111111110101101100110111101101101100101000010100111110111001010010110001101010010101111100101101101111100010110101111001001011100110001000101000011111001011110101010011
100011010010100111101101010000010100000011000000101111110110110000111111111101101011110011000101101111010011011111010111100000001111111000001101010010100001101011000110010111011111101001010011010000111010111
111011011010110000100111111010110111010111010110101000000010011010000000000100111110000110010000111100011001110110010001110110111111001101100101010110110101101000011110110110010011001100011001010110001010001
100010010011100101101110100011111100011110010011101010101110110010111110111111110100110111110111110110110011100110110100110100010101011111101101111100110101101101111100110010110111100101110011010100101111011
101011011001110101111000001001101001000011111011001010100110011110000010111011100001100011000000000110011000001100110101111110110000000000101111101111111101101100000110011011110010101111111001110110111110011
101010001100110111011111101011000011101110100011011110101110110000111110000000111100110111110101010011111011011110010100011000000111111111111010100001000111101001110011011000100110001000001100011100001011001
101011011001100011000011101001101010000000111010001100101100010110000110101010110001100010110111111000001001000111011111011011010000001100010000001011011100001100010111111110001100100010101110111110111001101
101001011101101001101000101011111111101010110011011110101110110111010010101110011101001010000000001011011011101100011000010001010110100001110111111111010111101101111100101111011101110111100011100000000011001
101011110111101011001110001010110101001010011001001100100110011100011010100111110001011111011011101011001110101111001101010101010111101100000000111101000011111000101001101011000100110000101000111101101111101
101011000000001001101000101110000000011011010011011001101110110001001110110011100101010101110001101001111110000001101001011111010011000101111111101000011000011110000011000001010110010101101101100000100001111
101001101111011011001101101000110110110001111010011101001010111011100110011000110101010001100111111100000011111111101111000001111010010100011101100011001010110000111000010101010010111111000111111110101100001
101011001000011001101001101011100100010100110010110111100010100000110010110010110111010100001110001111010110000011001000011011110010111101000000101111011111111010011010111111110110000011110000110000100110111
101001011111001101101100111011001101010110111110110000001111110110100110011110100011011101100010111011111110101110011101011000011010110001101010000001000011100011011010000000110110101000010110010110111100001
101011010000011001111110011001111101110011100000111101100000110011101111000010110111110001001110101010001010111111111001011010110011111011001011011011111000110111001011101010010010101011111100110110000110101
101001011110111100110000110011000000111111001010011001001101100110001011101111110000011111100000000000100000011010001111001010011000110011111010001000111010111100011000101010111111101000001111111100101100111
101011110000111110111110111001111010011000011110111101100111110010100001100011000101110000101101101010101101000000111100011011011011111001111111011110001010011111010010101110000000101010100000011001111110001
101001100110011011101100001101100010111111110100001100110000110111101011101001101111011110001100101110100101011010000111011110011000011100000101000110111111000110010110111110101111111011101101011101000011011
101011001111010000000001111111110110110000000001111001111011100011001000111011111011011000100101100110101111011111011100000011011110110110111100010010010101010111010110000010100000011000111001110000010111011
101001111011111011010101101000000010110101010111110011000000110110011011111011000010001110101100101100101100001101110001101011000110110100011001110111000001010001010011010111110110110010111100110110110110001
101011111000100010010101000011101110110101110011000110011010010111001000001110011000100000100101100101101110100000010100101001010010110001001100011110011111010101010110010001100111110110001111100110011100101
101011000010001111011101011011100110010101100111010110111010110101101101011111010010110110101100110101100110101010110101101101111011100101101101000011000101111111011100110111110000010110100001101100111101111
101011011011011000011101110010001100111111110101010111110010100100001101001011011010110110100111100100101100111010011101111000011001101101001101011001010000100111011111100010110101110100110101100110000100001
101001110011001101010001111011011110101010000001011101000111110111011001100001111110110110110000110111100110011111011000001101001101101111101001001011011011101101000000111000011111111101100100110100101110101
101011000110011111011101001011001100100000111011110000010001100100011011101011000100010100011010110000101100110110011101111001101100111010001101011011001000000001110101100011111011001100110111111101111011101
101011010111010000010001100011011001101101111000011011010111001110110011001001110001111110111110011011100110000011001100001100100110000010101101001010011111011111100111110111100001011110010000110000000001111
101001111101010110110101101001001100101001100011110010010011111111111001101011111100011011100000111011111111010111111101101101101100110111101101111111000001000000110000110000001100000111111010011101010100111
101011000000011110110101001011111001101101001011011111011001110101101100101010000001110011111110100000000011010000111000111001111110010011001100000111111111110101100110010110111110110000001111111111011110001
101011110101010000100111101000001011111101101000001100011101000000100110101011010100000110110110110101110110011010001110011100011000110111101101010010111101111111110011010110001100110101100000110000001100101
101010010101011110110110111101011111000001111101111101010000011010001100111111010101010000000110011100111111011011100110110111001101100010101001011000000000001010111011010011011110010101111010011010101101101
101111000101110111111100000001000001101111010001110001011010111011111101111000010101110111011110110001101011110000101100110011011001101000101011110010110110100000011011111001000010111100011110110010111001001
111111111111100011101111011011010100111110000100010101111110110000000101100010110111000001000010111100000000110110100110010110001101101101111000011010011100110111111000101011111110011111000011100110001101101
100010111010001000000000010001010110110000110110110100011000011011101111111010100111110111011011100001111010111111101111000010101101100101010010110011000110010000001110001000000111110111101111001110100100101
111000000000101101101011011011110110111010110100100110111010111001100010100011101100000001001000111101111110011000101100010110100101110111010111111001101111011011011000111101011101110001100101101100101111111
101111101110100111101010010000010011100010100110110110001011100011001000111001100110110101011101100000000011010010111101010010101111000011000001100011100011011001001110010111000000000111110000111101101010001
100000000110111110001111011101111011101011110011110100101001101011011010100011001100110101000100111011011111000110000111010110100111011001010101101000110110010011100011000001011011110000011011100001100000111
111010110011111100100101011100011010001001011010000101101101101010011111111001100101100111101111100010000001101100110110010100110100011011011101001010011111011011001110010111110000110101111111110101001110001
100010100111000001101100000101001011011101011111101101111000101111000110000011110111110001100000111011101111100110011111010110010101011001011111101011000011011011011100110001111011100100000000010101100010101
110111101101111111101101110101101110011001001101101100011101100110010100111000110001100100110110110011000000101111000011011111011111001101000001111011011111001010000110011101011000101110111111111101001011101
110110001000000000000101000101111110111111011000001101001101101111011101100010011011001110110010100111010110100011010110000011001001111001110100011011000001111111101111010000001111111100000000000111011000111
100011011101010111011111101100000011101000000010100101101000100110001111110111110010011111100111110110011111101110010110110111101011000011100110110001011011110110000001110101100000010111111111110011001010011
110110010001111110000011000110111110001110101010101100101010101110100110000101011111000100110001100011000011100011010111111100100001101110110011111011001000000011011011110101001111110100000000011001111111001
100011111111101010101011101100000011100000111011101001111010101011110110110000001100011101100111110110011000111111110000011110001100100010111000011001011101110110001000011101100000000001010111001100000101101
110110001110100000101010000101010111101010110010001100001011111010000010100111011110111101110000010011001110011100011011000011011101111110101101111011000100011111011101001101001111111011111111111101010100101
111111100000111101101010101111011100001110011010100111011000110011110111110011011000000000011011111001101111000001001001101110010000010110000101101110010101000001111001011111100000011000001000000111010001111
101111110110100001101010101100000111100011110010101100011011111000000000011011001101010110110000001101000001011011011111101100111011000011010000000011111101011100101101010100001101001111100011010001111111011
100110111100001100101010100110101100001001111010100110110001011111110111111001101101010110100101101111011011110011000000100110011010011011011011011110101111011110001111000110101101111111111111111011101110001
110010101001100110101110101110100101101011000010110110100100001100000011000011001101010100101100101000001001111111101011101110111111011011011010000010000011000010100110010110101100000000000000011111000000101
111010000011001100101100101100101111001001101010100110101111111001101011101011101101011101101001101101101100000011001000101100001100011001111111011000110111011111101110110011101001110110111110110101011111111
100000110111101110101111101101100110011011001011110111100001110011101000101010001101001101111100111111001101111011011011111110101001011100011000001010010110000001101100011000111100010110000010000000010111011
110110010110000011100110000111001111011001101011000011110111011010001010101010100101111000110001111000011100011001111000110111111011000111110010101011010100101011101101011011110001111111010111111011000101001
111100110011011111110110110001100011010011001011011110000000011011011011101110101100111101111100001011000101111100001010000001011011010000011111101111111101101000100101010000011100001011010100011001110000011
100001100110001100000110011011101010011011011011010000101010110001111000100011111001101000110001011111101100000101101010110101011011011010111000000000101100101010101101011011110001011011111101111100011011001
111100110111101101010110111011001111111001010001011010111011111011110010101110000011000010110101110000100110110100111010110100001110011010001011010110000111101011111111110000110101000010101000000101011001011
100001110100001101010100101111011110000011011101010010110000110011000110100011111011010110110101100111111100110110001011111110101100110011011111010010110001101011010010111011100101011000000010111111011011111
111011100110101101110110001100000010101011010001110110111011100110011100110110000001110010011100001100001110110011011001100000111001111011001100010110010111111000000110000001110101001101010110000011011000011
100010110110111001000011011001110111101110011100010111100000110011001101100111111011100110110001100001111010110111111100111010011011010001011001010011010000001011011100101100010101100101111100101001001101001
101000010100001101010110001101100001100011010001010100001010110110011000110100000011001100100101001100000010110000000110001011001000010101001101010110010101101011000101101101010100110100000110101011011001101
111111111111111111111111111111111111111111111111111111111111111111111111111111111111111111111111111111111111111111111111111111111111111111111111111111111111111111111111111111111111111111111111111111111111111
