1111111111111111111111111111111111111111111111111111111111111111111111111111111111111111111111111111111111111111111111111111111111111111111111111111111111111111111111111111111111111111111111111111111111111111
1001101110110010110101101001101000101100000000110110110001110101000100110100001100100110011010101111011010101100101000011001101100110010110010110000100110101011001011000000101000110000001100010001101010000001
1101100100110110110101101101001101101111010101110010111100100001011101100001111110110100110000100110010010100110101011111011101001100110011010111011101100000000011001011111100010111101100001110111101000111111
1000110110110110100000101001100000101010011111100110000110001111010001111100001100000001111110101100110110001100000000110010101011110010110010101011000001010111111011010101101111101101111111000011000010011011
1101100110100110111101100011111110000011001010110100111111101000000100110001111111010111011000000110110110111111101011110110101010100110111010100011011011111101101001010001100101001000010001111001011111111001
1000110000001110100101111011011011110110011010000001110100000011111111111100000001110111011111101110100000010101101111100000100010110010101010001111011111001000001011010111101101101011110111001100000011101101
1110110111011010110000111011001011000011011010111101000111101111100011001101111111000001010110000100001111110101100100110111101110110110101010111100000101100011111000000011000101001000000001011001111110001101
1000111110001010111101101011100001110111010000010111110110001010101110011000010101111011010011110101111101110001101101110001101010010110101000011001110101111001101011111001101101100011011111001100010111101101
1110011010100000001101001010111100000010000101000011000110101000100011011101110101011010010110000000000000000111000001000111000000110110000011111100011101010011000000011111001101110111110110011001110011000101
1010110000111101111000011010100111011010111111111111101111100011101001010101010001011011000011111011111111010001101111011101011101110011110110101001001001011001011111110111100100110110100011001100010111011101
1000111010100001101111011010101101110010111100011000000001110110001111010001000111000011110110101010101111011111101110011000001111100110010010000011011011011101000001010100110001110000101110011001000000000001
1010011010111101001010000010100101111010100110111111011100110010111111000111011101111001100000101000000001111001000011001101111010101111010110111111111010001100011111010101100101100110000011001111101111111111
1110111111110101100011111010110101000000101100011011001111100110011001110110001101011100111110101011110101101101110110011001110000100110000100010010110010111001110101010000101100101111111111101010001110001011
1110101101100001001110100010010101111101100001110001100110110100111011110011011101010110100000000000011111001101100000111011011011101100101101110110011010001100010100000101111110000011011010101011011011011001
1000000000111101101010110110110101110000110111111101001110100101101001010111000101010100110101111011111011011000111011101010000010101101111000000000110010111001110101111111010000111110011000001011000000000011
1111101110110000001010100000110000011101100010011001011010110001100011010000010101010110011111101011101010001101101011101000110110101100011011111111111010011011100000001010011110101100111010111011011111111111
1001111000111101100010110111111110110000110110111100011000110111101110011101111101000000111010100000101010111001101010100010111100000101010010001110011010110000110111101011001100001001101110011001010110111001
1100011110101101001000000001101100011101100000101001111101100010100110110000100101101111101000001111101000101101000010001111101001010001111010111010111000100111110110111011100111011011101100111100000000001101
1110110100101111111111110111100110110100110111100011011000111010110010011110101100000101101111100100001110001101101110111110000011010100110000011010101101101101010000011001101100001000101110110101110101111001
1000110110000011010101000011001100110001110111111001000011100010100110111100100111101101101101101101101000111101100110000011101111111111111101111000001100100101010111110011000110111011100110000000011100111101
1110100011101010000000011001101101100111000000110011011111111000110110010110101101001101101001101001111110100100110110111010000010011010011101010011100110001100000011010111101100011010101110110101111111101101
1000111001101111101101111011101101110110011111100111000010110011110011010100100001101000100011100011010110001101100000011111101110110000110101010111111110111101111110010010101111001010001010111111110111001101
1011111011000101111111100010101000110100110001110001011110111001100110000110101111001110111000110110010010111100110111110100100000011010110000000000010100011000011011011000000011100000111000001001010001100001
1001101001110000110111001000101101100110010111011100001010001100001111110100000001101000111101100011011000001001100000110101101111110011110111010111110110111101110011011011111110101110001110111011010111110111
1101001011111101100000011110101101110110110101011101111010111101011111100111101111000011101000001001011011101011101111100000000111111011000001011111110010011101110111001000101100000010101100000000000101100001
1001101001011000110110110110000100110110110101010100001010101001111110110110000001111000101011111100001010001011001010110111010000011001110111111100011011001000010110011011100110111110111001011011101100110111
1011100011001101110111100011110101100010110001010101111000101100101100110011101111001110101010100111011111101001101010010011111111110011000010110001110011011011110011011011001100001011110011111111111101100001
1010110110011001011101001111100000101000110111010100101110100110100110110110000001101010000000001111110101000011101010110110101110011001101000010111111011001010110110010001011110111011011001100000010001101111
1000110110110011011000011010111011111101100011010101101100001100101100110011101101100011110111111100110101101110001000000000000011011011001111110111001001101000010100110111000100000011001011001110110111000101
1110110110110110011111011000110001001101110111010100001110111110000110010110000111111001100000110101110000000011101011111111111110001011100011100101101100000011110110010001011101111111101001101011110100010001
1000110010110110110001011110111101011000110101010101111010010111101110110111110011001100001111100001011111110110000000000000000111100001101110110000101101111111110110110111001100000010101011000001010101110111
1110000110110100111100010110101000001110000101000100011010110101001100100011000111011111100101101111010110100011010110101011111101110111001010111101100000000000000110000011011001111110100000011111010101111111
1111110010110101101111010100001101111000111101110101110010000001100110111000010001011011001101000011000010101110011111111001110100110011100010010101001101111111111111011111001100001100001010111101010001011101
1001111010010001101010010111100001011110101101010100011010111111110110010011111111000001101000011111111010000011001101011011000101111001101110110100011111000100110101000010011101111001011011100100000100000001
1101011011010111101011010100110100001100001101010001111000011011000011011010011011111101101011110101101011010111011100001110010101111101100110000001111011011101100001011110110100110011111001110001111111111111
1101010010000010101001010101111101100001111001010111101011110001101110010000110001101101001010110001100011011101000001011110111100110000001100111011110010001101001111001110010001100110101100011100000010000011
1000011010111110001101010101101111111100001100010101000000011011000011010111110111001101011000010111111010001100011011111000101101111101111110111110011010111101011001011011010111001110100111110101011000111001
1101000010011011101101010101000110000101111111010000011011111000011110000110000001101001011110110110110011011001111110101110000101100100010100000011011000101000011011010000000111100010110111010101001010011111
1111111010110001001101000101110011110101001100000111111110101101110100111100111111101100001100110110011010001100001100101010111100110001110111011110011011101111001011000110101100101110100101010101111110110101
1010111010111101011001101101100111010101011111101100110110001100110110011110010101001111101101100000110010111101100001100000001110011011000110001011010010100101011011110011111110100110101101010000111111100101
1000001000101001001101001101001110010000000011001101100010101101100000110110110001101010101100111011111000011000111111101011100011010001101100101011011000001101010001011001000110001110100000000101101011110101
1010100010001101011001101101100011011101111111100000110111101100110111100110010111000000000101100000001111011011100101001001110110011011101101111011011010111000000111011011011100111010110111011111001010100001
1111101010100100001101001100001110001100011011001101100101101101100100101110110101111111101100111011011000011000110000011111011111011010101100011011000011111110111101011010000110000000000001011011100000001011
1101001011110111101101100110101110111001110010011111110101101101110101101010110100111011000101100001011111010011110111110111001101011000001101110011011111100100000000001000111100110101011111110010001111011001
1001111010000000000101101111101000001100011011001011000101101100100000101000100001100010010000110111110111010110100000010001011100011011100100011011010000110110111111100011101001111111111010111010100001011111
1011011111111101010000000110001101111101110000011011110101101110101111101101101111111011111101100000110101000010101111110111010110110010111101111001010111110110000110111110101011101001101000001010111101110101
1011010110111111111110110011100101101000010111001001100101100110001001101001100010101010101001101111100001111000000000110101000110011010010101101101000011000010111110000110100000101011001011100010111111000001
1011010110100111101111111001110001101011111111011011001101101111101011001011001110000000101011000001110111101011111110100000011100110000110000101100011111111000111010111110101111101001100000101000000011110111
1000000000101101000011100011011100000000011000011000011101101010001010011001101011111110101000010111010010101010000111101111010110111011100111100001110101100011101010101010001101101101001111101101111001100001
1010101110101101111000111011001001111111111111010010111000000010100000110011000001110000000011111111010110101000111101100011110100011000110001101101010001110111000000000000111101000000011111111111011111110111
1011111100101100110010000011101011000011110100010111101110111111111011111001011100011110110111001101000000101011110000101110110001011011111101101111010111000001011010101110100100010111110000111010000110110001
1110010001101101111111011010001011010110010111000001001110001111010001100011000111110000100000011101101111100000000111101010011101110000101001101011010001110111011111101011101101111111100101101010111110000111
1111010100101100110111111011100001110000110010011011011010101010010111111011011100111111111011110100100111110110111100000010110100100111100011000011010111010000010011111001000000011000001111000010000011011101
1010010110000101100011110001111100110111111011001111011000111011010010100010000110010011011010110110101100010111111111011110010110101110111011110110000001000101110110110011011111001101111011011110111110001101
1011011111010001111001011011010110000011011000011110001101110011010110111000101111000110000000110110100111010011100100000010110100000100110010110110111111010101100000000110000001011000000000010000011011011001
1010001101011011011101010001010100111111011111010011011001011010000110010010111010011111111011110110001101010110110111011010010110111101111010110010100001011111101111110000101111111011111111110111110011001011
1011101001110001010101011100000101101000001100000110011011011010111111000111110011000110101011100010111100000000010011001110110100101001010000011000101011001011000010110111111011101011011000000000011010011001
1001100011111100000000010101110000000011111001110110110001010010110001110101011010011100100010111000110101101101000110011110100110001011011011110010101111011011011110111100110001000000001101111111110000111101
1101110110010001111111010111000111111110011111110110011011011010111011010000011000110110111000110011110100100111111100110000110010111011010001011011100101000011010110001110011101011101111100010000011101101101
1001000011000111110000000011110000010111010110000111011011000000011001010110111110010110111011111000100001111110100110111110111000000011000101000000110101011110010010111010110101011111100101110101111000001101
1101101001101100011110101000000111110010000111110011010001111011001101010011110011010100101010011101101111011000001100011010101111011001011111101111100001001011010110001010010101000010110101010111101101111101
1000001100111111000011111111110101010110111101000110010111100001101001011001010110010110101010110000000000001110111101111010101101001111010011000000110111011010000000101010110001011110110100000010100000010001
1111011111110100011110000000100000000000011101110011000010111011111101010011010011010100101000011101111010111110010100001010101101100101010111101110100000000000101011100000000111001010100101111110111101110111
1000000010100111001011111110001111111011010001110111101110110000011001000111010110010110000010110000001111100000110001011010101101101101000110100111110111111110101111101111010011011010001100000000101001000001
1111011110110101100011010111100110001110011011010101001010110111111101011110000111010010110111111101100011111101111101111000001101100001011100101101010000011011111100100011111011010000111001011111101101011011
1110001010010100110111010101001100111111110011010001011000110000101001011011110101011010111101011000111110110000110100110010111001001011010110000100000101000001010101111110101111000111101101111001101000001111
1011101000110101100110000101101110100001111011011100011110110111101101011001100001010010101100011110010110011010010110011011101101011110000111101101111111111111010000011100100101110000101000101011000010100101
1001001101100101001111110000000110001111000000000111001010100000101000001100110101011010000110110110110000111111010110110001101101010111110001000000111011110101000111110110101100110110101011101001011111110101
1101011001110101100100011110110110111101111101101101011010110111100011111110110111011010110100110110000111101110010000000100101101000000111101101111100001010101011101010100000001100111100001101011001000011101
1000011100110101110001010000110000000001010001111101001010110010111000110100110110010000010101100000110000001011000111111111101101011011101001100000111011010101010100000001101101110011001111000000011011110001
1011010110000000111011111111100111111111011101011001100000110110101110010101110011010111111101001111111111111011010000001011001100001111001101101111100001010101010001111101101111011000011011011111110000111101
1111000100110111100000110111110111010110010101001011001111100110101100110101010110000011101001101111101101011000011010111011101001100110011001000000110111010101000100000111101011010011111010000010100110011001
1101110111110100111101100100000100000111000000011001101001110110100110010101010111101110001101100000100100001011011111111010100011111111011100011111100000000000011111110000111010011000000000111110001111111101
1000110101000001101001110111110101110101111110110011000011010110110100110000000011000011011001101110001101111111000011100000001110100110010101111010101011011111111011111111111011010011011010011010111001011001
1110100101110111001100000011010000011101110000011011101110010110110101110111111111010111001100000011011100010101011110111011111100110011000000010000001110000001100000001110100010000111111111000000011011010011
1010110001100011101111110110010111111101011101000001001011000000010101100000111010011101011110111111110101110101000100000001001001100111101101110110100111111111001111111010111000101110101101110101111011000111
1000011011111001101010100011000001100101010111110111011011101011000000110111100000110000010100000001110101010100011101111111011011001100100101100011111100000011011010110010110011111010000000111111101001110101
1101110001100011101010111011011111101101010111110111001000111111101011100100111101111101110101111111010000000001110000011011011011100110101111111000000110111110001000010110100111100000101010000111000011010101
1000100100111011001010110001010010100001010101010001100011100001001011101101110101011001100101100001011110111100110111111011011001101100101011010010111110111011011011110100001100110111111111111101101001010001
1110110111111011100000011101000110101101000000010111001000111101101110101101010101011011110001001111001000110111100011100011010011101110000001010111110010000001000000000101100001100001010100011000001111000101
1000100111100001101110110000011110101111110101000110011011101000000110100101010001011001100111011011101110100010110110110111011010100111101111010101010110111111011111111111101111101111000001111111100111011111
1110101100111101111100111101011010101010110101110010111001101111110110101101010111011011101101010001100110001110110100110110010010101100001000000001010110101011000000011011000000000011011111010011110001011011
1010100110100100011001101101001000000000011111010110101111000110100100101001010011011000000000000111110110100010110001100011010110100111100011010100000000000000011111110001101111101011001101010110110111000001
1010101110110111001011001111101011111110111110000000000110011100110101100011010110010011101011101100110110111110111011001111010010101100001011110101110101111011111000011011001001111110011100000110100011011111
1000001100110011101001100110000000001110110100111011111110110110000100111010000011010111111110111001110000011100011001011010010110000001111000010100011111111110000011110000011011010100110101111100111000001011
1011111101111010101101110000111110111000110001100001100100110111110110001000111110010010010100011011100111110110111100001011010011011011111101010101000000000010111110111011111000010110110100101101100011111001
1011011000110000001000011110000011111111111111111011110101100101010011011011110111011000110111001010110011110110011001111010000110001000000111011111111111011110111000101000100010110110010101101100111000010011
1011011011111111101101111100111111100111101010000000110000110101011000011010000011011011110001100010011000010011011011111000110000111011111111111010111011111100001110101011101111100010110000000101100011110111
1011010000101001101101010110000110101100001011111011111011100000001110111010111110000001100111110110110011110111000011001010010110001000100100101010101010110110111000100000001111110110110111110000101110110101
1010000111101011001001010110111110000111100000010000110000111110111110110000101100101111001100110010011010100000011000011110111111111110101101101010100000110100111110101111100010100110010000011010101100010101
1000111110000001101100010100111010111100111111010111111101100000011000011110101001111101100110100110110000001111111111110100001101110111101100101010101111110001101100100000110110001100110111111111100110110101
1110101011101111001111000101101010001101111000000101101100111110111111011010100011010101001100101100110111111101101100110001011000010101000101101000000001010111000110001111111111101110110000000101101110000001
1000000001101101100111110101000000101000101111010000101001101000110100010010001111010001011110101001110011010101000001111101111011110001110100100011101011000011010011011101101010000110100111101100001000101111
1111101111000101101100010101011111111110001001111110000011101110010111011000100110000100010100000011000111010100011111101000101000000111100001101111111110011011011110000000100011110010101111100111100011100001
1000101001101101101111010101011101010100111011110010111010101011010011000011110010111110110001111111110010000001000010101101101011111100001100000000001111011111001100111101101110100110000000111101101111110101
1110101011001101100110010000000101010110011011011000011110101011010111110111010110101111111100110111010110110111011110101000000000000001111001110111111011001101100110000111100110110110111110011001000010111101
1000000001100101101111000111101101010110110000000011000110101011010010100000010000000101000001110010000000011111111010000011101111011011111100110000001001100101101110110011001100000010000011001100011110011111
1111111011110101101010011100101101000010011101101010011100000001010110110111110101111101111101010110111101001101101010111011111111111111001110011101111011001101000000011001101001011110111111111111000110110111
1000000010100000101011000001111000011110111111111111001111011100010010100001110111001001101000010000001111100000001011110000010000100100011010111111000001100100011101111111001011110000011000011011011110100001
1111111000111110000011101111011111001100110110010100011001111111000110101100011100011011000011010111111010111111111011011011110111101101111011110011110111001101111111110110011000100101000010111010000000001111
1100111011111010101000001000001101011101100011010111001100110000011100101111000111001001111001110011001000000010011011011000000110101101100001011001100011011000000010000011001101101111101111101011011110111011
1001101001100011111110100011111001000101110110010011011110010111000110100011111101100011000011100110011011111110111010011011111110100000101011011100110110011011111110111111101100000000100101101011010010000001
1011001100111011011010111001101100011101010011000111001100111101101100001110101001110111110111001111011000101010110010111010101100001111101111000110010000110000000110110011000110111111110001100001010111101011
1001100001100011000010011111001101010101000110010010011110011001000110111010000011010110000101100110001011101010111010000000000111011010100101011111000110111011111100011001101100101011011100001100010101111111
1011001111111011111011010101100111010001101111111010110110111101101100001000101110000011110101101100100000101000101011011111111100000000001101001010011111101000010101111100001101100000000110111001000000110101
1011011101100001110000010000110110010111001010101010110100001101100101100011111011110110000100000001111111101010101011000010110110111111011101011000110011101011110101011001111000001010101110111101101111100101
1011010100111011010111110110100011010000011010100010110110111000110001111011010001100011110101010111011000101011101011011110010110000001111001001101110110101001110000001101001101111110100010001100100001001101
1010000001101011000110110111110110000101110010111010110010011101100111011110000111001111100001111110001101100001101011010111010110111111001100011001100000100011010111111101011000000111111011011101111111011001
1011011101001010010010100101100110110111011010100000011011001001110110001100111110011010101100101010111000101111101011010010000000000001101101111100111011101110010000110001000011010011011111110111110110001011
1010010111101011111010101100110100010100011010110111111000011011010000111110011010110010000111100000011110000100000011010110111101011111000000101001110010101110110111110100011001011000000110100110100011011001
1011000010001011100000001101100001111111000010000011101101011010000111110010111000011011101110101011000011101101111110000010001111010101101110101100011000100010100100011101011011111010110010101110001110001101
1001011110111010111101111000110111110011011011011110101111011010110001100110101111011011000000001011101110000000001011011110111011110100000011100001110011101110101101111001001000101111111110000000111011011101
1101011100011010110000001101110110011011110010001100100110001011110111001100101011011010011111111110111011010101111011010110000001100001110111101011010111000010000101010011101111101101100111011111100000001001
1001010110110000110101111001100011001001111011011110101100111001000010011110100011010010110110100110010011011111010000000000110100001100010000111011010101011110111100000111000001100100101100001010101111011011
1101010010111110011100011011110110011011010010011010101101101101111000110110101110011010100010101111000110000000000101010110111101011110110111110000000000000000000001010101110111110101100110111010100001111011
1001010110011011001001110001100100111011011011001010100001101000110011100110000110111010001110000110011100111011011111010010000101001100011110100101111110111011111111111101011110100000101100000010001111000001
1011010000111001101100110111110001101000010001101000101111001011111001001111110110110000101010111100110001111111000001110111010111101001000000110100001111111000000010000000000000101101101001101000111101110101
1011000111101101101001110111000111001111011011001110101011101010101011011100000010110111111010101110000111100110010100110011111110111111111111111101111000001111011000111011111111111001000011111110000000110111
1001101110101001101101010101101111011011001010011010001010100010100001010111110110110111111010101010110000001111111111100110101010010110000111001000000010111111111110001000001011011101011110010111101011110001
1100100010101101101000010100100101001011101010110011101010001110111100000011000110110100101000000000010111111011101000111100001011010000101101100011111111100000001100101101111001010000001000110101111111100111
1110001110000001101011110110101101011000000010100110001011101000100110111011010110000001101011111011010011101010000011100001111011000110101000111010111111111011111111111111101011011011111011110101001100110101
1011100011101011100011110010101100011110111010110111011011001011101100011110011111101111000001011111111000000000101010111011011011011111111101101000000010110000101111010011000001001010101010100000011001100101
1010001111111000111000011010000101110111110000110101000001100001101101001100111011000000011100000000001011111111111010101011000000000001011001000011111110110111100101010110011111011010101000001111111100110001
1011101110010010010011110011101101010011011110010100011111110111101111011001100010011111111111010110111000110110111110100000011010101111001100011111101010010101101101010010110111000010000011100001110110011101
1001000011011111010111010110001100010111011011010111011001010101000110001011111011011011000011111100011010100010000110110111001010101100011101110000001010110000001101010110110001111000111111111100000110110101
1101101110010110010001010111100110110101010011000111001101010101110011011010110000000001011110000110111110101110111110000110011110101101111001011101111010110111011000000010110111010010001100010111111100110001
1000101011010100110111000011110100110100011001101101011000010101010110000000010101101111000000111111110010101000001010111111010111111001001101000000000000000111111101111000000110010110111001110110101001100101
1110100011010110110110011110000110010111011011000100001011110101000110111101111111000100011010000011100111101011101000010101110011011100011000011111111111110100101000011010110011010011100011010000101011001111
2000001111010100100110111011010000110000011001110001111010110101101110011101110011101101111111011110101101000001111110110001100111001101111101110101111111111101100011001111111110000111110111000101100000011011
1011101010010110101110000001111110011111001100011101011010110101101100110111011001101000010101001110101100011111010100000111110101011100110000010100000000001100110111111101101100111100110101011111001101000001
1110000011010110001000111111000000110110011110110001011010100101100101100011011011000011110001011000000110111111000110111101100001010110011101110101111011111001100000101001101110001001100101011001011111011011
1111111011000111100010000001110110000011001100011100011010110000110000001010011011101111010111111111011100110001101100101101101111010000110000110101011110001101101111100011101010111011001100010011000111110001
1000000011101101101111111111011111101110011101110001110010110110110111111110110000100000000000110110001101110111100110000000001101011011111101110100010110111000000000001111000000000000011001000110011101111111
1010111001001100000001010101001100100011001000011011011010110111100000010110111101101111101111110010111000000000110000111111111000011001011000010001000000111101110101100101011011110101000011101111000001010101
1010001101100001011111010101100110101111101110110001011010110101101111110110011100100000100000010110011101110110000111101100101101111100001011110111101011100000010101101100001111100101011010111011011111000001
1011011000001101111101000101101100000011001100110111011000100000001110000110110110001111110111110110110100111100110110100110101100101001011000000101111110101110111111000101100110111111110000001010010100010101
1111110011111100110100010101101001111111101110110110011110101101011011110010110100100011111100100010100001101111111100101110000001101011111011111101010110101011111001111100110110000110111111111000110001011101
1101000111011001100001110101101101011101101000110000110100000101110010111000110101111110101110101110001111000001000110000011011100000010110000001100000000000001010011110101100000101100000011010010110111111111
1001111110001011001111111101100000000101001101111010010001111101111000011011110100011000000110000111011110010111011111101111010111101000000111111101111110111100011001010101111111111110111110000111110101100001
1011011000100001101110011000111011110001101101011111000100000101011011111000000001110011011100110011010000111111000101000001000011111010101110111000000111111111111100000000011100010110000011110101000000101111
1000001101111011000011011011111110000101000001010110010111101101001000101010110100110111111001111111000101101100011101011111011110111011111010001101111101000000011001101111110101110100101110100000011111101011
1111011111000000011110011001100011110111111101010111110110111111101011101011110111100010110011101010011111101111001101000011001010001111010010111001011000011111110011111110110100000101111000101011111100000001
1000001011111011110011001011101110010011001100000010110110010111000010101001011110001110011000101011000010100110011100011111011010111100000110001100001011001101100111011000000001111100111110001110110110111111
1111100010101001111011011010101011000111101001101010110010110101101110001011011010111000110011101010010110001111001001000110000010100001110111101001111011101100110110001101111111101101101000100000010000010101
1001101000000011010000010000101011110011000011111010011010010101100111100000000000001110011010100000111110111001101011111110111000001100111101000011100000111101100000111100111111000000101011110101000101000001
1101111101111001011111010111100000111000011000111011001010110001101100110111011010100011001010001101101000100011100000010000011111111111101101101111001110011000001011111001100001101111100000110101010111110111
1001010111111011010110000000111101100011011011101111100000010111100101110011111111111110011010111111101011101110001111110111110100001011001101001101011111110011111111001100001100000010101111111111110110111101
1101010010000010010011101111100000111111110000000110111111010110110001010110110100011100110000010010101001100011101101010111000001111000011101011000000011100111010100011001111111101000000000100111111100001001
1001011000111010110111001010111011100110111011011100111010000000000111010100000101110110000111000110100011001000100100000000011111010011110000001101101000001110010101110011000000111011111111101101011001100011
1101011101110000010110011000110010110110101011111101100011011111111110000001101100110000111111101110101111111101101101111111111011010111100111111000111111101011000001111000011110111000000000000000000011111111
1000010111011101000011011110010110100110101000100101111011000000110100111111111101111101101101111100000011011000001100000001100000000010110000000011111001111011011111000011111011101111010101110110111000111011
1011010110011111110111001100110110110010000011101101011010011011110101110000110101011000100101010111011110001010100001011100001101111110000111101000101101010000000001011000000001101111011100011111111111101001
1010000011000011000000011001100010011011111010101100011010111111000000000101100101011011101100010101011011100011111011000101011111000000110000111111100100010110110100001101011101000001111111001011100111001011
1111111001111011111111011011110110110010110000001111011000010110010111011111101101010000100001000000000001110111011001111111110100011111111110100110101101110111111110100101001100010100000001100010101101101011
1101011011000010111000000001100110011010011111100110011101110000110001111010100000000111101111101111111111000000001100000001110111001010101111110100000000010000001011111111111001111110101111001000000000000001
1000001011101000001111101100101100111010110011110110110001110110010101100000101010111111001111111101010011011111100101101111010101011000000001100001101011110111100011100110111101101011111111011010101110111011
1111100001111110111001111110000101101010110110000110011011000011111111110111101011110001100001011000010110011101111111100001010101000011111111001111101000000001111110110000001100000000000001001010101100011011
1010111101010100001100000111101100101010110111010000111000011000011011010110001110011011101111000010110110110000011010111111000000010110100101101110111110110100000000010111100111101011101101011010100110111001
1010011100000001111111110101101101101010110101110101101011111011111011010000101111011010000000011111110110110111000010111011011101111100001100001010110110011101111111000101101111001011111111001010110010001101
1011010111111101011011100100101000101010010100111101101010101110110011010111111010011000111010110101010110000011101110000011001111101110101101100000100011001100001111110000111001101000000111111111100110100101
1000000101101000001010110110100011100010110110011001100000001110000111010110010011000011111111110000000000101000100000101001011011000110111001101010001111111110111000111110011011111010111101110101101111101111
1011010000000011100010100110110110101010010010111101101111101010111100000000110110011000000011010111110101111101110101111100000000011100010011111110101101110110111011101011000000001010010100000001111100100001
1111111110111110111010110110110110101111000110110000000001111000010110111101100000111010101011000000111100001111111101001110110101000001000111000010100000000110000000000001101011111111110001011111010001110111
1110101111100000000000010100010010100110011100011111101111011011110100001111101101110010111111011111101110100010100111011011111111011111111110011111101010101110111101011100101010110101011011111011000100010001
1000000011111110101111010001110110001111000111001110000000000000100110111010001111011110110101011011000010101000001100010000000011000011111011000001101110101100001101000111111110110000000000100001011101011011
1011111010101011111100000100010111011001011101011000111110111011101100000000111001011111100101000000011110111110100111010111111111011001000000011100100011101001011001010000010100000111111110001100010111001111
1111000000101011010101111111000101001101010101011101111110111110100110111111111011010001101101010111000011110111111100000000001100001100011111111111101011111011001011010111000001010000001111101111000011111001
1101011010000000000001111011011101011001010101001100100011101110101110000101101000000111101100010111111111010101011111011111100101011101000001110110111000011001011111110001111011110110100000111011111110001101
1001111111011111111101001000001101001101000000011001101111000010101010111100101011111101000101110000000000010101010101000000111101000101010111010100001111110011111111110100001000110110101101111010111010111101
1011101001110010110111100010100101011000011110111100100001011110101000001101101000000001110000011011011111110100000000010101111111111111010110000001111100011110101011010101011110010100111111101000000000010101
1000101101111000000110111111110101001101001110110110001011000110000010100001100010101111000101111011000001010101111111111111000000000011010000110111010101110110000000011101010111111110000110101011111101000001
1110101000011111110100100101010100011001111011100010111110010110111111111011001111101001110111101111110111010001110111100011011111101111110101100000000000000000110111000101000000000111010010000011000101110111
1000101111000101100110110101000101111100111000111000101100111110000000001111100011111011000000000110110011000100000100001000000000100110010100110111101010110101110001011111011010111101010110111110011100110111
1110000110010101110000000001110101101001101011100010000110101010111111111101101110110000011101010000010111101111010001011110111110110000111111100000111111100100011101111011111010000001010000000000111001100001
1011011111110101011111111100000001101100100000110111011110101010100111010101000110111011111111011011111101000111011011110111111011111110000011001010010101111101000111100001101110101101010101110110101111101111
1000001101100000011111100001110111100110101111111101011000000000001100000101011100010000000111011110101101011101001000000000000000001110111111011011000000011111011110101100000011111101011111100011101010111101
1010100000001011000000001101010010101100001101001101010011111110111110111100001001000111111101110110100101001101111110110111010111111011101101110011011111110111011000000111111110010101000000101000000000010101
1011101010101111101101101001000110101001111101011001000110111111101010010111011011110000000000110100110000011101101110111101111111111001101101111011000001100001110011010010111011000111010111111011101111000001
1111111111111000111001001101110100101100000000011100011100000001101010110101000000011111111110100110110111111000000011101000101100001100000101011010011111110111000111111000000000011111011100110001100111010111
1110110101011110001111011111000110101001111111110110111001011100000000110100010101000000011110001110110101101101111111000010000001101101111101001111111110100001101100001010101011000101110001111011110001110011
1010110001010011011011111000010010101100110111010110000011000101101010000001111111011101000011111010100100000000101101011111101100101100001100011111100000001100100001111111101001110000011011101001100100011001
1000000100010110001010101010111000101101100101000000111001011111101011101100101111111101111111110010110101111010000001000011111101111001111001110010110110100110001111001111111111111101111000001011111111111111
1011110111010100100010101111101110000000001101011010011011000000111111101110000101110111100000011010110100001111010111011110110111011101001101011010110111111111011001011010111111001111000010111111111011111111
1110000100000111101000100011001111110110111101011011111111011010000000100011010000000010001111011010000001111111111111001000010110001100011000000000010100010001001100000000001001100111110111110101100000011001
1111010111110101111110110110011001100011110100001001101101111111011111110110010111111110111111010010110100001011110000011010110100111101111011111101000001110111100001011011111011001101110101010000110111111011
1011111101000101011010100011001100001001100001011100000001110101110000010110110000000000000001111010111111111001011110110010000001101000110000011111010100000000110111111110000001101101010100000111110110101001
1001101001010000010010111000011110101100101111001110101100000000100101110100111011111111111111100000000000000011010100000111010111000010000111000001011110101011111110110110111111100000010001010001100110100011
1011101101111111011000011101001010100110000011111011100110110110001101111110011001011011000010110111010110111111010101111111111101110111010011111011111111111110011100000010001010101111010111111111001110001111
1001000101101000001111000101100000110110111110100000111100011110100100000110111100000000011110100011111110000000000000000110101000000001011000001000110101011110110110111000100000000011110101101001100100100001
1101110101001111011001110000110101111100011100001011111001000010101111111100100101110101000000001110101100111110101101111100000011110101110010111110000000001010110000011010101011011110110000000011001101111111
1100000001101010001101000101100100110001000001011000001111110110100111110111110000010111010111011100000111110111100111011101111000110100011110000010101010111000010110111111111011000000000111111110011100111001
1001101100000000100000011101001101111011010101001010111000010011110000000011000101110001010011000001010001010000111111000000011010110101111110101111111110001101110111101101011111011111110110101010110101101011
1111001110101010111011001101011001111011011101111110000010111001100101011001011100010101110110011101011111000111111100011011111111100100010011111000001111111100000001100000001110000001111110000000000000000001
1111111011101010100011101101001100110011011100110111110110001011110111111101111101110101111111000111000000010000000001001000000101101111110111010011111011110101110100001111111011101111001010111110101010101101
1000111010001111110110001101011110011110000110000011111111111001100000110100110001111111000001010011010101110101111011101101010000111111000000000110110000000000110111111000000000111101100000000111101111111111
1110001011101000000110101101011000110000101100111000000000001100110110010111111100000000011011111001010100011100001111111101011010010100010111111100000101111010011111010010101101110101101111111101111101010111
1000100000001011010010111101011010011110100110011111101110100110110110110111101101110101111110101101010110111101011101010111110011000001111101000001011100001111111100000111111111100000100001110100000000000001
1101101110101010011010100001011111000111101100110111111111111110010110000000000100010100110000001111010010000101000000000000111011010100111000010111000110111101010101011101111000110111101111010101111111110111
1111111000111110110011111101000110010011000110000000010001011010110011011111101101110110000111100001011011101111101110101110011011110110010010110011011111101000000001111100101011110101101010000000000111110001
1000000010001100100110000001011110110111101100101011000100000010110111000001100100010100110011111111111001100000100011101111011000011111000111110111000000000011111011110110100001010100000000111011110000010101
1111101011011111110010110101011000011101100110111110011110101111111101011011001101011110110110000010001101101111101001100001001011001111101101010101101011111000011000000010101100000001011101111111110111111101
1000001010001011100110011101001101111100001100010011000010100011101100001001100111111000100000111000111111100001111011111111111001100110111000010001111010001011011110101010000101101011001111100010010000100101
1011011111011000001111111001111100000110100101000110010111110110100101011011110110101111110101110011110000110100011011011110001100110000001011111111011110111110000010111000101111111111100010110110111110001111
1010011000001111100110000011110001111111101101011111011101011110101111001000010000000011000101011011100101110101011000000000111110110111011010101101010110000011111110011110111011010101101000000000001111011001
1010111101011000001111010110000100000011000111000001011000011100000111011010111011111111110101011000001111100101001011101101111000110011010000000000000000101000000011000110000000000000111011111110100001111011
1010001111111110100110010111111110101111101100010101000011110111011100001110110000011101000100001010111010111111101000111111101010110110000101110101101010101101101001010011011101011110001000000010101011100001
1010100110000000101111010100000000100011000110110101101000000000001101100010011011000001010110101010000000000001101010000000001010110010101100010101101010101000101101010110000101000010101101010110101000001011
1111111111111111111111111111111111111111111111111111111111111111111111111111111111311111111111111111111111111111111111111111111111111111111111111111111111111111111111111111111111111111111111111111111111111111
