11111111111111111111111111111111111111111111111111111111111111111111111111111111111111111111111111111111111111111111211111111111111111111111111111111111111111111111111111111111111111111111111111111111111111111
10000010011001101110110000101010100010000000110000101100000000001010000101100000000000000101001010011010110100110110000101101110010111101100010010110010101010101000100101011001001010101010010100011010000011001
11101000110011000100011010001010101000110110111010000001011010100000110001001010111110110001011011001000000101100111010100100100110011001001110110011000000000001011101101011011011000000011010101111010111110011
11111101100111110001000010100000111111111100000011011011110010110101100100011110100000011100000001101010110000001101110001101101110111100011110110110010101111111001000101010000000011101111010000101000000011001
10111000001100010101110111110110010101101001011111011110000110111111110111110110111101110001111011001111111010100101100111001101010000111000010000111011111111001101011100000111111000101001010111101101111111011
10101111100110111111111111010111000001101111110100010111110011101011011100000011110001011111010011101111010011110000110011101000000111100011110111100000000001101100000001010000001111111100010000101000011010001
10001111110000011011011010011101111100101010100001010001000111100000011001101001100111000010000110101010011111010110100110000011011110111011000001001011111111001101111011110111111100010101110110000011111000101
10111000111111011011010011011000111110000000001011111101011110111110110011111101111111111011110000101010110110011110110110111111110100110000011111011111010101101000001110111111110110110100000011010111101101111
10011110101111001001011000011110000011110111101001101000001100010000111111000101011000000000000110001010110011001010110000000000110001100101000011010100000101000010101110011000000000000001111001010100001000111
11001100000000011011001111001111111001111111001111001101101101011110101101110000001111110110101100100010111000011010111010101111110111001111111110000001011100011111101000110010101111111100001011010001111010001
10011111111101000010011011101011001100011001111101101111111111000000100000111111011011110110101111111000011111010010100011111001100111100110110011011111111101000001111011100111111110111111111111110100000011011
11001101001101110110110001101010011110110011011000000000011000011110111010001000000000000110101000000011001011011010111011001101001101101100010111001010110101101100110000001101010000000000001110100101111111111
11100101011111100010011100001011001100000110011111010111011111111010000011100011010111101100101101111001100000001000000000011000011000000110110110011010000100101111110110100101010101011111100000110100000000001
10110101010110110110111111101011100111110011010000011110010100101000111111111011010100001111101111011011001111101111101011111101111011011110010000110000110001111011010111101101010111111111110101111101110110101
10000000010110100000110000000010101101010110011110110000110110001111111110111011010110100110001000000001101000000000111001011001110001111010110110000101100111011010000000101100000000000000111100101000011111101
11111011000010110111111101101000001101010111010010011010000011101011100000000001111111101111101111101011001111010110011100011101010111001000000010101111110000001000110111111001010101111111101111101011000001111
10000011111010100110010111111010100000000000010110111110111000000000001011111111110011101011111101101111111111111110110101110101000001100010101010101010111111111011111111010011111100000000000011101111101111001
11111110111010110111010000111110111111111111010110110100110011011111011110000000011010111010011000000011000000101010000100010101010111101111111010100000000000111000001001010111100110101010111110100001100000011
10111100000000010000010110101111100000000000000011100001111110011000001100110111011000110000110011101111011110000000110110110001011110001011011111110101111111101011111011000001001111111110110000001101110101001
10000001011111010111111100000001111111101010101001101011101100110011111001111111011101111110011111001101111110101111110000011011001011101000000100010100001110100000000001011111011000010110111011111111011111111
10111101010000000101101001011011010000111111111101101110000001111011000011000000000100101010111101111100100000111100010110110001011010100011111101111101101010101111010100000000000011000011100000011011000110111
10100001111010110101101101010011011110010011010101101110110101001110011110011111110101101000100000110110111111111001000100011011000000001000000000000101111010101101111110101011111001011110001111000000011100001
11111011110010100001101111111001011011000110000000111011111111100000111110111101110101101110111110110110011011001111010110110010010111011010101111111111010000100000001011101000011101110010100001111111110101111
11011110011111111101100110101100000011110111011101110011011000111111110011100000000000000100011000110111001011100011111100111000111111111111111000110110011110001111111001101011000111110111110111100110110000001
10000111011101000101110110001111111010110101110000011011001110111111011011001111110111110110111110110001101010111000101110010010011100000000011010000000111000100000110011111001110011000011000000110010011011111
11010010010101101101010100111010000000000001100101011010011110000000000000011000000110000000110000111100000010011110101010110111000110111101111110111110110010111111100110111111111001011001110111100110111000001
11111011010000001101010101101011111111110111001111000000111011111011011111111111010100110110011110011111101011000000000000010001011100000100010100101011110110000000001110101100001111001100110010101110010011111
10110000011111100000000101101011100001010101111110011010000011011111110101101010011101111111001111010110111011101111111111000111111101011111110110000001100010101010100010101101111101011111110110100011010111101
10100101000110001101010001100010001100000000010100111111010110001000000000000000111111100000011001000100000001111110000000011110110101111010000000110111101111111010101000000101111000001010100000101111000000001
10001101010000111001011101111011111110110101000001101101110111101111101010101011100010111111011101110111111100011011111011000100000000000000110110110000000000011010101010110000001011111010101110001101011011111
10100111111101110011110000111001100000110101011011001000000101001011111111111111111010101000010101010110001101111010101010010001101101111101111100011110101111001111101010110111011000111010000010100000001111001
10110100110000011111111110101101111110011111001111101111110101101010110101110100100000000011000000000000100000110000000011011111111000001100101111001111100001100101111110010011001010001010111111110110100100011
11100110000101010101011000000000101111110000011000000000000000000010100000100110001010111111101010101111110110000101101011000000001101100110000001100001101011111100110110110111100010111010101101111111110001001
11111111010101110000000011010110000001011111111111111011110101011000001110110111101110100110001010111111010111010101101011010111101100101100101100110100101000000101100111111101101111101010100000101001011011101
10000000010101100101010111111100110100001101100011100011110111111010111000000000101000110000101010110000000100010101101011010000101101111001111111100101111101110000101101100101000101100000001111101011011110111
11010111010100111111111100101110111110100000001010111110000100110010100011111101111111111101101011111111111110110101001001011110101000111100010111110100001100011010000000001101010000001101011111000000001100001
11111100010111111010101110000000100000110101111000101111111110010110111111111100110111011111101110000000000000100101101011000010101010001101000100011101111101111111011010100001011110111101000000011111100001111
10000001010110000000000000101011111111111111110010000000001111011111101100000101100000000000001100101101010110101101101011010111101010111101101101111111010100000011111111111011011100010111010101000011110100001
11111011010110101011110110101111010001100000000111011111100110011101000001010000001111111101100110101001010011111001101011110000101110000111100000100000000111111110110101001011000101000001110101101000011111111
11111001010110101111111111111000011100001111010001111101110011010101101111111010101001011001111110101101010110000011101000110101111111010110001010001101010001101100000000011001101101101011111111111101011010101
10000011110110111000001101011111000001011000011011110101011000000000001100000010101100000011000000100111010111111011001101110101010001010110101011011111011111001001010101110011001101101000000000001101000000001
11111000110110111110100001000000010101011111111110000000000010111010100110110111101110101111011110101100010100000001101000011100000111111110101011000011111101100011011100011001101100101011110101100111101011011
11111011100100100011110100010101111111010011110111110101111111111011101100100011111010101100011111101111111111010111001101001101111110011010101011011110100000001001111111111111111001111000010100110001101110001
10000000101111101000000101010101100000011000000000000111001101000011000110101110000000101001110000000110001100010011011101100100000000110010101001000000001010101111110000000000001100111010111101111011100110101
11110110111111001101011101010100110101011101010101101111100000010111101100111110101101111111111101011111101110111011010000101101101010000110101011010101111111100101010111111111101101101011101100001000101100101
10000011110101011111011001010101100101010111011111111101111110111111100110110000111111100000000001111101100000110010011101101000111111010110101001010100001100110000000000010000101100001000000110111010100110101
11101001100000010100011101010101110101110110011010110100000000011011001100011110100000001010111011000000001101111011011000101010010011011111101011010101100001100111111111110111111110111101101100111011110110111
10001011111111010111010001010111000111000011011000000101111010110000011001110000111111101111100011101101101000001111111101111011000111000000111011010100101111110000011010000011011010000111111110001001100110001
11101010000111110100011011110111110100011001111110110001000010010101001111111101111110001101001110101000111101011000000000110001010101011101110011011110100000011011000000111000001011010010110100111100111100101
10001111010000110001110000011101111111111100000000011111101010110101100000011111000000101000011000001101100101111111111010011011110001111111100110000011101101001011101110001101100001111000000101110110111101111
11101001111110100101000101110000001011101110101010110000001010010111001011110111101011111101001101011001110000001100000011111110000111110000110011011001100101111001100010100100110100011011101100000111100100001
11111100000000001111110111010101100000000000101111111110101010111100011111000000001110000001011101011100110110111001101000000011110000000110110110001100101100001011001010111111111110110000111101110101001101011
10110111110111011010100000011111101010101101111101100000101110110001011000011110101100111011110001110111100100011111111010101110000110111111110011111001100110101001101110001000001011111010110111100000011101111
10000101000100010000001101001011001111111111000000101010101000111111011101010000100111100010011111100000001101000110000010101011010010001100011000001100101110101011100010100010100000011010000000110111110111101
10110000010110111011101101111001111110000011111110001111111101101110001101011010101100001000110000001010100101011111010110100001010110100001111110101110111000101010001111110111111101011011111111100000000011001
11111111011111100011001000011101111000111000110111011000010111000000111111111010100111101010011011011111110101000110010110110101110110101111000110100110001010101011011101011100000111011000000001110101101110011
10000000000110001110011111110000001101100010000000001111010111101010110000100010101101111110110011001110000101101110110010100111110010100000011100101100101010101010000000000001111111111101011100110100100010111
11111011101111011111000110100101101111111111011110111011010100001010011010111111111001010110011001101000110101001000011011110011000111111011110110111001101010111011010101010100000000101111000101110101101000001
10000010000011010000011100001111100111010001110000110000000001011010111110000001011100000000111011101010011111101110110001100111110001001000000110001100101010001011010101111111011111101011101111010101111101011
11101111110110011111010001011010101101011100111010011101010101110011110000111100000111110110001010001011011100001100011101101110000100011011010010111001101011101011010100000011000000000001111011000111010111111
10001000000011111111111101110000000000001110000010111001010100011111011101111111110101110010101111101010010111101101000101100011110111001001011010101011111001101001110101111110010101010100000001110000000000001
11101110110111100000110111110111011111100000111111101111011101111100001111000000000000000110100110001010110110001101010101001010000001101011011110001111000011111100110100000011011111010110101101111011101111111
10001000100110001010000011011100011110111111111101000000010001010110100111111111010101110110110011011110100000111001011101101111101011001001000110111101111000000101110101011001000011010011111100011011101011111
11101110110100101111011001000111010000101010000000010101010101000000110001010101111101000011100111110100101010011011011101100001111011111011011110000000001101010111011111001011111111111001010111111000100000001
10001100110111111000011101101101111110000000111010111101010101011010100100000001110001111011001100110110101110110001010000101011010001111011000011110101101101110000001011101000011101101100000010101101111010101
10101110100110011111010000001000101111110111100010110001010111110011111110101100000101100001100110000000101000011011111101111010010100001111011000111111111111111010100000101010110000000110101000000101011111101
10101000110011000000011111100010000000000111111110011101110001111111011010101001011111001101101111110110111110110001100001011011000110101110001110000111010011011111101011111010000110111110111011101111000101111
10101101100111101111010000001110110101011100000000110001111111000000000000111101010000011101100101000100110000110100110100011010010110100011100111011101010110000000101001010010110111111010011000101010010000011
11111100111111111111111101101100110111110001011010111101000000010101101101100001010101110001101100011110011011110101100101111110110110111000111100000000000000110101101100011010110101000011001010100000110111001
11011001101011010000100001000110100111000101011010100001111111011111001101110101110100011011101001011000111011000100110101101100110010001010001101010111010110011111001101111111110001011111101010110111111111111
10000011000000011010001011101111111101010111111010101101100000011011011001000111000110110000111101111101100001101101100100000110110110111010101101010001111111000011011111110110000100001010111111100000100001101
11111011101101000011101110101001010000010110000010111001101011011000001111110011101100011010011000110001001101111000111110111111100110111010100101010100101101101111000000000111010101100000010101110110001101001
10000000111001010110001100001100000111010011101010001100111111111111111010110110000110111111001101111101101000111010011000001111001100001110101101010110000100100001010110110001110111001111000000110010111111011
11011101111101011111011001101111010100011011111010101101110000000000000000000011101100101000011101000001111111100010111101100110011110100011100101011110111101111111110110011101100001100011011111100110000010001
11110001000001011110001111001000010111001010000011101001100101010101010110101110000110001101000101111111000000001010001100110011000110101000101101011100000000001110111111000101101011001110000001110110101000111
10110111110101110100111111111101110110011111101011111101110101110111010011101011101111011001011111000000011111011010101001111111011100101101111001010001011011111010001011011101101001101111010100110010111010001
10000110111101100001100000000001000011000110001010000001010101000111110110001000001010001011001011111110111000011010101100101101000101111000111111010101011000000000100001001101111011000011111111111010001010101
11101100100001101011111111011101011011101111101111010101000101010100100111111111100011101111100001100000101101001011101001100000011111100010000011011111001011111101110111111100001111101001101011100010101011111
10001110111101101010010111111101110010001100000011010101101111111110001100000000001011000011110100111101100001101011111111101101001010110110101111011000011000011111011110100110101101101100000000110111101001001
11101000010111001011000001100001100110100110101111010101001010000000100110110101101111101001010111110111110100101110110110111101100000110010100001011110110011000010001100001100101000000101011111110001101100011
11101101000111011111110100001101101100110111101000011111101000101011101100111101000101101011000100000111010110111110000000000001101111111111111111110000011001011110111001011111111101011111000000010111001101111
10000111110001110001111110101001100110100001101101001001111111111111000110100001110001111011011111110000000010100000101010101011001101011100000001111101110011000000000011000001001111000111010101110001011000001
11101100000100110111011000101100110100110100111101100011010111000101011100111101000100011001111011111110101010110110101010101001100000000101111111000000111010010101011111111111011011010001010100010111110010111
10001110110110000000010010101101110101110101100001110111000101110000000111111101101110110011000000000000101010111100101010101100110101110000000001011010001011010101000000111101011001110101110101111110111010001
10111011111110101111011110111000010100011100111011000101110000011101011111100001001100011011111011010110101010000110101010101101110111111010110101001110111111110111101010000000000011111100010100101010101110111
11110011011011111100000000001101010101111001100011101100111111011001010000001011101101111010000011110011101010101111101110101101000000011010011111111100000000110001101110110101011000000110111110000000000010111
11011001010000010111011010111101011111010011101001111110001100001101111010101011001100110011111001111010001110100110001100101111011010111111011010110001110110110101000011100101011011101100001011101010101010001
10001100011111000000011010011001001100000110001011000011100001011101101110101011100101110111111011000011101100110010111001111000001110000011110000111100011110011111110111111101011000100110111000101010101111111
11101111010101111110111110111011101110101100101011011000001011000001100000101010001111011110000011110110000110110110110011110010101110101000110111101001000011111011000100101111001010101100000011111110100100011
10000000000000011100010100110000101000101110101010010011111111101101001110101011011000001000110110011111101110111100011001100110100011101110110000101101110111100011110001100011011011100110111000011111110001001
10110101011011000101000101111010111110111000101111011010000000001111101100101111111110100010011111001011000010001101011111101100101000100110000111101100010010001001100100001001111000101100001011001011011101111
10100111010011110001010101100011110100011010111101111111111101100111000110101100000111101110111001101010011011101111010000001101101011110111110000000101111000101011110101011111101101101001011111100010011100011
10110110010110000101010111001111000001001111110000000000000001001101101100101101010000000011101011000000110001111000011010100101001000010000010111111100001101101011110111111110101111101111010101111000110111001
10110100111100110101010100011101111011101111011111101101011011101000001110111111111010101111101000010110110100011010111010101111101101010111010000000101011100111001100000001010100010111000000000001010110111111
11111110011001100101111110110000101001101010001010111111001011001110100010110000101111111010101111011110100101001010001110111100000101010001010101010111000110001011110101100000101110011111010101011111110100101
10001010110011001100011000110110000011101000100000110110011001100111101011111110000001000000000000000011101101011011011000110110110111010101110101010111110110111011110101101010000010110001010101010101100001101
11100000111001100110111111111110101000101101111110000000110011110100001011000000111101111101111101011110001111011010001110110100110001110111000101010000011110001001100111001011011000010111010111000000001011101
11111110100011110100010100011000111101111111111111011110011011000110101001110110100000010001000001011111100001110010111110100001100111110001110111010101000011011100110011101001010011000011110011011101011000001
10111111111011011111000111011011110000111110100000010000110011110110101111000011111101000101010101000011001111000110110000101100110000010111000011010111110110000110100110001011010110011110111110000101111010101
10000000011111010000010111000011011010001100001101011101111110010011101100010110010001110101010111011011101111010010110110101110011010110011101110010000011110110010110111011001010011001010100010101100001110101
11111111000000011110111100010110000010100110100111010000010111000110001101111111000111000101011100011010000001111010110100100011010010111110101110111101111010100110010011011011110111100000001011101111100111111
10000000010101000000011110110110101010111110110100011010110000010010100111101001111111110101011111011111101111101010110110101110011010100110000010100000000011101111110110011001110000110111111000111011110000011
11010110110101011101110000100100111011111000100111011010100101010110101100001011010000000101010100001100000000001010010111100011001110001111101011101101011000100000110011001011000111100000001111110000010111001
10011100111101010001100101101101100011001110101111001010110101110111100110100000000101010111010001011111010110111010110100001111101000100001111000111101011111101010011111111011010001110111100101011011110001011
11010001100001011011110101111000111001100000101100011110011101000001101100110101101101010110011111011000010110001011111111100100111110101100011010100001000000111111000000001011110111000111110000000000011011111
11111101110101001001011101011101111101111010111111000111110001101101111001100101111001011100111000011010110110101001011101110001100000100111001111110101101110000011010101011010100001010000010101011011111110101
11110001011101111011000001000001000000111111100000011101011111000111011101111111011101111110101011011110010010101101000000000100101010101111100001100101000111011001110101111110101011011010111111110001101100001
11011101000000011111110101110101101011100000001111010000010111110110000001000000000000110100001011010000111010111111101010101101111110111000001101001101010001111100011111101100111001001010000000011100000001101
10000001101010110101111101100101001011001111111100011111010100011111110111110101101101100001101001111010110010110100001110100111010100001110100111100111110100010101001100000110110011011110110101111001010100101
10111111111010100000011001101111101111111111110001011000000001111110000110111111111000110101111111100010010110000111100010110011010001100010101110001100000111010111100111011110010110000110011111101011010110111
11110000000010101011000011100110111101111000010101010011101100010100110100000111011101100100011001001010110011010001101010100110000101101011101100100111110011110000110000000000110010101111111111001001010110001
10000101111010111111101011001110100000000011000101111010001110110111111111101100000000110110111100011010111001010101001011110011010101101110000101110000010110100110110101111111110111100000110101011111110010111
10110111000011100000001011111000001010110111101101000011101000010110000111000001111010110110100110110010001101010101101110000110010101100011101111110111110000001111100100000000011110001010000000000010011010001
10110111101001101011101110100011101111111101101101101010001101000011011101101011000011100100001111100111011001010111001111101111010100110110100010100000011010100101111110101101001011101010110111111110111110111
10100100001111111011100110111111111101100000001111101111101111101000000000001011101000110101011000111100011101010111100001111101011101100100001010001101111010110001011011101101101000111011110000000110100110001
10111111100000110010001100000000011000001101011010001000001010111101010110101010001010010101000010100001001101010101001111010100000111001110111111011000001011100100000000100101100011111001100101010000001110111
11100000001010011111101001111111000010100111011011101110101000110001010100111011101010111101101010111101011001110100011000000001011111111110000101011110111110001101101011101101001000001111111111111101111010001
11111101011110110000001011111111101111101100010000111000111110000101111101100011001010000101101110100001011111000111001101011011000000110100101100001100000011011101101000101111101101100111011010111111101011111
10000001001111111110111010000000001100001101010110010010111000110101100000110111101011011111000011111101000001110100011001011011010101100001111101011001101111010111001010100010101101111101010000010000000000111
11110111011011100000100010101110100110100111011111010111101111110111111110110101111111000011101110000001010101000111001111010010010111110101011001001101100101000011101011101110001101001100000111000111111011101
10000001010000101011110111111100110111110110010000000100000000000001100000011101010110011001100011111011110111101100011000011110110001100100001101011100110001101000111110000010101100011101110110010000001001101
11111011111010001011011101010001100011000110111111111111110111011100111011011000000000111011111010000010100001100111011110111000010100110110111101000101111011001011110011101110111101000000110010111011111100001
10000000101110111010001000000100101011011111110110011101000100001101111110001111111110001111001111101000101111001100010000110010111101100100000101011111000001101010000110001111100001011011110110101000000110111
11011010101000100011100010110101111111111101000000110100010111011001000100101000000000100000011000001010111000011111011010111010000100111101111101000011011011101000111111111001111101111000010010001101011111111
11110011101111111011110111110100011000000000011010100001110100001011010001111111110110110110111101101010011011000011011010101011101110100000001101010110010000101011110110111100101101110011111011101001111101101
10000111101110000010000110000101001011111011011110111011000110101111111011000000000010110010101111101010110011011110010010100000100110111011011001010011111011101000000110101101100000011000001011111100000000101
10111110001011011011010010101111011110100010010000000011010011100001101011111111110111111011101011001010011110000110110110111010111100110001001101011001101000101011011100000001111101001101011000001110101111101
11100000100000010010011011101100001100001111111110101001010110001011000010110000010000011001100000011010110000110110100010110010010110011011011111011011000010111011000001010100001101101111111110100010100000101
10001101110101011011001111001101011001011101101100101011110111101011101010011111000111111100111110111110110110110010101010100111000110111110010001011001110111110011011011010101111001100010101111101111101110001
10101001011101011011011100011001110011110000000001101010110100001001101011000000010000110101111000010100100111110110101011110011010010010111000111111101000101010110001001010100001111001000000001111001000110101
10101101000001011111110101001101000110000101111101111010111110101011111111110101011010010111001110110110110100000011101011100111110110110000010000110111110001011100101011010101011000011011010101001100010110101
10111101011011010000100001011001110111111111000001000000001100101000110000000101001011000001100000000110011110110110001010001100000110011101111011100000000100001110101001110111011110110001011111011111010010111
11111001010001111110101101011111110100000000011011101010111110101011111101101111011111011111110101110110110000011111011111011111101111001100110000110111010101100010101011000110000110110101000000011011011010001
11000011111011101110001101010100000111111111011011001010111011111110110001001100001100000110011100110010110101010000011000011000000011011001100111100110010101101110101011110110101100010111010111001001001010111
10011110100010000000101101010001110111110100001110011010100011010110111011111111011111111111010001100110011111010101011101001101010110011011110000110100110101100111101001110011100110110001010001100011111110111
10111000001010111010111101110101111100000110100011001111111000000010101110011000000000110000011101111100110000010101000101101001110111001111000111110110010111110000111101000110001100010111011011101110110110001
10100010101011100010000100111101000001010000110111011001100011111000000111000010101010110101000000101101111110110111011101001111000001100101101110000011010110100110000101101110100110110001011011000000000111011
10110110101111110110101101100001111101111010100110011100111010000011010000011010101010110101101010001101010000110111000101101010010111110000100011010111110000110100110101100011101100011011001011010111010001011
11100110111000000111100111001101100000110010101111110110001010101111110111001010101010110101101010111000011011100100010101101000110001010110110111010001100101100110011101101001101111011001011110010001010101001
11111110111110110100001111111000111111111110111000000000100011111110000001101010101010110101101010011101011011110101011111111101110100010100011100011011001100111111001101101011000001111101011111010111010101101
10001011101110100111101100000011110000000000011010110110110110000000101011111110101110111101101011001101001010000101111010010001100110111101011111011001100110000001101100101011010111110001001010010111111111001
11101011000000101100001001110110000101010110111111110110100011110101111000011000100010011001101111011001101011010111001011010100110100000101000110011011001111011011000101101001010000011101011000110001101011101
10000000010110111111101011100011110101110100001101000110110110000111000011011111101111001101001100001101101011010001100000000101100101010101010011001011100110001010011101001011011010111101001101100100000001101
10110110111100011000001010001110110101100110101001110110110111010001101001000111000001011111100111011111001010010111001010101111110101011101011111101000110011011111000111101111110010000111111100110101110101001
11100100110001011101101110101000000100110100101100000110110100010111111011010100011011011010001100000011011011011101101010111000000101001101000101111101100110010101101110100000011011011111110001100111100101101
11001110011101010001001000111101010101111101100110110110100111111111000001011101011111110000101111010110011010010000001010001111101101011001010000110000101111000001100000101101110011000001011011110000111111001
10011111011001011101111101100001110100110001101111111100111110001101111011111101000000011010100011010011011011011111101010100110000111001111010101110101101011101111001101100111110110010100001110111010000011101
11001100011011111111000000111111110101111101001001011111111011100000000000110001010101010010101110011010001011111111101010101110101100011111110101100111000010101100011000110000010100111101100000011010110110101
11100110110010100111110111101000000111001001101100000000000000001110101011111101010101011011101100111111011010000000001110101000100111000000010100111100010110000110111101100111011110011101101111111011110000111
10001110011000110001111110100010101111101101101001101010101110101000101000101101010101011000100110000011001111111010100011101101110111011011110101110001010011010010101111110011000111000101000001001110000110001
11100010111111111100000000111111101101000001001100111010101000101010101101100001011101111010101100110110011001111110101111001001011100011000010100011011011110010110001011000111101100010111101100011111101110101
10001111101101101001011110000000001000010101011111111111111101101010101001101101001111100010101110110010111100000000100110011100001101011010110101010011001100110010100011110000101110111110000101110001100010111
10111101101000001101010000101101111111010111011111000000000001001110111101000101100111001011101000100111111001111011101111001101011101001111110101011001100110011010101001110111111000011100101100000111101010001
11110101000010100001110101101111100000010111001100011010111011011000110001010100110001101000111101110000110011110010000011101001000111100000010101110011101111011011101101000000011011000110101101101111001111011
10000001110110110111000101101000001010111100011110110011111010011010100111010110011100101010011001011010100111011010101110001011010110001110110101100110000001010000101001110111111111010011101101101101100011001
11110100100011110001111101001101011011101101000110111010000010111110110100010011001101111011001100011111110110000010100011011011010011011100010100110110101111111011111111000110101101110110000111100000101001011
10000110001010000101000001101001011011000001011111101111111010101000110110111001100111011110011001010001000111110110110111011010010111111001010101100110100010110000110000010000000000110011010011001101101011011
11110100111111101111101011001011001110011101011011000001011011100010110110001100110000010111011011110100011101111100110001001111010110101101111100110010111000011011111101010101101011100110010111100100111110001
10000110110101000001101111111010011000110001011000010100000011111110010100101110110101000011010000011111010000000001111011100110010000001100001101100110100011011011000001010111001000110011011110110110000011101
11010111110101101111000110000011001101111011011011110110111000110000111101100011100101101011011011111011010111101100110000110011011011100110100100110011111001010011010101010011011011100110001000110010101010101
11111101100000000001010111101011101101000011010010000100110010011110011000101000101111101011011011000000011111101101111101110110010000111100110110011010000011111011110111010110001000101110101011100110101000101
10000000001011011011011100001010001001101001111011111110111010110000111101111011111011001110010011010111110000000101100000010011011010001110110111001111101000001010000110010011011011100010100000111111101010101
11111011101010011001110001111111011101001011000010000000100010011010110000011001010011100110111001111111111101011100101011110110010010100110100001011000001101011011110011010110001001101010101010000011001010101
10111111001111011100110111110101110111101001111011101011111010110011100101001100000110001100011011000000010001000101111000010100111010101111101111110010101101001010000111010010101011001010111010111111101011101
10101110011101000110011111010100010110001011000011001010000011111000111101011001101100100101011011010101000101011100110010110110100010111011000000010110111101011111101110010110101111101011100010001010111001101
10000000111000010100111000000110110100101010010111101011111010000010100001011011111101101101010001111111101111001111110110111110111010000001101111111110000111001100001100110010100011001111111010111000001111101
10111110100010110111101111110000000001111010110110001110000011110111111011011000000111100111011100011010100111100001100111101011110011011011000011001100110001011110101101100111101111100010100010101011101110111
10111000110110011110000000011111111011110011100010100110101011000000001110001011010010111110000111010010001100101111110000000001100110001001101000011110110111110110101100110110000001101110110110000000100000011
11101110010111001011101011000110111001100111001010110011111111101011011111011001011000001010111111111000100110000001100101101011001100111011111011000010110011000000101101110011010111000010010011011011110101001
11000000111100011001111111110100000011110001101110110111010101001001010000011011111101111000001100101010101111011011110100111111100110011000111011010110011111101110101100010110010110011000111110010000011111111
10011010000111001100110110000001010111111011000011100110000000011011111111011000110100001011100110000010101000001010111110000110001111001010100011010111011000001000101101111111010011011010011011111011111010101
11110010110100011110000111111101010001100001111110001100110101011000110000010011110111011011001111110111111101101000001100101100100110011010101011110011111101101010101000011010010111011011000001110000110000001
10000110100101110111110101001101010111111011111011100110100101011011100110111000000011111111101000000110000000111010101001111001101111001111101000011110100111111010101010110010110110011011111111011010000110101
11101111111111110100000001100001010111000011000000001111110101010001101100110010101000111111111011010111110101100010101100001011000001100111101011000000001100000010101010000111100111011000001101011011010010101
10000011011111010110101100001111010001101001101101011111000111011100100110111010101010011011000001111101100100111010111110101110010100110010101001101111111111111010101011101100110011011010100000001011010111111
11101011010100000000111001011111011011111101101001111110011110011101101110011010101011000001110111000000001110011010011000101111010111111000111011000000001010000010101011000001111001010011101101011011010011111
10001110000001010110110011011000011010100001101111101100110000110001111000111010101110011111000101110101100011001010111101100001110111000010011001101101101000110110101111101100001101110110000101001010011110101
11100011111101011110111011001101011000111100111000100001111110100100011110001111100011000011011101110101001010011010001101101011100001111011110011101101101010110010101100000101011001100110101101011111000000001
10001011000001011011101011011001011011100001100010001011000000110101010000100110001010011111010000000111011111011010111101111011001011101000111011000101111110110110101101010101111101101111101001010011101110111
11111111111111110001000011011111010001101111111011111001101010100101110101101111011111000110010101010111001100011010011000001001101110000010011010010100001100011111101101110100110001100001111101000110000110111
11010101110110000100010111110000011011001100011111110011111110101100110100101000000011010011010111010100011001011011001011011101101111101010111111110110100101010010001100010101111011001111010101010100101111101
10000001000000101101010101110110110001111110110000000111010000111001111101101010110110011011010110010101001101010011011011001101000001101010110000000011110111111010101001010100011001100000000111010110101101101
11101100010101111001010101011110011011000000011111010010011010001100110000101010110011011010010011011101100101011011011111101001010100111010011011110111100001101000101011111101001011001101010001111100100000001
11001001010111100011110100000000111111111111000000011000111110101001111101101011100110010010111011011001001111110011000000111101010101100011010010000000111111000011111001101101101111100111110111100001110101111
10011101110110001000111111010101110011010111011101010010000110101100110000111000110011111011101010011101100110011001101111100001110100101010010111010110000011010110000011000111101100001110100000110100010100001
11111001000111101101101011010100000110000000010001011010101100100110111101111110011001100000001111001100110000111011000000110100110110111011010101011100101110011111011000010011000110100000110101100110110111111
10000011111100001001100000010110110110110101010101010010111110110010101000001100110011110101011100011001111011100011101111100101111110110001011100011101100010110000001101010111101111101101100100110110010000001
11011010000001101101110111010110110100100111110101111110011000010111100010111001111000110101011001011011010001111001100001111100001100100111011001000111110110111011101111011101001000000111101110100110110110101
11110010101111001111000100010111100110110110000101001000110011011111111110001101100011111101001101011011011100011011101100000101011110110110001101010000010110100010000011000101101101101110111000110100010110111
10000111111100011011111111010000110010100100110111100010110110001010000000101000110111010001011001010011000001001110000101111111000110100011011101010101111100111011101011110100111111000000011111111110110100001
11011101010111010001010000010111110110110110100110001110110111100010110101111101100000011101011101010110011011011000110101111111111111110110010101011100101111111110001000010001110100011011110011000000011101011
11111000000000010100011101110111010111100110110011101000110001110111111100011000110101011001000111111100111110001110010100000101110101100011010001000110000110000000111011010101100001011000110111010101001101111
10100010110101111111000001100000011101001100111011111110110101000011010001111101100111111101010011000001100000111000111110110001000000101001111011101100111111011010110001010100111101110010010001110101101000001
10001110110111101100011100110111001100011111100010000000011101010111011101110101110000011001010111101101101010100010011000111011011110111011000001100110000001110011100101011101100001000111000111000100101010101
11100111100110101110110001100001011111110011111111110101110001010100001100000111000110111101010001111001101010110110111110011000000110001110010100110010101101111011110101011111111011101111010111101110111010111
10111101110100000000011101101011110101111010101111110111110101010111100001110001110010001101110111011011001010100110110000111101011110101100111110110111100111000000010101000110110010100110010001111000110011111
10000001011111111110110000101110000101011010101010000000011101010100001011111011000110100101100011000001101110110100011110011001000010101101101100100000110011111010111101010000110110001111010100111110111000001
11111101011010000000011101100011010100000000000000101011110001111111111000001111110110101101110111111011111000010110111110111011011011101101100001101101111010000010000101011011100011011101010110000110100011011
11110000000000110110111001101001110001011101101010111000011011101101111010100110000010101111010001100001011110111100100000001001001001100111110101100111001111010110111101111011111111110000010100110011101001001
10000110101010100100110011111011000101111111111111100010111110000000000010101111010110111010000111001011000000011001101110101111111100110111010111110001100000010110001111110010101010000110110101111111111011111
11010110101011110111100110000001110101110110010101110110001100111111010110101011110110000010101100011001110101011100101000100010110111100100000011000100111101010100100110011010100010101100011100000000110010001
10010100111010000011001100101011010111000011000000000010111111100000010111100010110110101010101001011011000101010001111101110110000011101111110111110110001101010110110011000000001110101101001101101110011000111
11011110011011011011011111101010000011111000011101010111110011001010110001111110000010101110101101011001010111011011110001100000101010111100000110000111101101011110010111011011011000101001111001100011111101101
10011000110010010011000001111111110110000010110001110000000110011010100100001110101010100110101001110011011111011001100100101010111000010110110011010001111101011000110001011011111101111100001100110111000000001
10111101111111111011011011000000000111111110110100011101101100111111101110111010111010111111111011111011010000011101101101101010011010110000110111110100010101001101100101011000011001000110101101100101011010101
10011111010101000001001001111111010100000000110101111000101110100000001011110000011010001011011011011011111101001101001000101110110010110101110000110101000111100111001101001101111100011100100100110001010010101
11001100000000010101101011000111010101101010010100110010100011111111100000010101011010100011010000001010000001011111011101101100111010011101000101100101110011001100011111101100101101000110110110110101111010101
10011110110101010100101010010000010101001010110101111010110110000000001010110101001010110110000101101010101011001100011001100110001010110001101100110100010110011001000000100110000101010100100010110101000010101
11111111111111111111111111111111111111111111111111111111111111111111111111111111111111111111111111111111111111111111111111111111131111111111111111111111111111111111111111111111111111111111111111111111111111111
