111111111111111111111111111111111111111111111111111111111111111111111111111111111111111111111111111111111111111111111111111111111111111111111111111111111111111111111111111111111111111111111111111111111111111111111
101000110101000111011010110000001101010111010101001001011010100010110000010100110000100010110110100011000000001010101010110110110110000011010110101101001101011010110100011001010100101010101001011000001011011010101
101110100000010010001010111110100000000010000101101101010000111010100101000001100110111000100110110110010111100000001010100110000011111000000010101001100100001010000101001011010101100000001011011011111000000000001
101100111010111011101010101100110111111000110101001100011101101010101111110100111110011110001100000011010100001101100000110110111110001111110110001101101101111010111101111001010000111010101011000000001011010111111
100110100010110000101010101111111111000011100101101110110100000000111010110110011011001011101110111011111110101001001101110100000110111110000011101101101000010000001100111011000101100011101000010110111011111101101
101100001011111110000000001011001001101011110001101010110111110110000000000011000001100000000011110010101011101011101000000101111110011011111000001000001101110111111110001001101111111001111110110010110000101000001
101111111111001000101101100001101100111110100100000010110010111111111010101111111101101011101111011000101001111111111111110101001011010000000010100011111101010110110110111011101111011100110000111111110111101011111
101001110001100010101101001100001001111000110110101000011010101101101111111110111101111111001010000010101101001101010101000001011011011111111010110111100001010110100100001011000101010101111110000011010010101000001
100011010100111111111111111001101011001110111111111110110000000000000100010000000000010101101011111110000001011000000001111101011010000101110010100100111100010000001101111011110101010000011010111110010110101011101
101010011110000101010100000011000011011010011111010110111101010111110111000111010110110000001010100000111101001101110100000000001011110100011110110001110111010111100000110001100001011101110010100011000100000000101
101111001010110000000110111111111000001010110110000000100111111100000111111111111110011110100010111111110101100111111110110111101001100001111000011101100011000000111111100111110111011001010110101111110101110111111
100101101011111111101111111101011011101010100111111110001110011111110101011000000000110111111000010101000100110111011111100110001101111100101111111100110110011111110110001110110110011101000000000100110000010000111
101100001011010000000101000000000010001010001100001110101010110100000001011111111110010101101011110101110110000001010101111111100001011001101001010101100111000000100010111100100011010100010111110001110111111111101
101110100011000111010101010101010111100011101111100011101010110111111100010100110111010101000001100000000011111100010100101001110100001101100011010100110001101111101110011001101110000001111111110111000000001000101
100111111000011111110101111111111111111010100110101011000010110010010111010110100000000101110100111111011011011111010110000011011111100100110110000110111101000100101100111011001111110100101000011110011101100011101
110011011011111100100000101010101010010010110110111011110110011011000000000000111101110101111110010011110001010110000111110110011111110101110011011100101001010101100101101011011010111101100011110011000111111000001
111010000011110110111101100000001011011010100000010000000011000011111011011110011111100001011010110110111011010011110010100111010100010100011001010110101101011101101100100010010000011000001010111011011110011010111
100000110110000000000000111111101011000000001101000111111011110110101111110011000010001100000000100010100010000110011000110011010111010111001100010110001000001101000101101110110111111011111110001000001000111111111
110110010111110101111110100111001011101011100111101100000000100000100101111011101000111111011010001110001011011111011110010110010100000011101110110111101101101101110000000010100110100000010110111011100011110111001
111111111101011111011000110001100001111110111100111001111110001010110101011010111111111011011011101011101000001100000111010011000111111010100110000011001101111100100101111110001110111010110000001000101111100010011
101011001000011010011110010100001101010100010110011111100000111110000000001010110111000000011010000010111111011001010100011001010000001000101111011001100000110110001111101011011100101011110101111011111110111010111
100001101110111011010111011110111101000111000011000010001101110100101010101010010000011101011111101010110001001111110111000011111111101110101100001111111101100000111011000011000110101011010111100011011000010000001
111100000100000011000000011011100001110101101111111011111111100001101111100011000101011001010101111000111101011010100001111001101100001010001110111101010100001011111001101110011100100000010011001000001110110111111
111101110111011001111110110001111100000000000110100000010110001011111000001001111111111111110101011110011000001010110100011100101111100011101000000101000110111111101101101011000110101110110111011111011100010101011
100111110101110011011010110100000111101111110100111101010011111110111111011100111010110111000101000000110010100010111101000110101010001001101101111101110110110110101100100001101100000110000110001101110111000000001
110100000100011000010000011111110011111111010110101111000110110000101101110001101010010001110001111110011111111000101111110110001010101101101101101001110110110000000110101111000001011111110010111100100011011101101
100111110001111111011111001010011010110000000110000011101100011110101000000100000011011100011101010011001101011011100110100111101011101101000000001100000110110111011100000110011011000000011110110101101111001100101
110100111100000000011011101011011000100101010000101000000101110000100010110111111010010111010000000110011001010001110000001100001000111000011110111111011110000111011111011100111111010111111100000001101100011101111
100001100001111111010000000011011110111111011010111110110101011110111011100100111011010110010101110111011101011100111111101111101011110011011100101101011000111101110110001101110101111101010001010111001101110111011
111101111101110000000101011000001000101100011011100000110000001100111111110110001011010100111111010100010100010101101101101001000001100111110001101101011110010000110100111101000000011000000111111100011000000000001
111100110111011111011111111111101110000110111011111010110111101110001100000100100000010110011010000111010001000001001000001101111101110110100100001001010110110111110110110101011111111011111100011001110011111111111
100101100000000000011010110101101111101111101110101111100111000000111111101110110111000010110000110000011101101101101111011000111000100110001110101101000110110110000110000000001011010000000110110011010110001001011
110000001011111101010000010001101011000101001100000101110100011010011000111111100100011000011111111111001111111101101010001110001110101100101000101101011100110011110110101101100000000111101100111011000010111011001
100101011010000111111111011101101010010000011001110100000101111111001110110101001111111111010101011101011011010000000011100011011100100111111101100101010101111000110000111100110101010011100110101011101110001011011
110111001011101110100000000000000000110101001111010111101111100100011000100001101000000000000000000000011010011111011011111000000001111101011111110001000000110010100110110110111111011010111110101000100010111010001
100011111110000100111111111101101010100111100110000100111010110111011110111101111111111111101110111111011011010111111010111101101100110101001010010100010111111011110010000011100001111110011000101011101110011010111
110110000111110110101101101000101011101110110100110001110000000110001110101000010100100001001111100000001011010100101000100111111110010100011011011111110000011001100111111111001101110110111011100000000110111010001
100011010000000100000001000010111000111000000001111101011101010000101010101011010110111100011001111111100000010110101110110010111011010111000011011000000111011100101101101101101111010100001000110111111100000000111
101111111111110001110100010110110011110011010100110000000001010110100000001111010100000101011011000000001011010110100100011000100010000101111001001111110111110110000000100101001011010101111010000000110110111111111
111100101100000111111101010110010110000110011111111010101101111100101010100110000001110001010010010101101011000010110111001110111011010000001101011001100001100010111111101101101001010000000011101110000010101000001
100001100111111100001001010100110100101111111000000011101111101001111110110000101011100101111000110100111111111010100101101000101011110110100101001101101111111010000000001000000011010111110111100011101000001011111
111101110101111101100011010110011111111000101110111011001010000011000000011010111110001101000010011111110110110000110101101110101010111111110000011001001011010000110111100011011000000000011110101111001101100000011
110101000000000111111011111111001011111110001011100011111000101010010101010010100000101101011011111111000000011110000000000000000010010001011111001101100001011101111111111111111111111111111100111101111100101101001
100001111111110110100010101101011010101111101011001110000011111110111111110111111101111111111111110101111111000111010110111110101011011101001011011000101111001100001100011100000010110000100110110101000110111111111
101100001110000000001010000000011000001010000001101000111111000011101010111110000001100010100000000101000000010000011111100011111011001101100010001110100001011001111001110101110110000110001110010000011100000111111
100110100000111101011011110110111111101011101100111111111100010111000000011011110111111010111111110000010101111011011101111001011011100000001000100000111011001100001101010101011110111111111011010101011111111101001
111100110110100001011111111100100000000001111101111110000111110101011111010010111110100000000000000101011111101111110000101100000000111010111010101010000001101101111000000000001000000101001011010111110001110100011
111111111111111101110000011110101010101100110000101011110101100001111001011010101000111011011101111111001100000000000110001111111110000011110010101011111100000101011011110101011011111101011000000001110111010001001
100110000000010000110111000011101111111110111011101011010000001101101100000000001110011110010111000000011001101010101111100011111111010110000110111110000001101100001000111101000000010101011011111111000011000101011
110000111111000101111100010110001101100000101011001010011101011000001111111110100111000011110100010101010011111011101101111000000000010011010110010100111101000001100011100111111111000000000000000001110111011101111
100101101000010111101111110011011000001110000001101011001111111111011000100000110011110110100111111111111110111111101000000010110101011110011100110001100001101011101010101110111011101010101010111111000001000100001
111111101011111100000001100110001101111111111100000001101001110000011110111110111010100110110011111110101110000000001011110110100101010000111110011011111101001000111000000100000000101111111010000001101111011111011
111100001111001001011100110111011111110001110111111101100011011101000000000000100000110100011000010100000000101110101010000100101101011011110000110000110001011110001111010001101010100000011111110100000000000001001
100111100101101111110101100011111010000100000000000000111010001111111011010110101101100001000011010001010101111000101010101110101101010011000110111011110101000110100001111111101011101011000101011111101110101111111
110101110101101010000000101010110011110110111111011010001011011010111111111111111001001101011110000111111111011110111111111000101111011010011100101011011111101100110100000010111000101011010000000000100011100000001
100000100001101011111101111010011011011111111111111111100010001010100101101011011100011111010000110110101000000000010101000010100011010011110001100010011000000110110101011000001110111001011011111111111111101111111
110110110100000011000000110011011010000000000001000101111011100010110101001010001101001011011010011100001111111011110101111010110111111011000100111111000011010010110101001110100111100011001000110000011110100000001
111100111111110111111110011010001011110101011101110000000000001000000101101000100001011000011111111111100011011111010000000010100011000011101110100001010110010111100101100010110000101001101010000101000010111111111
101110101110000110101111010011100011100111111100000110110111011010110001101110111011001101010001110110001000000100010101010111110111111110111011111100010011010000110101001110111101101100101011011111101000000001001
100000000100110010100011011010101110111100000001011111100110001011111101001111101111111001110100000011111111110111000101110100111101011100000000001101010110010110011111100010000101101101101001111001111111110111011
111111010001111010110110000000001100001101010111111000001111111111100001101011001101101111111111011011010000000000010101100001101000000001101010100001110110110111001010110111101101001100101100101011000000010101011
101101111111111010100000111011101001111111111110101011011101100110111100001011100000001010010000010000000111010101010111001011000010110111101010101011100110110001100000110011111111011001111001101010011111110000001
101000110110110000001011111011101101011010100010101111110100001100010111101000001111101011011011111010111111010111110100011001111010111110111011101010001110110100101110111000000011111101100011101000110111111111111
100010000010000101101111000010100000011000111000101110100001100111000000000010101000001011001110101111101000010100000101010011000010100000011010001110101010010101100110011011111110101111001000000010000000001001101
111111111011110101001100010110111011001110101110101010110111110000010110101011111110100001101100001111000011010101101101011001111011111011000010101100111000111101110011110000000000001001111101110110101110111011001
100100110000000101011110111100000001100000000000001010100100011011111111111111010000110100001110111010011011111111101111011011000010000001101010101110011010011100011000011010111011100011010100011110111100110000011
110110011111111111001100011001010111110110110110100010111111001110001101011110011110011111011000010011011000001011001000011001110111101011001010100111110010110001001101111010001001101111000001111011110110000111111
100011010101101100011001010011010110000100011111111010111001101000100000001011011011111000001111011000010010101001111111001111000100001010011010111101110110011011111111101111111100111000010100000000000110110000001
101000000001000111111101011001110111111110111011101000001101101101111011101000001011101110100000000011011011111101010100011000011111011010110011100000000110110001110110000101101110001110110101010101011110100101101
101111111101101100110111111101111101100000110000001110111000001100111110000011101000000000101101010111010001010000000001011011111000011010111010001011010010110100010000110000000011011100110111010101000010101100111
111000000001000110100111111111011101001111111010100000011110101111101100101110000011111010101001111100010100011111010101001111101101001110011010101111110110110111000110011011011110000101111100011101010111100101111
111110111101101110110001011011010000011100001111111111000011100110000111111110101011111110111101100001010110110000011111011100000001011100111111101000000010010100011111110011010111111111100111000101010110001100001
101111111101100000111101011011011111110111011101111011110110001111110101000000111110000000110001110111010110011010110000010111111101010001101000001101110110110101000000011111000010110110101110010101010011101101101
101011000000001010011100011010010011100110010100100001000011101010000000010101100000110111111111010110010111011010011010110000000001011100101111011001000010011101010101001101111000000110100010110101011001101100101
100001111101011111000001000011011010110111010110111101111000000000111101010111110110100011011011010011010100001111111111110111110101011101100000011111011010110001011111100000001101110000001010011111011101100101101
110100001111110000010111111000000000000001010100000001111101101101111001010100000100110110000000000111011101011110001101100100000111110001110111000111011010100111000000101011101100011010111111001100001111001100111
111110100110111111111110100010111111111100000101110100000001100111000011110110101111111100101010101100010001010000101000001110110110111011000100011100001010110110010110101000101101011010000001111110100001011110001
101111110000000000001010111110100001111001010001111111111100110110011001100011101100011101111110111101011011111101100011011000100110000001110111011001101110100011010011101110100101011010110100010100110101001011111
100101010101011101100000101000110100000011011111010000000001100110111101111111101101000100110100110001011110100001001110011111110011101101000100010011001100110110011111101100111101111010010111000101111101100000001
110100000101010001001110000010100110111111111100011010101100110111110101000010001111110001100001100111010000110101100111010000000110000111011101010111101101100111000000111110111111101110111111101100011001101010101
100001010101111101111111110111101111111110110001000011111101100011010101011000111000000111110101111100011010000111110011111010101111010100010001011101001111001100011111110110000110100110001000111111011101101011101
101111011111000001000000000001111100000000000111010110000001101111010111111010111111101110000111001001010010101100000110011111111011110101010101110000011011111111000000000011010000001110100011111010001111111011001
111110000111010101011011011111010111101101010011010011111011001110000110100010100000001100110001101101110111101111110100110110000000100101010111100101000001100010010110111110010101011010101010101011100000001011011
100000111101111111110010011000010110101101011001111110111001111011110110001010111101111110011101000000010100001000000110000000110110001101110000110111011011111000110010000011011101000011101000001010111111111111001
111101110001101010100111111111000000001101111011101100000011000000000000101010100001000010110001111101010111011111011111011010100011101101000111100011011001011101100110111110000111011111111011111010001011110101011
100001100100100000110101110111010101101111101111000001101110010110110110111010110111101000011011100001010100010000000011111110101010001111110100001011001011010000110010000011011111111100001110010010111000000001001
111011110110001110000100000000010101001000000110011011111000110110100100001111110110001101011010111101011111011101011110101100101011100001100110101011011111011010010110101011000000010001111111010110000010111111011
100011000011011000101111011111011101111101010100111001100010100110110110111110000111100111111110000001011000010001011000001001111011001011001100111010001100000010111100101011011110110100101011000000110110000001001
110111111111001110101000010000011111000111110001100011111011110110011100100000101100001110110011110101011111111011111111100011000001101111101101100011011001111011101110101011000010000110000000011011100111110111101
100101101010011000101101111101010111110110100111111011000001100110111001111011111110101100000110000101110100001111110010001001111011000001101100110110011111110000000011101001101010101110101011001011110100010000101
101101000000111111111111000001110101100000001100000011111011110100100011000001100000111111110000110100110111101101011011111100011011101011001101110011001100000101101000101101101111100010101001111000111101111110101
111000010110111111011010010111110000001111101101111001100010100110111010011011101010100000000101100110100110101000001010110001001110101011101101000111101111110101101111111001100001101111101011000010001000000010101
111101011110011000000000110100000111011010000111110011111010001100011011010010001010101011010101110011110000000011100000000101011000001010001001010100101000000100100000110011001011000000101110011010100011110110111
100001010000111110110101100101010100010000101100000110101011011110111110011111011010101011010111010110011011111110111011010101001111011111011101010110001101010111111010100110011001101111100110111010111110111111111
110111111010100000100101001101111111111101111111010100001011011000001111111000001011111010010111000011001111000100000011011101111100001100000101110111011111110110001011110010111101000011101111110010000000000101101
100011000010111011111111011001001000000001000011110110100001001110100011100010101111011010110101111011100110010001010110001100110111011001011111000100011000000000111111010110000111011000111011011110101101011101001
110111011010110011000000001111100010111101111010100111111011011000101010001010111000000011110000111010110100111101110111101101100000011011001001111110110011010110010110010011010011011010000000001100111111110101011
100110010011110110010111011010101011100001000000001100000001111011101011011010011101111111000101100010000001100001100011001111111011011001100011000000111111010011000000111001110111110010110110100110000000010000001
101110111011011111011111111010001111110111011010101111101011101000101011010011010001100000010100111011101011111011101011100000011010011011001011110111101110010110010111111101000000011011100111111111010101000101011
111000011010011001110001110000111110110110011010101001001011000010101011010110011011111111110111100010001110100010001110110111011011110001101001100110000000110011010000010111111101110000110000001101010111101111001
100011001111001101111100000111110000000011011110111101101110011011101111010011111010000000000100001011011000110111011000000011001110000111101101101111111010110110010101000010101111111101100101111101010001100001101
101001111100011101010111010111011101101001110100100000001111111011111100011110110010110110110110111011111110000011001111010111100011110100000111001001000010100011010101011000000001011000110100000001110100110111111
111111110111000000010101111100000001001111110111111101100011101000011001011000000111100100100110011110101111110110011000010110001011110110110001101101110110111111011101001101101111011101111101110100110110010000001
110110000110010111000000101111101101011001010001000000110110001010110011001111011100111110110100110000000000000011011110110011011110000110110101101000000010100000001101011000100000001111011000110101100110111111111
100011110000110011111110000000000101001100000100011101110010100010111001101100001101101000010101110111010111010110001110111010000110101100110100101011011010111110100101001101110101100000011010011100110110101000001
101000000101110110000000101101101111011111010101010001100111110110100011111111011000000010111111011111110100010111011000001111101110100110110101101111110010001111101111100101100111110111111111111101100110000010111
101010110101000111110110101001000110011000010111111101110011010111110111000000011101101010011011011100111111011100011101011000000010110100110111001110000110111000000000110100110000110001000000000100110011010111111
111111100101101101111100111101101100111111011100000000110110000001100001101110110001101010110000010110101000011001010101011111101010110110010001111011010100001111101010100101100101100100010111111101110111110101001
111000001111111101011110110001101001110000001111011010011111010100110101111000110101111111111011000000000011011111110001001100001011110011011111010000010110111000001110110101111100110101110000011111010011000000011
101111101011000000000000100101101111100111101011111011001011110111100101000010011111010101010010010101110111110000000101011110101000011111111010000101110110001111100011110100100101100100011011000000011011011011001
100000001000011111111010110101001100001111111000000011101010000000110111111010111000000000000111111111100101111110101101011000101111001101101000110100011111011000001111000110101111110101001111011111111110001011011
101101101111111110110011110111100111011000000010101001101000101011110100000011110010110101110110000000001100000000100111011010100111011001000010110101110000001101100110010010000000110101011000000010100011011011001
111111111111110000011011000011001100010010101111101100111110101001100111011111000111100101111111110101101110111010110011011011110001111101111011111100110111101101110011010110101101100101111110101000001110001011011
100100010000000111000001101001111110111111111000001110111110111011001100011101101100001111001101111111100010100010011011010001100111000000000001100001111100001101000110010110111111110100000110111010100110101011001
110111011010111111101101111101111011100000000010101011101000111011101001010000001001111011100000001010001011111010110011011111110001101101010101110101101001011001101100111100000010110110101100001110110011111010011
100100011111100000000101010101000000001101010110111011000010001001101011111111011101000000001010100000101111110010111001110000000101101101010100110101100011011011000101101110111110011111100111011111110111011111001
110001010101111111010111000001110110100111011111100001110111011101101010001110000111111010101111101010100110100111100011111111010100101101011101100100110110010011101111000000000000111111110110001001100000001100011
110101000000000000010110010101111111111111111011111100000011010101101111100000110111000010111000001010101110001110001011010000011101111001010001101111100110110110000001010111010111110110111100100011001011100101011
100101111101111101010011010111011011010100000000011111101110010111111000001110011101101010100011011110100010100011101111011101000100011011011011111100001111111111011011111100010010100000001111101001101000101111001
111111000001100001010110010100000000000001101111000010000011000011011111111100110000111111111010010100101010101011111100001111010101011001010000110111100011001000011000110001010110001010100000101011111101111011111
111001111111111011111111111101011111111101111111111000101001011011010110000001111110000000000011010001101010101010000001100000011101011011111011100010001001100011001101100101010000101111110101101000000101010000001
101011000000000000110001111111110000000001000000000010101101010011000011101100001111111110111010011101001011111011110111111010111111011000001111001000111101111010011000110101010111111101100101111010110100000101101
100001111010101011111101010110000101011011010111101011101101011001101011001101011000000000110010111001101000001111000111011110000111011011111000011010001101000010110010110101010000000000110111011010111101011111111
101100010011101011100000000000101101110011010100001010000111110011111000011001011111111101111010100011001101101100011100000110110001111011000011010010101101111011111011110101010101011101110010001110000101001010001
101001000110001000111101010101101001100110011111101111110111111110010010111011001100000001100011101011011111111111111001110000110111101010011011010110100101000000110001010111010101001101011000100110110101100000111
101101011110111011100001010111001100110011111000001100000001000011011010001001100111011101111001101111011000110000001111000101110001001010110011011110101101011101100100010100010101011000001010101110010101001010001
111111111100110001101101010111011001100111110011100111010100010110000010101101101111111111011011001100001110011111101010010111000100011010011011010000111111110000110110111110110101011010111011100010111111011111101
111000000001111011111101111101110011110100000110001100010110111111011010100101101000000010000001111111011000110101000000110011010101111111110001111110000110100101110110101000011101110010001111001011101011000101111
101111111011010001100111000000111111111110110011100111010100001101011010110101001101111000110101111010001110000000011101100111010100000000111011000000111100110101100110001101011000011011011101101011100001110000011
101011111011000111110111111010010101101000011111101111010101011000010010110101011111111101111101000011011000101111110001110001110110111010011011101010000110100100101100101101011101001001000000101000001011110101001
100000000001101110000001101111010101000010111100001100011101011101010110110101110000000000001101111000001110101000000100110100011100011011001001101111010100001110101110100111010001101101101011101010101000011101011
110110101011101100110100001100000100011110110111101001001111010101010010111101000101011101011001100011111111111111011110100110111001001001011111001101010110101000100010111100011101101101111000101010101101001111111
100011111110001101111111101001010001010000110100001101101000010101010111101101101111110001001101001000011011010110001100110010001101101011001100011100010100101110111010001110110001101100001011111010101001100000011
111010010110100111011000000011111011010111100001100111101101010001010101100101111010110101011111111101110010000011011110110111011100101011011111011001010111101100111010100110111011001101011011011010111011001101001
100011000000110100000010111001101011010100001100110000111101110101111101110111010000000101111010110111111000101000000110100011010001111011011000011011011111000110001111101111100001011001011000001110011011100101111
101001101010110110111111111111001011111111111001100101100001110100011000000010000101111101100000000000001110101101011100110111110101111110011011010010001100010100100001101100001011111101010010100010111000110100001
111011001010011100111101000111100000011000000011110111111101000101011111111011111111111101001011011111100000101001011110010100000100101100111111011010111001010101110111000111101000110001010110101111101101100101111
111011011110111110100001110101001010110010111011000001100001110101010110000001000000000101101110011000001010101011010000111111110101100110000110011111110011110111010110010110001010110101010111100000001100110111111
100011001100100000110100000000011010010111100001010111001101000111110000101100011111110001100111111110101110111001010110011011000100001100111100110000000110000000011100110011011011100101010011110101101111100011001
101011011001111011111111101011011011111101110101110001101111101100100110101111011101110100110100000000111000011011010011000001110110100101110111111110101100111011111001100110010000111101111000110111000000111001101
101011011111011110000010001110010000110000000100011011111000000110001111111010010000000101100110101010110010110001010111010100110010101111100011000000100110110000001100101111111011100000110010110111010101111100001
111011001100001111111000100011011010111101010101110010011101010110111000010000111101010100111100111010100110011011010110010110110111100110001010011101110100100101111110111101100001101010011010110001110100001110101
111011011110100000000010110110011010000111011100011010110001110011111111011111100001110101100001100011101110110011010100110100110101110011111011111001100101101100001111100000001011001010110010110111000111100110101
100001110111110110101010111111011010111100010001110000110101000111000010000011110101000100110101111011101100011011011110110110100000011011000001100011111101101001100101111101101011101010010110110001111111110110101
110111000011010110101011101000001110000111010101100101100101101100011000111000011101110111100111000010001101111110001100011100101101001111110100001111010001111101110000001101001000111111010010110101101000010100101
111111101000000100111010000011011000101100011101001100111100111111001110100011000001100100001100010111101100110000101110110001101001011000000101011100000100001100011010100111011011110110010110110100000011110110101
100001111111110110111111101011001010100111000111101110011001100100011000110110010111101101011111111110000110011010111000011011111011001111110101000111110110100110111011101100011000100011110110110111101110111111101
111011010101000111100000001011011110111100011110100011111100110001010010110011111110111111110110001000101111011010111101011110000011011011100101101100000110110110110001100110110010001001100110110001100000011011001
100001010101101100001010101010000110110001001100001000110001100101011010011111000010111001110111100010100110010010100001000011011011011000001111001111101111100100011011111110011010111100110100010101001101110001011
110100000000001110101111101110101100111011100111011101111100111101001111110000011000000011010101110110110011110111111101101111010011011010100001100110000001111101110000001100111010000101100110111101011000000111001
100111010111100011111110001000101111100001101100000100101111101001111110000101111011101000000000000110011011000011000000101101011011010011101100110111011011000000110101111111110010110111111110001111011011010111111
111100010100001011000000101101100110001101100110101111100111001101101000110111100011111101101111110011010001110111110101101000010011011010001101110100001111111010010100000011000110010110011000100011011001010000111
101001011111011011011010101001101110101100110100111011110101100111000010110110001000011001001100000110010101100110000111111111010110011110101101100111100011000011010111011010010100111111000010101110011011010110001
101011001100001111111011101100100011101001110110110000000101110110010110110111101011011101101101101111010100110111010011010000010011010000100111110100001011011011010011001110111101101001101110100011011011010110111
100011111001100010100011001001111111001101100111100110110000000000110110100100001001110001001001100110010111111100011000010101011011011110111100110111011111110001010110011000100000101011001100110110010011010010001
110110000011001110001001111100001110011111110001110111111011111010110011111111101011000101101100110011010011000001010011011101011011111110000110100110000110000111010110111110101010000001101001111111110110010111011
100111010111100010101111000110111000110000000111011100010011000010011010000000001011010101001110100110011001011101111001011001010010000000111100001111101111010011110100001100101110111111001100000000011111010100001
111100010100001010111101110000001110011011101110000001000110011011001111111111011011010101011000110011011011010000011101110011110111011010001101011001000101011000110101100110111000001111100110101101111000011111011
111110111101101111100001011110111000110010000011011011101111011011011000000000001001110101111110110111010001111010110100110111000011011111011111001100010001110010110100101111111010100001101100101100001101011000001
100010101001000111111100000100011110011111110111111111000101111110001111111110111101000101100000110101111011001011100001111100011110001100000110011001010111000110110110101010001110101111111001101101011111111010101
111010001011110010100001010001000011001111000110101100010000101100111000000000011001101101001011100000011001100011101100101111111111011101011100111111110011010110100010100011101100100000001101000111110010100010101
100000101110000110001101011011011111111010010110000001011010100110100010101010110011000111011111110111011111111010000110000110000000011001001110110000000111110110101011101110100001110111101101010000100110111111101
110101111110110111011001011011001100100000111100101101010010110100101010111110011111111110010000000011000011000011101111011111111101001101011010100110101110000011101011111100001101010001100111110111101110001111111
111100011000110100011101011110011110101011101101101111010110100001111010110100110001100000111110101001101111101011000101000110000001011001110000101100100011110111001000010111101100011100101100000110101011011010001
100001001101100111001101010000111000001110000000101011011110111011011111100001110100111111111100101100111101001011101100011111010101001101000101111101111110000001011101000011001101001101111110110000000000000000111
111101011100110100011111111110001111101100111010111000001100100011010110001101100110011011010001100110100101111010001101001100011101101101101101010000000111101011110001010110011001101100110000100111101010110101101
111101111001111111010011101100111101111111111011100010111110101011000000101100110111000000011011001111110000000011011001100111011001101100101001000101010100001000111101111100111100100111100110110001101011100100001
100001101111101000011001000001100000110000000000111010000110101111101011100101111101010111000001100000110101010111111101101100010011001110101101110111011110101110011100000110001101101111110010100101101111110111011
101100000110100011001100011011001010000111011011110010110110101100111111001101100001111111101100110111100101011110000001100111011001101011111111000100000111100111000111101100101101101000000111110101101100000001001
101101010110001111011101011010011111101110010001011011100110100110010100011101001100000000000101111100001101111100110100101110011011000000111011010111010011001100010000111111100100101011010100011101101001011011011
101111110100101000000111001111110100001100111011001010001110110011000001000111111111111110110100110001100111000111100101101000110001111010100000010111011010011110110110010000111101111011010001110001101101011001001
100001100101101110110100011000000001101101100001100011011100011111101111010100100000000000110101111011110110010000001101101110011111110010111010111100001010111000100011000111111111100001010100011100111001011011101
101011101101101000010111011010101101001100110101101001000110110000111000011110111111111011100100001111011111011010111000111000110000000110111111101001011010001101101110011100000000110101111101000110001011001011001
101110001101101101110111111111101101100110100101101101101111111011100011011000000000000001110101011001000011111110001010001110011101101111100000000011001111011001000011000101101111110100001101101111011110011001101
100011100111001000011101100001111101001111110101100111000110000011001010011010111101110100010101111101111010000000101010100011011001001011001011101010011110011101010111110000100010010101011111000011000111001101101
101000110110011101010001111100000001100011010111110110010111101000011111010011101111100110111111110000110011111101101010101111111011100001111010001011000011001101010000110101111110111101000111010110010101011101001
101010111100110001111100000001010101001110000000010110110011101011010000011010000100001100000111011110000110100000101011100101000010110111111111011111011110011001110101110100010000101001010100010010110100000111011
101010000101100100011111111111110111111110110110111100110110001110011101111111110001011110111100011011110100001101111111111101101110110111000000011000000010111111000100011101000110001011011111010111111101010011001
101011101101111111110011110110100110000000110010011001100011101111011001000000000101011010110001001001000001101000110110011101001000000100011011011110101011110000010101011001110011011111011000010000001111110111101
101000100111011011111000000000001100110111100110111011110110001000010011011111011111000011111111101101110101001110000010110000011010101110111110010000101000011111110101001100110111000101011010111010100000110110001
101101111100011000011111101010111110100110001100001011000111111101111011110000011000010110000000000000000111101100101000010101001110101100100111011101101010110010000101101001110001011101111110011011111101100011011
101001001111001111010111001010000110110100100111011001111101110111000010111101001101010011010110111101101100001101101101111111101100101111110000011000111011111011101101101100010101000000000011010000000101101111001
111100011011101000000101101111010011110110110011111101000000000000011110000001111111011001111110110001100111101100101101011001101110100111010101011010011011000000000101101110111101101110111011011101011100100101111
110001110000000011010000000101010110000110011000010111110111111011011000101101100000010011000000100101001100001101100100000011001000110100011111001110111111101101011100111000101111100010001011011001001101111100111
100100011101111011111011011100010011010011111011000010100110000010001101101001111010110111111101101101101111101101101111011011011010011111010000011100010101001001001101100010000110001011011110001101101100000101101
111110110101100001110010000110111111110110000001010110111111111011011111111101000010110011000000111101000111001101100011001011010010110000000101011001000001101101100100101010101100101001000110111001101111110000001
100000010111111111011011011110110001000110110101111100000001100010011000010101101110011001101101100001101100011001101111011011011010111011010111111011010101111100101101111110100111101011110010001101000000011101111
111011010000111110000010001100010100010110100100001111111100001011011011000000111000110011001001111011101101001101100001010011010011100010010100000010011101000001111000110000101100001010010110101111101011011111111
100010010110000011010110101001011110111100101101011001111101101111110011110101111101111001101101000000111101011001001011011011011001111010111110110111000111111011011010011101111110101000111111111011111011000000001
101010110011101001110110101101011000000110111001111100000001001100000110000111000001100011111111111010110001011101011110010011111101000011100000010011010110000000001010111000011111111011111011011001100001101011011
101110111111001100000110111001011010111111100011100001010111101101101111010001111101001000111010000010100101000101000011011001100101011011111110111110011100110101011010110011001100000011010000000011001011001001001
101100100001111110101100001101001110001101111000101111010100000111101100010111111111011101101000111011101101010101010110010011110001011110000110001100111110110101001111111011011111011000000101010111101001101111101
100111111101110110101111011101011000111000000011111110010110101100000111010100000000000101001111110011001101011101011111011011011011010111110000111110110000010101100001100010001100011010101111010000101011000000111
101100000000000000101000000111001110001101010111010000110100111111111111010101110101101111101011000110011101000101000001010011011011110000000110100000010101011101101011111011011110110010111100011011101110011010111
100110110101111101111111011100011010100111010101011101100111110100000100011111000101001010000010010111010001011111101101111010000010000111110100111111011111001101101111000001001011100110111001011111100011011010001
101100100101100001010111000110110000101100010100000001111100000001110111111011011101100011011000111100010101000001100100110011111011010011000110100000001100011000100001110111101000001100001111000000110110011010101
100110101101001011000000010100011110100111010110111100001101010111100000000000011001101111111010100001011101101100101101110110000011011110010100110101011001001010101101100000101010100111011000011011100011011011111
101100101001101111101010111101010000110011111111100001111111111110001110101010110011101101101010101111010000100110111100010111010110011000111101100101001101011111101111001101111111110100001110111000111011011000001
101111111111111100001110001101111110110110101001110101111010000000100110101010110110111000000011101100010101101100000110111100010100111101100001001101101101000011000001101100110000000110111100110011100011011101011
101000000000000001100110111111000110111100001101000101001011111011101111101010111100000010101001101001011101101110110010000110110101110000110101101100111001101111101011100110011111101100010111111001111110001111001
111101111101101011001100000110010000011001100000010111101010111001101000001011101001101011101101111101110000111000110111011100011111000110011101100110001101100011001110101110110000001101110111101101011000100001101
111001000001001011100110111100111010110011111010110100101000000011111010101111000011001000101000110111111010011101100001011001010000010011001111101100111001110111100000111010011010101100110000000101011110110111001
101111101101101010001100001101100010111010111011111110000010111011000010101100010110011101111110100011000011001100110111011101111101010111100110100110001100011101101010000010110010101110000111101100001100110001101
100000001000111110101101100111111011101110000000110011110110100001101011100110110110110001100000111000011001011001100001110000110101011110110100001100100110111101001110111110111010111000110111111110100101110111001
101011101111110100101000110110000001101111010101111000000111110111001011110100110111111101101010111101011011011011110100111101100001010000000101100110111100000001100010000010100010001110010000011011111101100001101
111111111110000001111101111100110101000000010100101111010100000001101000011110100011100001001111100001011011011001100101100000110101111110110101001100001101110100110110111010110111011000110101000000000101001011001
100000111011111101000000011001100101101010110111101000010110101011101011011000110110111011111000001101110010011011110100110101100101101110110111100110101100011111111100011111100011111110111101010101110101011011011
111110000000000001010101010011111111101010100111101111010110101010001011011110110100000011000011011111111110111111100110110100110101000000110100001100100111000000011110110101001000110100001101011100011111001001001
100011110110101011011101111001010000001011110100001100011100101010101001010000110110111011110111111000000000000101001100110110010111101010010110101101110011011110110000010001111110100101101101001101000011011011011
111001000100101010000101100011011110101110000111101001000110111010101011111010111111111110000110101111101101110001100110011110110110001010110100101001111001001111100101000100110111110001111111011001101110001011001
111101111101101011011101110110000000101111110110000011011100001011101000011111100010000000101110101010001100110101110100110000110011101110011110101100110011100001110101101110100101011100010011001100100011011111101
100000000001101010001101000100110110101000000100101010000110101010001101010000001000101101101100000000100110010100110110011010011001101000110000100110010110001100110101100010110000000001000110011001110110000001101
111111111111111111111111111111111111111111111111111111111111111111111111111111211111111111111111111113111111111111111111111111111111111111111111111111111111111111111111111111111111111111111111111111111111111111111
