1111111111111111111111111111111111111111111111111111111111111111111111111111111111111111111111111111111111111111111111111111111111111111111111111111111111111111111111111111111111111111111111111111111111111111111111
1000010000000000100011000100011010111010100101011010100001011001010100000111011001011010011001101101010100000100000110000001010100110101100100101000010000010101011010000110101100011011000101011000100110101100110101
1111011111010110001001110001000000010000110000010010101111011101010111110010001101010011011011000000000110110111011111111101010101100000110110101111011111000000001011011110101001010001110000010011101100101001110101
1101011000011111101101100111010111011110011111011010100101010000010000111000100101011010000011111101111100100010001010100000000001111110100010101000010100011111100000001100101101111101100111010110100110000011100101
1000001111111100001001110110011110000111011010011010101101011111011101101110110000010000111001011100101001111011101010111011010100101010111000101111010111110010001111011110101100110001111110000000101100111000110101
1110111001110001101100000011010011110000000011010000101001011101011000000011111111000110100011010001101011011010101010111110011110000010101110000100010101111011011000001100101001111101011010111101100101111111110001
1000001101011101001110101111111000000101011000000110101101010100001111111001011111010011101001011011001110001000000010100011111010101000001011110001010000000010011111101110001101011101000000011111110101000011010111
1111011000000111111000111011101111111101110011101100000000000111101010101100000001111011001100000001100111101110101000110111100000111111011000000101000101101000110000000111011101010101111101110011010100011001000001
1010001111101100111111100001001111011111111010001110101010110000000000101001110100000010011111111011101100100011111101100100111110110111011110101111110111111011111111110101011001010000111001010110000001111111011111
1000100000001110000000001101011000000110001111011000111011111101101010000011000110101011010000000011000110101111010100001101101011100000010010111000011100011111011011010000001101011110101101010111111011010101011001
1101111101100011110110111100000010110000100000011110001010000000111111110111110110101001110111111000011100100110000001101100101001110101000111111111001110110101010000011111100001011000000000010010100000010001001101
1111101111111000011111110001101110100101101011010000101110110101100000000011000110101011110110000010110110101111111101000110101011011111110001101101100100100000011111001010001100011101101111000110111011010111011101
1000001010000011001011010101001000110101111111111101111000100101001111010110010011101111011111101010000000000011101111110100101011001100000111000101110110001101000101100000111101110111111101110000111011110101010101
1111100000111111101010000111101101111111010110101100001111110111111100010011011011111110001011111011111011011010000110000110001010011111110101101101000100111111110001111111110101000110010101100111100010110101000101
1111111011101100000000101111001001001000000000000001011000011110000001011001111110111011100000000010000011001111110011110011101011000110110101100101110111110010111100011011010000011111000001001110111010110101011101
1000000001100111011011111101111011101111101010101101111011000000110101011100110100000010001010111011010111100110000110000111000010010100100000110101000001011000101111010000000111001001111101011100101010000001010101
1010111011110000001110000001011111001111001111101100001111101101100101001101100001011000101111100001110101110011110011110101101011110110101101110101111100011110000011000110111111100011001001010110101010111111010001
1111101111100101011111101101010101101000011000001110111111111100110111011001110101111101101101111011111100111010000110100101111010100110001101010101010111010111101000011111100000001111101101010110001010001010011101
1101101101001101010001111100000000000011001101011000100011010111111110010011010101000111111100111111011101101011110110110101011010110011111101010000000000010011001101011101111111100011000000000011101000111000110001
1001100001100111111100000001010111110111101111011010111011000011011100111010000111110111000001100110000000000000000100000001010000000110100000011111111111011001111001010001010110101111111011110110000010100011111101
1101111100110100101110111101010100000100111010001111111010011001010111111111111100000101110100110000101101011111110111110100011111110110111011010101110000001101111111111100000000001011001011100111110111101111001101
1101010110011110000000100001110111110001100000111000000000111100000111011000011111110001011110111110101001111111000000011111000001100000101111010101011010100000001111000001111111101010011110110011010101000101100101
1000000111001011111101111111111100000100110110111101101010101111110001011111000011111101001010101011111111100000010110110011111100001010001101000000000011111101111001111101000000000011001100000110010100011100110001
1111101101011010001111100100011111011111110100100001001010100011100111010001011010000000011000001010001111001110111100011010101111011111101101111111110110000001101101010111101111111011011111110111010001000001111101
1111101101011011100110110101000000011011011110111011111111111010110101011101011111111101011010100011011000011000011110110010101001110000001101011110111111101101100101000001111111101010001101100010010111111111101001
1000000000011001101100000001101110110001000111111110110100000000000101010101001100000001011111111000011111011111110110111000000011111111101101000000101101111000101101111011000000101011011000111011010001110011000011
1101010110110011001111010111001000111101011101101100000111010111110101010100011111111111010101001111010001110100000000101010111000011010000101011010001100111110101100110001111110100000011110111000010100011011111011
1111111100010111101001111111011011101101010100000111110011111110100101010111000110000000000001101100000111110001011110101111101101110011110101111111100001101000000110011100011000101111010100101111010110110001101001
1010101111000001101101110001111111100101010111101110011010101000110000000101101111111111011100001101010011011101110000001101000101011011010100110101001111100011110110110001110010001000000101101011010011111101101011
1000100011101111000000011101101100110000000110101000111010101110000101110000000111010100010001100001111011000001000101101101110000000000000001110101101110111010000000111100100111011111110101101011011001101000101001
1110111010100101010110110000001001111111110100101110101010101011010111111111110010010111111111111111101001111111111111100001111111010111111100000001000000101111111110011110101101111111000000001010011011001011101011
1010101000001101111110111111101101101110110110101100000000100000011110001000111011010111001110010110000011000111111100001100000000010111000001101101111101101101000000110110111100101001111101100011011001101011101001
1000000011101000110000101000000000000000000000000111111110111010110000101010000011010101101011000011111001110101000111011111101101011100010100111101110101101001111110110100010110001101001111111010011011001010100011
1111111110000011111110101111101110110111111011110110110100000011100101101111111010000101000001111010111100000100010000010110001001011001111101100000000000101101100000110111010111011001100010100011011000011000101001
1110110111111000101100101001111100010111000011000000000001011111111111000101010000101100011100001010101101010001011011010000111101111111000001111101011110101000111110010100000010001011111010111011011011001110001111
1000000001101101100110101101010001011101111110010101110101110000111010010000000101101111110111100000001111111101111111111011110111111111110100111001011000101101101011010110111000100001101000011011011110011011100101
1101111101000001101110101001011101111000111111111111000101111101100000111111110111000111000010001011100110110001000001110010000011011000110111100011001110001101100000000110111101111100001111010001010111011011001101
1000111101111100000000001101000111101110000001000011010101011000111111101000111111110101111011011110110100011011010101011111111000000010000111111011111000100000110111010111101111111110100000011101010100011011011101
1111100000000001111111101001011111000011101101101000010111011010010101001110001101010101011000010100000111001111111101001111101111011011010100111110101111111110111101110011101010100011110111011001000110110011010001
1000001101011011000000001100001101101110001000001011011110001111000001101100100000000000000011010001010001011001111000011010001111010001010110001110000111101000011001110110101010001111011100011101101100011010010101
1111101001010001110110100111101101000011111111111111111011011111111100000001111011011011101001111101111100011101010011001011100001111111111111011011101100001111001011000010101011101100001111001100000111000000110111
1101101101011011011111101111001001101110001111011001100010001010111111101101011111111111111111110001111111010100000111100000001100101100101100010011000111100001101011111000000010100111100011100001110000011101100011
1000111111111111011010000101101101001011011000001100111000100000000000001001000110101110110101011011010100010111101100001111101110000001100101011011110011111100000000011110101000101100001110110101000101011101001001
1110011010101001000011010000101001101011001110101001101111110111101010101101110000000000000001011110000111010101111001101111100111111100110001000001110110100111101101001011101010000111101100000101011111110000011101
1000110000001101110111111110101101101000011011100011101100000111111011111111111111111101101100010100110000000000111111111000001101110001110101101100000000110001111111100000001111110011101101101111111110111011010101
1110000101100000110101101000000000000011110000111011001101010100000011100011000010000001111111010111111010111011100110000010101000011101011111111111011110011100000010001011101000000110001101111011000100011111000101
1000110101001110100001000010111101011011011101101011100101111111111110111000011000101101010100000101011111111010101100110110111111010001011011111001111011011001011000111110101111110000100111000001110111000100011111
1011111111111100001100011110110001010011000100100010101111101011011100101101001110101001000111110001001101000010101110111100110000000100000001101100100000000011010011110110111000000101110011111100010101110111000001
1111010000000001011001111111100101111011110110001000000011000000010110001111111000111111110000011101011101101000000011101111111011101110110100001110111111111001111111000000001111110111011010101111010101000000011111
1000000111101111111011000011101111100001000111101111101110011111000011101001101111110110111011000000000101111111011011000001011110111011111110100000000000101111101101111110111011100111000000000001000001111011000001
1110101100001000110001101000001100001101110011111101000010110001110110100011000110010100000011110101010000010101011111111101010100011011011011111111111110101101000100110000000010111101111010101100011101000011010101
1000111110101010011011111110100111101000110110110001111011111101000110001111101111010101101010000111011110110000000110111000000001000000000001011000000000000001110110100111101000011000100010111110111000011001010101
1011100011111011000010111111111101111110000010011101011011010101110011100101101010000111111111101111111000011111011100101101111101010110101100000010101101101100000000001101111111000010001010100000100010111011010101
1111110110011111101110101011110000010000101000110000010001010100110110101101001011110011010101111101110011010101010110101111100001111100111001111111111111111110101110111101010000010111101011101110101110100011111101
1000000011010101001000000000100111000110111110111111011011010101100000001100011001111000000000000000000110010000010110101000001011001110001111000101010111010110111000100000011111110110001110000111101000110110110001
1111111011000101111101010110001100010011100000001000011001010101001111101111001100001111110111111110110111011111010110101111111111101011111011110000000000000000011111111101000000000011011000101100111101110000011101
1010110001110100111001011100101001010111111101101111000011010101111100000001100001101111011111000000011100000110000110001100110110000001010001111101101101011010110100000001101101010110001110101001110101100101110001
2000011101010110101111111101111101011110111001000111101001010100110001101101111011000000001101111111111111110111110111101110100011111100000101011101101001111010110001011101101001110011100011101101100001001111111101
1111010000000100100110110111010111010010101011110101111100010101111011111000000011010111101101101011010101000000000010101010111011111111010100000001111101000010100111110001001101100111111111111000001101100001011001
1000000101110110110110000111000111011000000010000001010001000000101110110011111001010100100001000000000000010101101000000000101000000000010111110100110001011011111110111011101111111110111010110010111001001100001101
1110101111000000000111110001110101111111111111110100000111111101100000000110000011011110111101101111010101111101001110101110001011010101011110000101111011010011000000000010001010000010100010111111110011011001011001
1110100110011111110101011101000000110101111110000111101110000000111110101100101111111100000000101100010111101101101000111100100001111111111011101101001011010111111110110111011000101000001000011000000110011011111011
1010101111110000000000000000011010000000000011111100001100111101101011111110101110100110111010000110110100001101111110100001110111101010100000000111100011111101011000100011111010111101101111000011011111001010001001
1011111010100101010101011101111111101010101001111110101111111100001011011100101000110111101111101100110110100111010110110101010100000000001111010100001110101000000010111110101111111001001100011011010000011110111101
1011010000001101111111111101101101111010111100000111111011000001101011001001101101100000000101111111111111110010000000110101011101110101111111111111111110000011111010111010000101101101011111011011011101000000001101
1000000101011001000000000001101000000011110101010101000010011111001001101111001101111111010000001101101101011000101110100101000001100111111000101100000000111011000011100000110001000001010011011011001101101010111001
1101010101001101011111111011101101111111000111110101111000111011101101101001111000110001111111011000000000000010101000101111110101001110000010001001011010100011111111110101111100010101011000001011101000101110001101
1111111111011111010000000011000111100001110110000101100010100000000000000011011110111101000000011111111110101010101110111100000111101011111111100011111110101010001110100111100001111111001101011010001101111100111111
1010101011110111111111011011110010111101010011010000001111111111011011101000000110101100011011000000000000101111111000110001110110001000000000001001101111111111100000111110001111101011111101110011011100000110011001
1000000000110001100000010010111000000000000111111010111000011110011000111011010000000001010010011101011101111110000010011011000011011110101110101111001011010101111110011011101000000001110000011010010001011111000011
1111101110000100001101011010000011101101110010101110111101000000110010110010011101011101011111010001111111000010101010111111111010011000101000111111100000000000001010110000001111111101011101110010110101001111101001
1111001110110110111111110011111110001000011000001110100001110110011011111010110001010001110001111111100111101000101011110101110011111110111111110000111111101101100000111111111111111000000000011011111101100110111011
1001111010100111100000000111100000101101111101111011101101000110111111101111100101010101111101101110110101111110101011010000010111000111111000011110110100111111001110001110010000000010110101010000101111110010100001
1100111011111100111011010100001110100111001101110000001101101100110000101111110101010111010000000000000001010100101111011011111101110001100011000000100110011000011111101011000111101110110111111010100000110110001101
1110000001101101101010010110101110101111101000000110101101101001111110000010000101011111000101011111110100000001101000000010101001111101110111101110110110111110110000000000011111101000100000011011101010000011101111
1111111101000000000011010100111000101000000010101100111001111100110011111011101111010000010111111110000111010100111111111010101101010000011110111100000000110011111101111101010000001010101101110001101011010110000001
1101000001010101101111111111111110111111111011100110110011010001100110000000000001110110110100000011010110010101111101100000000000011101001010000111101010011011011111111101111011011111100101111100111111110110101011
1000010100010111111001101100000100011000000010001111100110011111110111101011011011100100011101111000010110110111101000001011011111010111100011110000001011000001010000000001100010001100001100001101110000000110101011
1011010110110110111100000111110111110011111011011111111111011010100000101010001110110101011111000010111110100110000010101010010000000110111000111011011011010100011111110101001110101001011001101000010111010011101001
1010011110111100101111110110010000011110000011010110110011011010111010001010111000111111110110011010100000110011101011101011011011010000101110000010011111111111010110000101101100111101001101101101111100010111001011
1111111000011110000101110011000111010100111001110000011000000000001010101110011110100110110111001111111110011110001011111110010011011110000000101011000101100111000011011101111110011001011001001100011111010110011011
1100000010110000110001000110010100000001100011111101011111101110100010111111110000101100100101101101000000110011111110111111111011010000101101111010011100101101011010011100110111011101011011100111010000010011011001
1001011111100111111101110000110110111011110110010111010110001110110111110001111110001110110101111101111111111000010100101001111111111110101101010010110110000100010000110001100000001101110011001100011010111010011101
1111111101001110001100000110111111100000011111000000000010101000110011000100001110100000010100111001001111011101000110100011010100110000111000011011110111110001111010110100111011011001111001011001001110111111010111
1000000000011011101111101110011000001010111011010111111000111110110111110111011000110111000101101011011001001111110100111001010110111110110010111110000000000101110010110110110011011100011011011111111000010110000001
1011110110110001000000001000111110101010110000011100000010100000100110000100011101111100010000101010011101011011000110101100000000000000111111110111110101110101000110110110111011000110111001110110000010110000111011
1011111111111100011011011010110000101010100110111001010110111010101111010111000111101111111110101010110000010001101110000001101011011010100101000010000111100101110110010011100010010100110011100000101011111010001111
1110000001010111010011010011111110111111111110110011110111111010100001111100010010101011000000000000011111011100101100111011001110010010110000011000111110001101100110111110001111010110011000111110111001100010100001
1000101100000000011111111111011011110101010000110110000011000010101111101111111000000000010111111011001100000110000001100011011000111010111010111110110000111101101100001100111101011100110011111000110011001010101101
1111111110101010110001110001010000000000000111110011110111110110101101000101101111110111111100000001101101110011101100110110011111100010100010100000111011110111111001011111110000011001111011000010111011101010101111
1000110110101011111100010100000101111110101110000110010011000010101000010000000000011111101111010111000111000110001101100011010011111111111111110110101111010111110011000011100110111111100011110110011000101010100011
1010100100101111011111000111101101100000111011101111000111110111111110111111011111011000000110010110010010010000101101111011011000000000000001000100001100000001100111101010001100000000111001100011011011111110101001
1011110101101000010111101100000111111110110000001100010110000001010000100001111110001111110100110100111000110110101100101111011101101111111100010110111110110100110010101010111111010101100011110110010000110100101011
1001100111111111000001000111101100000000111101111111010110101111011011111100110000100000000001100110100010100111111110001101110111111100000001010011111000011110000110001010100100011111111011110011011010110001101111
1100110110011011111101011100000101010101100000110000010011111110001111010110000111111111110100110110101010110011100000101000100111010110101111010110000010110011110111011011110001000011000001100111110010100111000101
1110000000110001110000001111101111110100110101111010110111000011101100000110101111000000000101100011111111110110001011111110101100000000111111111111111111111001110001011010011011101110010100110011000110110110010001
1010111110011101011010101011101000000101100101000010110001111010101111110111111101101011010111101011110101010100111010000000101111111101111001110001101101101101000101011111010010101111010101111011101100111111110101
1011111011000000000010101000001111011100111101101110011111010000000001110000000000001110010110111110100000000110001011111110101010100001000011011100000000000000011101010110000110000001010101010001101111101000000101
1011000000010101110110101010100111111001100000111000111101011111010100000111111101101000110110010100001111101110111110000000000000001011101000000111111111111011001101110000110011101111111100010101111011000011110101
1000010101011101000010101111110100000011111101100011100100001111111111110100000001001111110111010111101000001000100111111111101011011010101011110000000000000011011001100110110110000001101101010101000000010110000101
1111011101010001010110101000000111111001100111111111110111100000000010111111110101111001000100000011001010101010110000000000001010011010001010000101101110110110011011001100111111101100000111011101110101010011101101
1000010001011011010110111101011110111100110011011100000000001101011000101010111101011101111111111000011010111111100101011101101011010011011011011111111100100111001111111001100000000110110001000111000101010110001101
1110111011010011110110100001010000000001111000000001010111101001110010000000101111000000000000000011001110100000001101010001001010011111111110010000000001110100011000000011001111101100110111101100010101011110101001
1000110011011010110011101101111101010111011111110101111101111111111111111110101011110111110110101110011000101101100111111111101011111110101111111111110101011101001101110110011000001110011110111111011101011000111101
1010010110011110000110000111100001111111010000110111000000011011000001101100000000000100000110100011001101101001001110101000001111000000000000000000000101000001011111000111111110100011001100010111111111111110011001
1110111111001100101111111111001101000000011110000111111011000001111100001001010110101111011111101111101100111011111000101010100110011111111111111101101111110101011000010001110111101011100001000001100000011000110011
1110011100011110100101100101111111111111001110111101010011110100000001100011010111101000011000000011001110100010000010000010111100110000000000000001001100000101111110111011000000001000110101011100110110110010011111
1000110001000111110100110001011000000011011000100001010110111111010100110110010100001101010010101011011000110110111111011010001111111111010111111111011110101100011000011001111111011011100101111101111100000111000001
1010011101111101011110000100001111111000000010111100011100000000010110111111011110111001011110111111111101100100100000011110100111101110010100000000011000101101001110111111000000001001110100000101101110101111010111
1011011111101100011100101110100100000011010110100111001001111111011111100000001100110011110000110000000000111111111111010000101100000000111111110101011101101001011000010110011110111111011101010101000000100110010001
1110010100000111000001101011110111110111111111110011100011110000010000001011011110111110000110010111011011101101000000011110100111111010100000000101001101111101110010110000110000000000000101111101110110110100111101
1100110001110110010100111000010111111100001011111000110110000101111111111110001100100000110110110100010011100101111101010000111111110011111111110101011000110000111011111111111110101010110100001111100110110101101001
1001111111000111110101111111000000001001100010101110111111111111110011000000101001101011110010100101011010110000110111011010110000000110000000000101110010011010001011100000000000101010010111011010001100110101100011
1011111111010001111111101010010111101111101000000110100110000000011000011010111101101110000111110101111110111101100000001110110111101100101111101101000110110010101110111111111101111010110111111011101001100101101001
1000110001111100011111000000111100000010111101010100101100101011010010110010110001001110101100011111110110001000001010111000111100001101101000000111110110011010100110111010000000011110111100000011001101111100111011
1101111100100110110101111111101001011000001111110110101101101110000111111010111111111011111001110000000011101101111011111110011001101100111101011110000110110010110110000000110101010000011001011011011001011101110001
1111011110001100110001000001000011111110111011000000101001101111110110000010100000000001011101011111111011000001100010000000110011101101111001011000101110111011111100101111111101111101010011111111110011000000011011
1000000000100110111101111101110110100000010001111010000011111000000111011111110111111101000001011101110000011011001111101010011110001101100011001101101000001111101111111011011000100111000110000001100111111011010001
1111011010110010100000001000000110111111000111000011010111011111110011001111100100000000011101010100000101010001101101001111110111011000110110011000111010111100000001010000000010001100011110111111111111100011011011
1011110011111000111111101010101100011000010011111001010100000000000111111010111111111111110000000111011111010111101101111110000000001101100011011101100010110111011100000110111011011111000000001110000011001011001111
1000111111101110011000000011111001001111011001000011111111111111111110101010101011011111000101010000010010010110001100000000111011011101001111110100111010100001111110111110110011000111010110100011111011101001100001
1110101110001111011111111011011111101011111100010111000000000000110000000000000000000000010101010101111000110111111101101011100010011001101100000001100011111101000111100000011110010100011110111110100001101011101111
1000000011101011001100000010001010101010101111010001010111111110111110101010111010101101010101010111101010111100000001101000111110111111001110101011111111101101110101111011011000111101001010000110001100001011000001
1010101000000011101111111110100000000000000000010111011100000000011100101011100011100111010111110100000010100001110111111101101100110011100111111001100000101000000000000011110011101101100011011111101110101110011011
1011111111111010101011000111110101111110101101011111111111111111010001111011111001111100011100000101110111111101000111010111000101111000001100000011001010001111111011111010000110000001101111111001100011100011001111
1111010111110000000001101101011111000000101111010000110000100000000101000010000011000001011111110111000011011111011100000010010000011010100111111001011111101010000001100010101111101101000000000011001011110111100011
1000000000000111111011101000011111111110111000011011111110101111010111111111110111101011010000111111110110000111111001101000111011011010111110000011110111100000101011111010101000001101101010111111101110000001101001
1110111111111110000001001111010101110000001010111000101000111100010001100000000000111110011110101101000011110101001111101101101011001110110000101001100010001101101110000011101010111001001111111101111100101101001011
1000100000011000111101100010000000000101011011101110000010010111011011110110111011110111010010000000010110000001100111001111100011011000100101101111001000100111000011101011001011110011100000000000011001101001101111
1011111111000010100000001000110111111101111110000000110111000000001111000111100001100101111010110111011111011101101101011000001011011010111111111101111110111111110110001001101111000110001111101110111101101011001101
1111010000011011111011011010111100000000110000101101111110010101101100010101101100110000001011100111001100010000000000011110111011111010100000000001110111110100000011011011111000011111100000111111110111101001100001
1101011111011010011011110011100001011010111111111111101010110101101101010100001111111011100011001100011111111110111011110000100000001011110110111101000000000001011011010001100010110001001010000001010011001011101011
1000000011011011000000110111111101010010011101010100000000100101111101111111111011011111111000011101010100001000100011100110101011011011011111111000010101010101011011010100111111111100011011011100000110011000101001
1110101000001111110101111100000001010111110000000111101010110101000000110000000000000110011101000101000110100010111000111110111011011110000011100010110101010111001011010111110000000001001011000101010011001101101101
1100101101011101000101011111110101011101000111110001001010010101011101111101010111110100110001011101101111111110110010100000011011010000101000001011100101110100011010011111100111101101011111101111011111011000101101
1001111111111000011101010000000111110000010100000100011111010111001101101111011111010110000101001100111111100000100110101010110011011010111110101010001101100101110010111100111110001101000011000001011100001101111001
1101100000001111001100011011101110111111111111010110110000011100011101100111110000000111010111011111110110111110110011101010011011011010100000111111101101101111111010110110010000101001010111101011000111101100001101
1111111111100000011111111111111100000111101101011100110101000101011001001101111111110101010011010000000100000000110110001011011011010010101101100100001101001000000011110111011111101011011110001011101101101001011101
1000000000001011011010101110000001010000001000011001110111011111111111101001010100000000011001110101010001011010011100111110001011110110111000110001101101011101011011100000000111101011000011101000100001111111011001
1111011111101111110000000011111101111011100011001101100111110010110110101101010110101111011011000111111011111110110001100000101010000110001111100101001101010001110010001011010000001001101111001010101100110000001101
1011110100101101111111111010001111111111110110011101101100111000000000000000000000111000011001111100101010000000011111101010111010101110111110110111101101011100111010101010010110101011000110011011101001111111011001
1001100110001000000010000000101011010000000011110001001110101101010101101111101010011111001011111110101011011101110000001110100010111000011000000100001111011101100011111111010010101001101111011011111011000000001101
1101110000101011111011011010100000000111010110111111101000000001110101101000001011010000011011000000000001110000011110101100101010100011010010101101111000010000111111111101010110101100101000011000011001101011111101
1000111011111111101011110011101101010110011100000000111111110101000111001011011111111101001010011111011011111011110100101101101111111001110111111111111110111101111110101000010111100101101101010011110011001000110001
1101101111010100001001100110001101010110111111111010010101111111110100011110010110111111011111110000011010001110110110111000101110010011000110000000000000100001100000000011010001110100101001011000011110011010100101
1000001000000111100011110010111111111111110100000011000101011010111111110100110100010000000101111010110011101100000000001101111011011001101111111110110110101100111010101001110100110111111101011011110111001010110101
1011101010110110001001011111111000110010010111111111110000010000101010110001100001000110111100000010011111000001010101011100110000000011000110000000100110101001111010101011000110010001001111011000010011011010011101
1110001011110111101101011101101110111011010101001110100101000110000000011011001111110110011001111011111100010101110111011001111111011011101111101101101100111101100010101010010011011011011010011011000110001011011001
1111101111100001111100010101001010100000010101011010001101010111111101000001101110000110111111000011110111011101000100001111000010010001100011101001000111110001101010101011011001111000011000111001101100111001001101
1000000110111100000001000101011000111111000000000000101111111101000001101011111000101100010111111010000000001101110110100001111000110101101010001111101100000101101010101001011111100011111110001101111101111011011001
1111010000110001111101010000011110100000011101111110101010100001111011111111011111101110110000101111011111111000011100101011000011100101101011011000001101010101101110111011110000001000011000100111000000001011001011
1111111110110111110101011111000000111110110000110000101000001100000011000000000000001010110110001101110000000010111110101111111011001100101001111111011111111101101110110000011011101011011010110001010110111011011001
1000000000011100000001011000011010110011100101111010111011011001110111111011111101100011111111101001110110101011100000101111111011101101111011000000000110101001101000111011111111111011011010011111110110001110011011
1011010110111111101101001110111110000111110101100011111110001011111100001111000001101111011100001011010010101011001101100011001010001100001111110111010110000011001111101000011000000001001111000001110100100110111001
1111111110110010101111111011101111010000000100111011001100101110011111100001110101101100010111100010000110111011011001001111100011011001101000010111010110111011011000000011011010111011111000010101011111101110101011
1000101000011010111010110000001000010110110101111111100001100111000110001101110111001101000011111011101111100011001101100001110110001100111111000100010111111011111111101011110010100000011110110100001010001100001111
1110100011011000000000011010100011011110111101001110110101101101010000111000000011101101111000000000000001111001111111001011000110100111111010010101011101101010110100001010111110110110110010110101100011011110100001
1010111110000011111011000010111011010000001111100000000111101001111110110010101001100111111101110101010100001011000111101001110110110100000000111111001100000010000001011000000111100100000110110100110110010011101111
1010001100101010000011011010011001111101011000001011011111001100000000110111101101101110000001100111010110111110010000001111000010111111110110110011011111101111010101010011010001110110101111110110110011010111100101
1000100110101010101011010010110011101101011101011011011000011111101010100100000101001000111101111110010110000011010111101000010111101010000110011000011010001101111111011011011111000010100000011111100110000000110001
1010110000101110101001111011111110000001001111010001111101011010001010111111010111101010111000111000110111011111011111111011010011000000101111110010111010101101110000011011000011010111110101000000111111101111100111
1110011101101000111011000011011100111011101011110101000101010000101111100000010110001111100011100010100011000001111000111110010111111101100110011111100000111100000111010001011111110000110101011111101100000000110001
1000111100111101100001101010000001100001111000000101110001111111101100001010110111101000001011110110110110011011000010000100111111000001001111000101111010110111110110011101011010111010011101000000000110101011111011
1011110001100001001011001111010100110100111101101100111011110001100110111010100001111101101000110011110011001111010110110001101010011011011000010001010011100000000011010001000000011111110001010101101100111000011001
1010000101101011101111101000011110011110000111111101100011011100001100100010101111001111111101100110000111100001010100011101101011111111011101010100000111101110101011110111101101001101100101010111100110001101001101
1011010101101011000110001111011000111111111100000000101010011110100111110111111101011000000000111111101100001101111110111101000010110101000111110101110100111000111110000110000111100000110101010011001100111111011111
1011110100101011101111011000011010110100000111110101101111000000110100000011000000011111110101100000000101011001100000110001111000000000010100000111100110110010011000110110110011001010100101010111100110010111010001
1010110101111110000001111110111111100001010011100100101111101010011111010111110111001010100100110110101101001100111101100111110010110101010101010110111100000111011010100110100111011111101101010110101111000001000111
1010000101100000110111000110101100001101011000101111111010101010111000010111111101101000001101100110100101111111111111110100000111100101011111110100000001010110011010110110110001111101100101010100000011010101101101
1011110100111101100111110000000111101101111110101100010010101110001110110011011000000010101101110100110100001100000000110101010011110111111010100111111011010100110010100010110111001000111111011111010110010101000001
1111110101100000110101010110111100001101100000111111011000101100101100011111010010110110101100011101100111011001111110000111110110010001101000111110001011011101111111111011100011101011111011010000010111110111101011
1100000101110111110100000011101001101101111110010100001110001110101101011000000111111100111001001100110110001011111111010110000011000111000010111011100010000101100101000000101001100000000001011101010000010100001111
1001011101010001100111010110000011001111000111000111011011011000100101001101110110000001100011011001100111101010000000010011110111110011111110000000001010101100110001101101111100001101101011011001010101111110100001
1101001111000100101100010011110111111011110000010000000011111101110111011001000111010100110110001011110100001111110101010110000110110110001111101111111010100110100100001001100001111111001001111011110100011111101011
1111101011010101111111010111000011000000111011011110101001000000010100001111110011010101100011011011000101111100000101010110110110000011101011001000000010101110111110111100110100000001111111101001100101000110001001
1000001000010100110100011100011011111110000001110000111100011010111110111110111110011101110110011111111101000111010101010011111111101110000000011111110111111000011000001101110101011111110010100011110111111111011011
1011101011010101100001001110111110100000101011000110110111001010001011100000000000110001000111000110110001010000010101011111000010001011101110110111000101011101110011011111100101001111000110111001100000000011001001
1111111010010100111011111011110000001010111111111111110000011110101000001101010110100101010001101100011101011011110111010000011000111010001100110000010001000111111010010110001101100000011110001101110101111110011111
1000000011010111100001110001011111101111100000000000000111001100101011011111110100101101011011111111000001111010000110011011010011100000111111111111010100010000011111000110101001101101001000100101000100000110110111
1011011011110000101011010100000000000110001101101011101110011001111001111110000101101111010000011111111111100010101111010011111111110110110011101000010101010101001111101100101101100111100010101101010110111100110101
1011001110111011111110000101011101101111011001101110001000111100001101111100110101000111010101001100000000001110111101111110101100110110011000000011010101010101011010100110101100101110001010100111110010001110000001
1011011000011001010110110101110001001100010011111100101010111101011001011001100101011100011101011110110101011111110101101100000101100110111101101011011101110101111000001100111001101011101110110011000110100110110101
1011001011000011000000100111111011101110111001100001101110011001111111010011110111110001011001000110111111010000000000001001010000001100110001001110010000010101100011011111111101100011000010100111110110101100111111
1001101111101001111011110100011010000110111101111111000111001100110000011010100110000101110011010100100000011111110101101111110110101110110111111111011101110101101010001100000000110111101110110011000010100110000011
1101101100001101100011011111000011111100010101011000010001101110010101000000111100110100011001010111111111111111000111100000000110111000111100000000010000011111111110100111010101100001100011111001101010110110111001
1000111001100101111011011111101010010110110001000011011111100011010101111111101101100111111101011100011100000000010110001101011100110011101111101111110101111010100000101100010111110111001001010011001110010100110011
1010100011001101000010010101111111000000011011111011001111001001010111111101000000111111110001011001000001011101011100101001010001111110000000111111111100100000110110100110110001100111101100010111100011011110011111
1011111111101111101111000001010000010101011010000010011000011011110100000000011010000000011011110011101101001101010001101101111101100000110110110000000001101010110100110110100101110100000101010000101110001011000001
1010000000111010111111111101011111010101111111101011001110110010110111111101111111010101111010111110111111011001111011001100101100110101100100000101101100001110110101110011110100110110101101011010100110100001010101
1111111110111010110010100000000011110100110110001111011000011010011100000001100001010101100000011000000000001101000010011001100001100101101101010101000110100010110101100110000111111110100111011010110011111011111111
1000000100001000111010101101111000000101100000101000001101111111011110101101001100011101110101011011111010101111011010111100101101001101001001011101110010101111100111101111010001011000110001011011111011000000000111
1111110001101110000010111111101111110111111110101101011000110000000000101101101101001101000111001111111111111000010010100001111001011101101011110001100110100000110011001100010100011010011011110000011011010111110001
1011111111000000111000011000000010000001100000101111011011111101101101101001001001100101101111101100000000011111111011101011000011011001001011000100110010101011111001100111011110110010110000011010111111110000010111
1000000111111111101111011011111011110101101110111000011000011111111111111101101101101101000000111111010101000000000010001001111011011111101001010101100110111000011101110011000010011010100101110011101110110110110001
1111110000011011000000001110000000000100111111111111010010110010110110100101101101001101010110110001010101101011010110101011100001110000001011110111110100001011110000011011101111110010111100011000000000110010010111
1000000101000001111111011111110111110101100001101000010110111010110110110101001111100111011111110100011101001011110111101010110111000101011011000110000101011001011110110000111000000110100001110010110110110110110001
1011110101101100100000001010000110000100101100101101110110011000000000010001100000101110001100011101011001101010000100001000011111110111111011011111111101011011010100011010001110110110110100011010110110011100010111
1110000111111110101101100010101111101111111110000001000011001110110101000100101010101011011101001001011101001110101111101011010000000110100011011000000001111111000001110011011100100110110101111111100011001101010001
1100111100110000001001001000101000000111010110110101010111011111100101010110101010101000000101100011010001101100101000001011011110101100001011001010110100110101110100011001000110110100100100000000110110011111010101
1001111110100111101111101010111101010100010100100111111110011011101101110110101110111101101111111011111101001101111101101011011111100110101010011010100110000000110110111101010100011101101110101010010011000111111111
1011100000111100001100001010100001111111000001110011000000110000000101100100101000001101100011000000011001100111011101111111010000001111101010111111110110101110010100011001110111011001100110111110110110010000000001
1110111110101001111110101011111101111111101100110111110101100111101111111110101010111101101011011010111111111110001001000101111111111100001010001100000110100110110110110011100011111101101100010010110011111101111101
1110101000000011000000101010011111010100000111100000111111101100000110000000111111110001101011110011100111000000100011110101101011110111011011011001111110110010110100011010001000101111001101000111111000000111000101
1000101111111011110101111111000011010110101100001101100010000111101100101010000110000100101110000111110100011010110110000101000000000000011110001100110000100111111110111011101110000011101101011101101010110000011111
1110000000000001100100110001111000000000100111101111111000101100000110101010111111010101111111010110100001111111110011110000011111111111000111011101111110110001101100001110001100101110001101000000001011111101011011
1011010101110111101101100100000010101010110110000111011101111001011111111011100001111100011000010100001111110100000111100101010000000000010011011000011000110100000110111111011001100110101001010111111000000101000001
1011111111000000111001111111110110101010110011011100000000111101000001011111001100000001111111111111011100000001010110110101011101110110111001011101110010110110110110000001111101001111101101010000011111101101010111
1000000000010101110011000000000110111011111110001110111111101101101111001110011001101100011000000000011001101111011110110111010001000100101101001100110110100110010011010111101001100101001101111011000001100111010001
1110101110110101100110011110110111111111111111011011100000000000101101101000111111100110111110111011111111111000010000000011011101010101100001011001100011101100111110010011000011001100011001110001101111111111011011
1110101110110111110110111110100011000000110010000011001101010101111000000010110000001100001100100011000000011111011110101010010001010100111101010011001110000110000011010111101011101101001100011011000110110101110001
1000111000110011000111100000110111111110111000101001101111011101100011111010011011101101111001111001110101001000011111101111011101010110001101111011111011010011111011010011001000111101011001011011110010000000011011
1010110010110111101100001101100011000000000010101111111011111001101010000011010011000100011011100011000101100010110000001111110001010110111111000001111011110111111111011111101010011001001101011000011000111111110001
1010100110100011001101101001001011011010110110100110000000000011001010101001011001101101011011001010010100110110011010100011000101010100000110010101000000000000000110000001101010110011011001011011001010000000011011
1111111111111111111111111111111111111111111111111111111111111111111111111111111111111111111111111111111111111111111111111111111111111131111111111111111111111111111111111111111111111111111111111111111111111111111111
