11111111111111111111111111111111111111111111111111111111111111111111111111111111111111111111111111111311111111111111111111111111111111111111111111111111111111111111111111111111111112111111111111111111111111111111111
11000000000110011001000001000011010011101001001101011001100101001010000000001001001011010100110110100000110110010001101010001010100110011110010110011101101000000001010110000000001000110001100011011110101001011001101
10010111110111001101111101111011011001001100011001010011001101100011111111101100011010010101100010111110000111000100101010101000110111001100110011001001101111111011000110111111101011111011001110001100000011001101101
11111110000011011000000000100011011101100111001101000111100101101110110010101101111011000101111000011100111101111110001011101101100001100110111001101101001011000001011111101100001001101001101011011111011111100000101
10001011101110011111111110111011010000101100011001010001110100000100011010001101101001110001010010110110011001101000100011000001110111001100001100101001100001111011001011000110100011000011001000001100000101101110001
11100001001010110100001100001000011110100111011011111011010111110101111011101001101101111101011010100010110011001110111011111101010101101001111001101101110111110001101001011111110111111011100011111111101101001111011
11111101101010110111100110100011000000101110001001101000000101100001010010000011001100001101011110111000011001101011100010110000000101001100101101101100010101010111001101010101010010101000111000101101100000011001111
10101000100010100101110000101111111110101011101011001111110001101011011011101111100111101100010100011111010011000011001010011110111101011110101101001101110100010110011001000100000110101011101011101101001111111011101
10000010001000110101011111111101000000000000000001101011011101111000011001101101001100101110110101110101011011111001111010110000111100011000101000011101110001000111011101110111010000101011000001100100011010000000001
10110111101010000000011100010001110111111101111011101010010001011110111101101001100110101010110101100100001001101011000010111110000001111110001101111001010101110011010101100111110110001001101111110101110000101101111
11100011001011111111010111011101011100100111010001001011011100010100101101001011110000101000010100110111101101101001101010010100111100011011101000101100011111111010000000110100011111011011000101100101110111111111011
10001111101111100000010110000000001110110111011101011010000101110110100001100001011010001111010101100100000100000011111011010110110111110011001101100110111011000000111011100001010000011011011101001100010010011010001
11101100001000001101000011111010100000000100000000001011110101100010101111111101001111101010000100110111110111111001100010000100000011011001101101101100101011111010001001111101111111011010000101011101110110110010111
11100110111101011111111010011111111111110001101011101010110001111010101101100001011100100000110101100101010110000011101000110001111010010011000000100110101001101110111111000000101100011000111101011000110100010110001
10111111111001110000000000110111011010000111001111001010011011000000001001101101000110110101100000110000010111111000111111110100011111011001011110001110101011001100010101111010001111011110101101001101110101110000111
10000010001111111111101010000010000000111111111101100010111001111010100011111100011100111111110101111110110101011011110100011101110110001101111000111000000001101101110101111111011001001100101101011001010000000111101
11111011101011011010111110101000101101100001011000001000000011001111111011010001010110011010011101111100110101010001100111011001110011011001101110001111101111001001110101001100001101100110101100011100010110110000101
11000000100000000000111110111101111001111100000010111111111001100100111011011101000011011011011000110110100101000101001101001101010110001101100111100101101101101101010101011111101001110000001101110101110111111111101
10010110111101101110101010100101000011000001101011110111011011110101100001001111110110011000001110110010101101111101011000011001010111101000110101001101101001100101010100011010001011011111101000110100010101011101101
11010110011001111000000011110111101011011111111110000000011001100101111011011010100000111111100010111000000000110000011110111101000010100011100000011101100011110101010101111011101000001100001010100101000000010100101
11111111001111011111101001100110111001010000010111101111011100110001010001011010001111101011101000001110111111111110110010110001110110111010111011000001101111010101010001101011001010111111101011110101111111110001101
10101100011010000001111011110000110011111011000000111101010110111101011100011011011101101000111011111110101011110000011010011011000000010010101111111100101110010100010111001011100011101001001001100001101110111101001
10000111001011110100000000000111111010101111111110100000000000011001010001111011011001101110110010110000100010100101000010110000011011011010000110011110001011010111010001101010111011001101101011111101000010101001011
11101101100001111111110111101100101010000000001100111111010110111100011101110000001100101010111010111110001110111111111010010101001111010011110011000110111000000011000111001010101001011101000000110100011010001100001
10101001111101011010111111100110101111101101100110001111111100100110110101011111101101101010101010101011101010011010101010111111111000011000110111101110011111110111110001100000001100011000010111100001111110111001011
10000011000000001000001000001100100100111111110011100000001110101100110000010110001101100000000000001010101010110000000000011011001111001101100010001011010110110011000111001010101001111101110000111100000100000011111
11111001111010101111101111101110110101110110111011101011101010001110011110110011100101111111111111101010101010011110101010110001101101101000111011100011010100110111110001111111100011001101111101110101011101111111001
10000011011111100010000000001010100001100000000010111111000011011011001100000111110000111000001011001010101010111111111110011101101001101011100010101110000110110001110111010101111001100000001111010001011100000001101
11111000010100111011111111101010110111101111111010110100011000011010011111011110111101101111101011101010001000100011100100110101101101000000101000000011101100100101000011010101000011111011111011010111110101111111101
10000011000101101010110100000000000110111110101010100111001101011011001100011010101001001011100000001011011011101110110110010101100001111011111111110110001110001111010110010101111011010000010011000001100100001000101
11111011110101101010100111011111110110011000000000001100011111000000011111001010001101101010111111101010010001101100110011010100101101100001011000000011100010111011010011010101110011011011110111110111110101111011101
10111110100000101010001100010000000011011101101111101001111011101011001101011010100001101010011101101010110111000110010110000101111001111011001111111000111000101011111011010100011011010010000011000000110101011001101
10101100111110101011011111111111011000000101001110001101001000001111011000001011110101101011010000000010100011110011010100110000110011001011011000011101110011100001100011010101111011010110111111011011100000001100001
10101110000000000000010010101111111111110111111011100111101111101000001110100001100100001001011111101000110110010110000111111110011001100000001101110100011000111101110110000100110001010110001110001110001010100001111
10000111111111111111011010100001101100000110110001001111101101111101100111101111111111101101001100001010000011010011010001000010110011111011111001010001001101101000110011110101111100000100111011011111011011111101001
11110101110000000000000000101100100110110010111101101101001001001111101101001111001000001101011101101111111001010111111101011000011001101010101100011101100000101101111001100000001111101101111010001010001111011111011
10100001011111111111111110111110001111111010010000000101101101011010101101100001101110100000000100111101110011010101100001111110111011001010000101110111111110101001101101001111100011000000101010111000111000000010001
10111100011001000000011100011011011101100011010111110000001000000000001000101111000011111111011111100000011001000001111101100000110001011010111101010011000110000011001001101011111111111011100010111110101101111110111
10101001001101111111010111011010011000111000010100011111101101010101101110000111110110010100000110111111000011011111010001111110011100011010001101011001110110101111101100000000001100111000111000001100100000101010001
10000011101101011100000010001011001101101110110111011110100111011111100111110101010111000101110010101011101000001011011101000000110110111010111100011100000010100010101111101111111110001010000011111110001111100010111
10101010001101010111111011101000011001001100011111000000101111111110110011000001010011110111010110000000111110111011010001111110000110000010000111000110110111111000001010000000001100100011011010011010111101110110101
11111111101000010111000001101101001101011001001101111110000101100100000110011100000110000110000111111010000000010001011101100111110000111010111101011100100001100010111011101111111111110110011110111000000000110110101
10010101101111010101111011001111101101010011101100000111110100110111110011110110111111110011101101111111111111000111011001110000011111110000001000001111111011001111100010100001100000011111001110100011010101100110101
11010101000000010101100001101010000100011110101111101100000001100011010110000000001010100110000101001101010110010011001101010110110011011110111011111011000001100001111000001111110111110001011010101111111111110110101
10000000011011010100111100000011110110110100001011000111111101001000010111011110111000101111110101011000000011111001011000011110100111010110100010110001111011001011010011101101100100111100000010101000101011010110101
11111011011110000110101110101010100000000001100011110101101101101011000101111110101110101101010101001111111000101101011110111010110110000000101110100111100011011111011010111000110101100001101110000011100011000010101
10000010000111010000000000111000001010111100101000000101001101111110010000110000000010001100000000011111011110001100001100101010100111011110101100001110001001010110011010011110010000110111100011011110001011111010101
11111111101101111011011010110010101010100001111111110001100001011111111110000111011011101111111010110000010110101111100110000000101101110100100111101011011100000011010010110110110111111110101110000111011110101010101
10101101101000001010001010100111111111110111010110100101111101001011101100111101111011000101000011111101000011100000001111111110101101100110101101000001110110110110011010110000100010101000001100110000000110001010001
10101101111111100011011111111111111001011100000010001100010101101010000111101000000011110001111001010101111011001101100010011100101100110110001101011111100011110100110000111110001010101110111110111101110011100000101
10000101001101111011001110001010101101000001011011100111000101101011110011001111111001100100000011010111110001011111111010110110100110100111011001000110111011010001111110011011011110101010101010101111111110111010101
11110101011001000011111000100000000001110111111001101110010101100011011011101000001011110110101000010011011101111111000010000010101100110010001100011100011010010111010110110000001100100000000000000111001100001011111
10000000001101110110101111111101101100111111001100111000110001111010001001101101100001010111111110110111011101101101111011111010100110100110100111000111011011000110010010011110100110111111111011011101011111100000111
11010111011000111110000101011111111001101001101101100011111100000011100011100111111011011101010110000101010001101101010001000000001100110110111100010101010010011111000110110110111100110011000001111000001100110111101
11111111001110011011110000010110111101001101100000111111000001011000111010101110100011001100000000110101011100101001011101111110100110000010110111010001011000110101010010010100011001100111110111101011111110100011001
11101100011011010011111111010000100001100101110110101101111111111110101010101100001001011111111110111101010001101100011100010111110110111000100011110111001010010101111010110111011011110110000000000000101010001001101
11001111000001011010000000011110111101110000111100000101001110101000000000101111011101001000110000011001011100000111000001000100110011111110101110100111101111010100110000010011010001010011110111111011101011011111001
10011001111101000011101111011100110000111011101001110001101010000010110110000111110101011011111111001100000001111111111011110101100111001000100110110101100110010001111111010110010111011001000101001001101010000110011
11001100100001111001001000000110000101101001100011000100000011111111111111011101100001010000110101101101011101100001011110000001110101101110001100000100101111000111101110010011010011001011011100011011101010111111001
10011110111101111101111111010100110100101100111111110111101000110101101010000100111100000101100101101111111000111100001111110111010101001110111111110101101101110001001011010110011001100010001101111110101010101011011
11011010101100000001010100011111111110000001111101110100001110000000000000110101101111011101110000000110101110100111100000000011010001011010111000010100000101010111011000000010110011111010111101101110000010100011011
10001010101111111100010111001101101011111101100000000101011000101111010101110001101000001111011101010000001000110010111111111011011101011000101111010001101100000000001111110110011010100000010100101011011000001011001
10100000001000001111010101100001101010000000111111110101111111111000011101000100001010100110000111111011101011111010101100000000000000011110101001011011111111110110100110110110110010110111000001100011111101111111011
11111111101111011001010100111100000000101110101010111111100000000011011101111111100011101111101110110010000011010000100111101110101011000000001101010000010011100011111100100010011010100001101100111001101100010110001
11011000001010001101010110100001111111111000101010011010111111111111110111000000001011001011100000011111110111011110101100111111111111101110101101011010110110111001111110101000110000101111111110011100101001010000111
10001111100011011001000100111111111111010010001010111010011100000001100011111111111111100000110101001100110101011010001110111011010100111111101000001011110010011100100110111110111110000000010111110101100011110111101
11100000111010001101110110100000000000011111100000000011000111111100001001010100110101001111111111100110100000011011100000000000000001100001001111100001011010110001101100010100011011101111110001100100111001100001101
10111110101011100000000000110111111010110000001101101111110010001101101100000110110101100001101010110110111101110010101110111111101101111101100110111011011010111100001111000001001011001000111011110001101100001011001
10010110100000111011011110010100000010011111111111000001111011101111111111110100000101101111001010000000000000111010111111100001111101011000001100110000000000011001111000011011100001101011101001100111100101111111101
11010110111011101111111000111111111010110101110110011111000010100111010000000110110000000101100011111011111101101000111011001101010001001111100110011101101010111101011111011110111101100000101011110010110001110101001
10000010101011000110101110001100011110000000000111001101111010101101011111110011111011110000101001011111000000101011101010011100011100011000110011011000101111100000001011110000000000110111101001010110110111000000011
11101110101010010010101010111111010011111111110000011101100000001101010000011000011111111011111101000101111101101011000010110111000001001110011010000011111100111111011010111111111101110010101011000000110011011011111
10000000001011111010000000011000000111100000111011000000111111101100011101111111010100011000110001110101110001100001111011100101111011100111000011110111100101100010011010101110011001100110000001110111111000001111011
11010101101010011011111111001111110110111110001111111110010100000111000000110101010111011011111100000000011101111101101001110000001110101101111011010000110100111011010010101011010011110011011111010011011110111000001
11010101001010110001100011100101100100011111011001000011010111110011111110100000000000011010100111111111011000110001001101011111011100101001010011010101110001101011010110001011011001111011010011000111001100101101111
10011111100000011100111001110101110110110000001101111011010011010110000000111011111111000010101111000000000011111101101001010001010110001101011000000111011011001011010011101011001100110010000111011101100110101101011
11110010111111011101101011000000110000011110100000110001011011010111111110011110000000011000001101111111111010101001101100011101010011100000001010110011001001101001000110001011011110011010111101011001101100000100001
10011010100000000000000001111011111110110011110110000100000011010101010111010011110111111111101101100011010000101100001101110001010110001011101111111001101011001101011111100011001010110010110101011011000110111101111
10110010111111111111111101000001101100011011011111111111011010000100000011010110011101101110000101111001011101101111101000111101010011111111001101011011101001100101011111111011011000011000010101001011110110110000001
10111000000000000000010001011101100111000000001010100111011011110111111000000011001000000011110000001101011101101010101110011000000110010101101001010000101011110100000110001011011110110011110101011001100110011011111
10101111110101011011011100011000101101111111100000001101110000000000000011111011100011110111111111101000000001101010101011011111010111000001101101010101101010100111011111101011001100011001100100001011001100111000101
10101000110101111110000001111110000001100000111111100101000101101111011010000000001110110110010110001110110101101010001011010100011101111100000000000111100010110000010110000001100001111100110101111011011110010011101
10101101111111110111010101100011101111111110110010110000010111111111111110111101011000000011010011100011111101000011101011000111001001110111111010110010110110011101000011111101111101010101100000011010011011000110101
10001101011111000001111111111000000011010000011010000111111100100000110110100001111110101001010110110111011001111010101001110110011011000000001111111010100000111101110110111000110000010101110101011000111000011110101
11011100010101010100111111101111110111011111001011111111101110111101100011111101111111111100000110000100011100001010001100100110111001111110111101000000101111100111110010101110011011010100110111111101101101000010101
10000101110001111110010101000111110110000101100001011100000000000000111011011111011000111101010011110111010111100000100110001100010011010110101001111110000011001111010110101010111111010101100010110100101111011110001
11011100111101101011000000011100000111110001111100000001010101011110101011010010001101101001110110000011010100111111110111101111000110000010101100101100111111100101000110101010111101010000110110110110000110000010111
10000110011000000011101111010111110011111101011110110111111111111000000011011011100101101111000011111010010101100000000000001011101111111010101110101110001011001100011100000000011001010110110110100011101100111110001
10110000111111111010111101010000010110011100000011100110101010101111111010001001110000001001111000111011000001111111111011101010100110000010101000001000101010011111000111101110111101010111110110101110000110001010111
10111101101011010010000000000101000011010110111111111100000000000101011011101100111011101011011101100011111101011010110010101010110110101000101111101110111010110011011100101000011000000001100010101111101100111010101
10100001101011011011111101111101101000000110110110011110101011010000011011000001101110101011001100111000111001011000011010001010110010111110000011001000110010110110000110111101000010111111111010101011001110010010001
11111100101010000011010111011111111111110110110110110011111111111101001011101101101100000011011001101101101101011110111111100010110111110000101001101110011000110100111100110111110110100001011010100001100010110110111
11010110000011101010000000000011010100000000010110011011010000101111101010111101100001011000011101100000101100010110110110111010010101011101111100101010110010010101100110100001111100001111001010101111001110000000001
10000011011110001111101010111010010110110101000110110010011110101010101010110001111101010011000000001010000001110100100000010010110000011111011110000000110111000100101100001111001110111111100000000110011010111111111
11011010001011100110111111100010110011111111101100011011010100000000000010100101011001011001101111111011101101100110111111011010111101110110001000101010011101101101100110111101101010011001111110101111011010001101011
11111000100001101100110101001000000111101011000110110000000111111111111010111101001101010011111111000000111001110100000001000000101000110111101110101111011000001101101100001001101011001011010111101100000000111000001
10101101110100000110000000011010101110000001110100111111010011011000001000111101011111111111011001111101111100110101011101111110101110110100000111111000001111100000101110111011000010011011000011001101111111101101111
10000111011111010011111111111111100011111100000001101011111000000011100010000001010110101000011011100111101110100111110000000000000010000111110001001111101100110110100110101001111011000001101110011000101011100000111
11110110001101110111011011101101111011101111010101001010101111111110110111110101010100101111010011001110001000101110011110111111111011110010011100011001101110100111110010000011000001101111000011010010000000111110001
10010111101101100000010000000000101010101010011100011010101100001100011100111101010110101010011010011011101110001010110111111010111010011011000001000011001000110101011000111111101011000101011111011011111011110000101
11000010000000111011011111111010000000000000111001000010100111100111011110001000010010101011000000110010001011101010100101000010101010110011011011111011101110110100001101100001111010011100001100000000001010100101101
11101000111101110011011011001111011011101011110011111010110001001110000011101111011010100000010110011011101010001010110101101000000010111001111110100010101100110001101001001111010011000001111110111111111110101100101
10111110100000011110011011011111111111101111011110111010111101101100111000001000000000001111011111010001100011100000000001111111101000101011110100111000100110000111111100011010011011011111010100011011010110000111101
10010110101011000111011001001010110100001100000000000000000000001101101111100011011011011100011011010111111010111010101101010100111110101001010110110010001111010010011001110011011010011010000111000001000110110000101
11000011101001110000001101101000110111111101101101101011111111101111000000001011001111110001010000000101011000000010101001010101111110101011010100000111101001110110111101011001011011011000110110010101011100010101111
11111011111111111111101000000010100000000001111111111111101010100001111111101001111110111011111111110101010010101111111100000100101010100010010101011110000011000110011000001101001011000011111100111100000001111111011
10101000010111000000000011011010001101011011011010110110000000001111111000001111111010101110000000000000011111111100110101110001101010111011010111111011111001101100111110111101100001101111001110001110111100101011001
10000011010101111101101111110011101101010011000000000111011101101101001010100110000000000011110111110111011101010101100111000100000000110000000010100011111101100110101100011001111011001110011000111010011110100011011
11101111010100111111111000000110001001010111101111010001111111101101101111111111111111110111011100000100010101000100110011110101011110000111110110111000000001110100101111001100011001100010111101100011110011101110001
11111100010110000000100011110011101101011110111000010100000000001000101101011000001100000010001111010111010101110110111010110101010000110100000000001101011100110110001011100110110011001110111100101111100111001011011
10000001000000101110001011000111101111010000011101111111111111101110101101011111101111101000100001111111010101000100001000000111011011100111101101011111111101100011101001110110011001101010011001100110110101011001011
10110101101011111111011111101100111011110101000111000000000000000000000101001010000011111110111100000000000001110111101101101111111110001110001111011010100000110111101011010011000011001010111100001100000001011011001
10111101001001100000010000111110011000111111110111111111111111101111110001101011111010000111100111111101111100000001100111111001101111100011011000011010111101100110001011010111101111101010110101111001110101001000011
11100001101101101011010110010011001110100111000100100000000000001000000100000000000000110101001101000001100111101100001111111011100000001111111011011010100001110111100011010110000110000000010100000011011111100011001
11111100111111111010011111010111100110101101110110111111111111111111101110101011011110110000011001111101001111001111101101100010101011011001101111000000111100110101101111000011110011110111000001101001011010101111101
10000001100000000011011100000010110100000101010110110010110101110000001100101010010000111111001101110111100100011011000000111010111111111100000110011010001110010101100001101111111001100001110100101111001010000010101
10101011101110101011110001101000000001110100000100111000000000000111100110111111111011101111100000010110110001010000011101100010010101110111110000111111101011000000001011000110000011110111111101111101011010111000111
10111110111111111110111011001010111011000001110110101111011111101100001111110101100010001000001101000000000101010101110001111010110000010101011110110000000000011101111110010011111001100011001101011000001000001011111
11100000110001010000000001101010100011111111000110000001111101111110101100000000001010100010101001101111010111111111111101010000011111010101011011111111011110110000001100111110011100101111011111011101100010111111001
11111110011101000110101011111010101010000111110111110111100001010000101101111101101010110110111011001111111110101100000000000101110000000100000011000111111111111111011110001100110110000000000111001000110111101101101
10001111000000010011111111011110111111110000000000000010111100011101100111011101101010011110100001111000101000001111111011111101011010110111111001101100110011010101010011101101100011010101010101101010010000000000001
10100000011110110110000000000111110110011111010111011000110111000111111110000000111111111100110111011010000010100000000010000000000010100000000011000110100110000000000110001001111011011111111101100011111010110111011
11111111111000011111111111110011000011000000011100001110000000011110110100101011110011010110011100000011011010111111111010101110101111110111111001110000110011111111101111101100110010000001101000001111111111111111111
11100000000011010000001100111011111001010111011110111111011111001100110111111110100110000011111111101111111111100000010010111110111101011110101101111110110111101010000011001001111000111111000010100000010101101000001
10111111111011010101100110101010101101111111110100110000010000011110100111000100001111111011010111101110101111111111011111100000111000000000001000010100000000100011110111100011011110010001101111110101000001100010101
10110100111111111111110100001010000000000000100001111010111011000110110101110111011101010000000000101000000010110100001101111010101111101101100011000111110110111001010000110110010100110111100001011101101111001111101
10000001100110011011000111100011111010111110001011011111101110010000100101100011010100000111111011111110111010110111011100010011100110111111111011010000011100001101011011110011010101100011001111000111100000011100111
11111101110100110001110010111000101111100000101011010000000111011110101101111010010111101111100011010011111010000101010111011111110000010100000001111101110001100001000001100111010100001001100000010000101010110001111
10000000110110110111011010101110101000001010101011000111110001110000100001011010110100111000001001011011000011110100000100010110011111010110110111101101011111111101111101110101010101111100001111010111111110000100001
10101010000100010011000000000000000011011110111111111101011101111110111101010000110101100011011100000000011011010110110111010110110000000111111111000000010111000001010101000100000000000110100011110000000110101110111
11111111110111000111110111101011101110010011110101011100000001001100000000011110110100111110011001010101111000000000100100000000011111110011011001111011010100010100010101110111011110111111111000010101111111111111101
11010101100111110111111110111111111111110110000000010111111101101111111111010100000001110111111101011111100011011111110111111111010111010110001101101111010111011111000000000000001111111011011110111100000000110101001
10010101001101110011001000010100011010100011111111000000000000000000000000000001011101100001101111111110111001111101010110110100000000010110111000000110000000011000010101011111011001000000001111111111111101100000011
11010101011001011001101111010101001000110111010111111011111110110110110111110101111000101111000110110100011101100000000000000001111111000100011111010000110101011111010101111010000011010111100000010110110111001111001
10000000001101010011000000010111101110110110000000000010000011100100100100000111100010101110011100000001000111111111110101011101100011110111010111111110100101110000010101110000101110010000101111110000000011011111101
10101010100001011011111111000011000000000110110111111111111000001111110111101100001110101011000111111111110111010111000101011001101000000000000000101111110111111010111111000101100010110111111010000101101000000000101
10111111111101001001111000010111111111110110110100000000011111111011011110000111101100000000011100001011000000000000010101110011001111011011111110000001011111010010011110010101110110010101100000101100111110110101111
10110000000001101011001111010011000111000011111111011111000000000000011100111111001001011010110111100011111111010110110100111111111111111111000000101100000000000111110100110101000000110000110111111110000111111100001
10011111111100000011101011110111101101111001101010011010011111111110110001100000011011111110000110111010110000010100011111101101010001101100010110111111111101011101100001100101101011100110000000010110111101011110111
10110110000001011000100001100010100000000011100011110000111000000000000101001111111111110000110000011000000101110101111010100001011100000001011111110000011111010000001101111111111000111100111011110110000000000010001
10100000101101111110101101101010111111111010110110111010110011011101011111111100001101011110011111000011101101100101000000001100000001010101011011011111010011111111101000000010100010000110001010100011011101010111011
11101011101101100000001101111000011000000000110100001110100110010001111001110110111000000000110000011111111111111111111111111111110111110111110000000101010110101000001010111110001010111111011000001001111111111110001
11101011111000110110111000111111001111111011110110111111110111111111101011000000001010101010111111111110111010011110110000111011111110000111111111110000000000000011101010000010101010000011111111011011110110101011111
10001110011111111110110010100000011000111000010100011011000011000000000011011101100011101111101111100000000000110100111110000000000000111101011111011110110110110110001011010111101010111110100001111001000000000010111
10101111010100101100111110001101001110101111010111010011111111111110111011110000111011001000000000111011110101100001101011111110111111101000000000000000110110011111101110010001111010111010001011101111011111111110101
10111010000110100001101110100111100100001101010101011001101101001000100001100101100001101101101010011011000100001100001010000100100011000011111111101110110110110000000010110100110010000000101000000000011100011010001
11110000110110111111101011111100110001100000000101001011000101101111111100001111111111111111111111000001010101011110100011110001111011111110000100001000110010110101010110010101111010110110101010101111110101110000111
11011111110110000000101001011110011111111111010001101011110001101111010110111010110100111010110000010111111111111000101000000101000000000000110001101110110110111101010110110100001110111111111011100000000000000101101
10001010000011111110001101000111011110101111111100000001100100000000000000100000000001100010011111110111000110101101111011101101110110110110011011111000100011100001010010110111011000001011011001101011010101111111001
11101011111010110100100001110000010000000001100001111011001111111111010101110110101100111010111011111101101100000111000010001000111100011111010011000010110111110101110111100011111101100000001101101011111100101000011
11000001110010100110111100110111000111111101001011000001011011000000010101100011111110100010110000000000000001010011011110101101101111111010011001101011110000011101000101111000110000101101111111111000101110000011111
10011100011010110111110110111110010100000000011011101100011001110101010111110110000000001000000101010111111111011001110000101001000001110000110011001010000110111111101100100010110101101000000000011010000011011000011
10110001000010110101100000011011111111111111011010111111011101000101010000011111110101011010110111010111010000001100100110101111110100000101111011101110110010110000000110101010100100101101101111110011111111110011001
11111111111000000100001111010010101000000000011010000000010000010101010101111010000111111110110111111100000101011110001100101100000110110100011010000010100110011010101100001011110101101101101010111000001110011111101
11010110101110110001111111000110000011101010111110101011011111010101011111000000110110001111111101101001101111011011101101101111010100100101111111110111101111010010101110101111000100101001100000001111111010110000111
10000000000110011011000000010011111110001110100000111001010000010111011100011010111100100001101001001011101000011000001100111000010111110101100101110101000011111011101000101001110101101100101101111111000010000110001
11111111110000111111111111011000000100111000111110100011111101011111110001011111100001110100001101101110001111001110111001100011111101000100110000000101101001100001101101111100000101101101101001101000011000101111011
10000000000110011000110100011010110001111111110000111000110001110000111111110001111011111110100000101100111110011000100011001001101000010111111010101100001111111011001000110001010111000111001100000011001101111011001
11111101101111111110000001011010100100101111000101100010011111111110101110100100111110101111111110000001111000111101101001101101000010110100000010101111100011000001111101111101010001101100011001110111011000000011111
10110001001000010111110101011111110101101001111111111111110110011100001010101110101000000101011111011101000010111111111011001111111010110111010110111000001111110101100000110001010101100111001100110001011101011000001
10000101101111010101000111000110000101001101011010000001010011010111101010111100001111110000000000011001101010011000000011101000000011111111111110100010100110000100111101100101110100110011011101100101000101001101011
11101111111100000001010001101111010101100000001011111100011011000000000010010111101011000111110101001101001111011011111001111111101111011000000000101010111111101111100001101101111101111010000100110101011111011001011
11111111000001110100011011111001111101101011101010110111000000011111111000110110001011101100000101011111101101111110000011000000001000000011101010101010000011000000111101111000001101000010101111100111000011111101001
10110101110111000110111000001100100001101110000000000011011010110010000010010100100010000110111111010100000000001100101001101110101010101011001010101110111001101110100100110010111001111010100000110001101000000111011
10000101100100010110100011011110001011111000111110111000010011111011011111000111111000101110110000010111101101011110111100111111101010101001111111111000011011000110110001111010001111111010101010110101101011111111001
10110000001111010011111011010000111011000010100000001101011111000000011000010011011110101010011011010000000101110010100111110000001010101011000000011101111111101110100101100010100011000010101010110100101000000001011
10111101011110011010000010011111100001110111111101011111110001111111111101110110000000101000111001111010101101111000110011100110101110101001111111000000001110000011111100110110101011101011101010010101101010101011001
10100001010100111110111111011111101111010101000001111010110100101111111111100000110110101010100011110010101000011010011000001100100110101101000000011011111000101111010001100100111110001000101011110101101010101111111
11110101110001101111101100010000001100011101101101000000011110000000011010001101100110111111101011011110111101110011011111011110101111100111111011011000110011100101000101111110001110101010101000110101101011100001111
11000101000101101011000001111111100110111000001001101111011011101011000011101101110100110000001010000000110100011011110100000011111100111100000010001101111010001100010101000000111010101111101010110100101111101100001
10010101010101000000010111000000001100000010111101111000001000001110011000001000110110111111011010111110100001111110100001010110000001110111111010101101100010100110110101111110101010100000101010011110100000100110101
11010101010101111110111111111010100110111111100000111111100011111000111110101111100100100000001010011000110100001100001101011100110100000000000011100111001011101100110101100000000011101110101111011000101010110011101
10010111111111000000000001100010111100110000001010100000001010011101100000101000001101111010101011010010110101011110101001001101100111101101011010001100011010001110011100110101011001100011100001111110111010011000101
11011100101011111011011101110110110001100101111111111111111111000001101010111101101101011010101011111010011101011011111101011111111100001001111111011101001110100110110001111101001100111001101100001100001010111101111
10001110000000000010000101011111111011110111110100011001010100010101001010000111000101000010111010000011111111111001100001111111001110101101100000011001011000101110100101101101011001111101101101111111011110011000001
10101000101101010111010111010000000010100100000111001101000001011101011110111100010101010110001111111010000000001100001100111101100111111101001101011011001110100010111111000001111100001100101100011000000011110010101
10111110101001111101011110000101101010001101110101101000011101010001010000110001010111110111011000000011010111101111100110011000110100110111101101011011011000110111111011110100001111011001100111001110101000111111101
10111111111011000000011000110111001010111111100000100010110001110101010111100101011110100011001010110111111110000000001100110010000001100010001101011001011010110001100000000110100011001011001100011000101010000011001
10101010000001011101001111111111111111111010111110111010011101000101111110001111111100001011011110100110000000101010100111111111110100111000101101010011011110010101110110110010101011101001111101001101111010111111101
10100000110101010001101101101000111000000000010000001110110001011111101000111111000001101010011000111111101101101110101100001101111110010010101101011001110110110101000010110110101110101101110111111000011010000001111
10110110110101111101001000001110001111111111000111101000010101110000000010110101101101101011001010100000001111101111111111100001010011000110101111011101100000111101101011100110100000101000000010110011011011111111011
11111111100111100001101101100000100101000000010100000010110101100101101010100000101101001011011011111101011000001000111011111100011011110011101001110001110110000101111110001110101101111011011000011111011011110101001
11011011110100110101001101110110110000010101110111011011110101101111101011111010000111101111011011011111001111011101101000000111000000000110000011000101000100111111011000100010100100011111011111000110011000000000011
10010010111110110111111001000011111110111111000100011011000101101000101111011111010001101100010010000010011011010001000011011111101111110111101011010111110110011011000010111110101101010000000011011110111101111101111
11011000101100111100010011101111100000100000010110111011110100111110111000000000010101001101111111101010110001111101011010001101111101010101101011111100110011000001101010000111100101110101011011001100110000001100011
10000010000110011111011110111110110101111111111110001010000111111000000011010110110101100111111101111011111101101001111111011000111000000000111000000110110110010111001011011100001101100111011001100110010101011001001
11101111110110110010011100010000011111011011100000111111011110101111111011010100011111101111010001010001011000101100101110001110001010110110110011010110000011010011101010000110100100110111011100101110110101011101011
10001000000000011011010001000111001011000000001010010101111000101100000010011110110000001101011101011100000010000110101011100111100011110010011011010100101111110110001010101110101101100100000111101010010101010001001
10101111110101000010000101101111100001011011011011000101001110001111010111011010100101011000010000000001101111110000000000110101001011000110110011111110101000000011101110101100101101111111010010111011111101011011011
10101110000111111000101101111000001101010010010011011101101011011000010101111000110101111111011111101111111101111111011110000000011111110010011000000011111010110110000110101101101001000000011000000000001101001111001
10101000111110000010100111011111111000011011111010011000000000000010111101101111110111110110010001111100000001010000011000110110110100100110110010111111010010110110101100101111001101101101011010101101100111011000011
11111111101011111110101100010111010011011110000010111111101010101010110000000001100110000011011101010111111100011101010010100100010110001100110110110110000110010110100110100001100101001101011010111100111110001101001
11010101000011110000111111000000000111110100111010110000001010111011111101101100001111111010001101000110000111010001111011101110110010100101111100000011010011011111101100110101101101011111011010000110111010101001101
10000001111000000101110111111111110011000001110010100101011010110000101001111001011011111011100001110011010100000101110001101010111000111100000111011001111011001101101111100101101101011000001011011100000011101101101
11011101101101011101010101101111110110011011011111111111011010111011101111011111111000000000111100111011110111101101010101111000100010000110111100001011101010011000000001101101001111001111011001000110101001100101101
11110100000111111111000000000000000110110010001101011100010011100001101010001011000011011110000001101010100010001001000111000010101010101111100001101011000011001010101011101101100011011100011011011110111100110111001
10100001110110100000011101011011110011100110100000010001111011111111001000100001111111110000101100000000001000101101010001101010101110100000110101101010010110011010101011001111001001110110111001001100000110111111011
10001101000000001010110001111111110111001100101111000111101110110101101111110100000000000101100111011111011101111101010111101010100110101110100100101011010100110010101111100001101101100010101011111110111100001100011
11011101011101011010100101110110000110011101101000011111000100000000001000010110101111111111001111010000010001100001010011001010110110100010110101101010011110011011100110001011001111111000001000001100001111111111001
10000101110001011010101111010000101111110001101111111101110001110110100011000100101001011100011100011101010100101011010111111010100011101111100101101011010000111111101111011001100011000010101011111110100000000011101
11010111100101010010111100011010101000000101111011000000000101000111101011011110111100000001010001011001011101101011010110000011110110000000110111001001111110000110001100011111110111011010101000000110110101101110001
11010110001101111011100001001010101010111111010000010101010101101100001110010000110101101011010111111101011001101001111111111000110110101111100011101011000000101100100111001110000110010011101011011100010100100011011
10011111100111101111001111100010101011111010000101011111010111111111011000111010100001001001111100000001011101101101001010000011110110100011001010001011101101100110101111100011110110111000111001000101011110111011001
11111011101100000101111110110111111111000011010111011000010110000000011010001111111111101011101111101101001101101111100011011001100100101001101011011001101101001110100001101110000011100010110011101101000110111010011
11101000001111110101000000000000110000011011111100001101011111111011010010111101011000001010000001111101101101001000001000010011110110101011001111110011001101101100101101111000110110001011110111000111011100001010111
10001101011000010101111111101110100101010000100111011111001100000011011111101000000011011011010100011001100111101101111101010111000110101001100101100111101111000110101100001101100011101110000001110011000101011010011
11101111111111010101010000000110110101011110101100010000011001010110011101000011011010001111011111000011001100111111100001110001101100101011110000101111001000011110101101011101001110000110110100011001101111011011001
11101010101010000001011110101111111111110110101001011110111111111111110000011001111111011000011000010111100110110110101011000111000110101010000101100110011101001100101001010111100011010110110101011011100001001011011
10000000101000101101011110100101101000100010000011111000011010101001100110111011101000011110111101010101101100000000001111110001101111101010110111110011001101101110111011000011001011011100110101011000101101011001111
10111110000010101000000000101100001110111000101110000010110000001100001110100011000011001100110001111100000111101010101000000101100110001010100010110110011001111010111110010110011011000110110101001101111001011111111
10111011111011111110101101100111101100001101100111110110111010100001111000110111110111011001111011101101101100001010101010101101101111101010101000010100111101000000001100110011001011010110010111011000111101000000011
10100000000011010000101100110100000001100001101100000011101111101111111111100011000100011101100010000001000111101110101011101101100011001011101111010110110001101101011001100111101010011100111110001010000111011101001
11111011101010011110111001100111101111111011000111111011100101111000000000001010010101110001101011101011010110000111101111100101110111101011000011111110011011111101110011001110101011000110000011101110101100001111011
10000010001011000000001100110100001100000001101100000000110000000010101010101011010101100101101011001010010110101100000110001100010110001001101000001100110010000000011001101100001010010011010110000010100110100001001
11111111111111111111111111111111111111111111111111111111111111111111111111111111111111111111111111111111111111111111111111111111111111111111111111111111111111111111111111111111111111111111111111111111111111111111111
