111111111111111111111111111111111111111111131111111111111111111111111111111111111111111111111111111111111111111111111111111111111111111111111111111111111111111111111111111111111111111111111111111111111111111111111111
100110011011001011010001100000011010001000000101010101101101001010000100110100101101010000000110010101010011010001011000000001010100011010011001011000010100010011001010011010000110110101001100101010110100000110110101
110111010001101001011100111101001000100010101100010101100101011011110101100110000101011101010011000101011010010111010010111101010111011010111100011011110101000110011000111010111100110101100001100000000001111110010101
100000011011101100001101100001101111110111101111010101110100011000000000110110101101001101111001110000011010110011011111101000000110000000110111001001010111011111011110101000000110110101110111111011111101001100110101
111111011001000111011001001101001011000110000000000101010101110011111110000111101101011001101100111111010000011010001101001101010011110110100110011011000011001010001100101011111110110101010010101001100101011110110101
101101011101011111001101111111100001101111101011010000000000011111011111110011000000001111000001100110011111000011011101101111111000100011110011011011011111100011011110101000111010000101011000101100001101011010110101
100000010101001101101000000111111101111101101001111011011111110100000010000111101011011011110101101100110110010110010101001001101110110111010110001000000110110110010100100011101011110100011011101101111111010010110001
111101000000011001101101111101100001010100001011101111011001010110101000110110111111000000011101100110010011110011010001101011001000110101010110111011111100100000110110001010101011010101111011001000110110010110100111
100111011111001101001100101001111101010111011111000101011011010111111111110010100101101101111000101111010111100110011100000001101110000001000000000001000110110111110110111110101010010100110001101011100011010110101111
110001110010011001101110101100111101010101110101110000000001010101011011010110110001111101010010001100000100110011010111010100101010110100011111011111011110010111000010001110101010110001100111101010101110010110100001
100111111011001101100110000101100001010000110100000111111011010101011010000010011101010001011111101001011101110110000011111110101000111101111101001110001011010001111000111000001010011100110011001010000111000010101111
101101010011011000001111110101111100011110010110110100000010010101010011111010110101011101001101101011111101010111111010101010000010011111000100011011100011000111001010010011111000111001100111101010111101110110100001
101100011000011111011100000100111111000000110111111101111010110101010110101000000000011000011001000001110101010100110010000000101011110111110111000010111010011101100010110111111110110011110011000000001101000100001111
100111001101010111000111110001100001101110010011001111010000000100000110101111111111011111001100011011010101010110111000111011111011010101000000011110111000110001110111110000001100100111010111101101011101110101111111
101100011111000000011101100111111011001011010111100110000111110101111100101011011000000111011111110000010100000000011110100011011010000101111111010110001110000100110101010111111110001101010011001111110100010100010001
100111011110010111010100110101100011111000000110101100110100010000011110100011001110111100001001110110110111111110110111111111011111110000001101010011011000111111100001010001011011100101010111101010100111010101110111
101101001100110100000101100100101001011111101110101111111111011101110100111011011000010111101011011110100011000000010101011101001100011111100100010110001110001011001011000111011001101101010011000010101101010100000001
100101101110110101110101110001111100001101000000001001101011010100100110101011001111000110001011011010101111111101110000000001011110110000110111000111101010111011011110011101011011001101010111111010001100010101111111
110101000010111111000000100111001111100001110111101101100000010101101100000010011001110011011000000000100101000101111011111101011010011110110101010011001010100011011111000100001011011000000101000000101111000000000001
100001101111101111110110001101011011001101111110000101101101000001100110111011001100100111001111111110101101110000011111010101010000110000110101111001101010001010001010011101111010011011110101110111111011011110111111
110111100001100101011110101001011000011000011011010001111111111101110111110000011110110001101011010000100101111101110100000000011101111110110001100011001010111111100011001101010011011001011101100001010010010111100101
100010110111110100001011100011001111111111010001111100011010110101010101011111001000110111000011011110101101011001010101111111010000101000011011111001100010010101110110011101000110001101001101001111011000110001001101
111000010110010111101011001111011000100000010111101001110000000101000101001111101110010101101001011000000001001101000101101000011110001111010010100011111000110001010110110101010011101100011101101101001101100111011001
100011010011000110000011101100001110111111000011001101011111110001110100011000000011000100111100011111101111011000011111001111011000100000011010110110100011111100010010100000010111000001110001100101011101101110001101
101010010111110111111010100001111010110111111011101101001110111100000101011111011011110110110101110100000110010011010110011000010011111011001000110000111011011101011010001011111100011100011101101100010101100010101001
111111000101100010101010001011100000100001100001101000011000010111110101110101111010100010000101110101110011011011110011011111011111001111100011100111100001010111010000101001101111011001001101100111000001101110111101
110101110101111000101011101110111110111100111011001110111111000000000000110101100000111011110001010111011010000000011011001010001101101100111001101101110100010011011011111111001011110011011001110100011111101110011001
100101100000001110000010100110110100110101101001100010001001110111101101100000111110101011000111010010010010111011110001101011100000001110100011000001011110110110001010010001101010100111111101010110111001001010110011
110000110111111100111000001110010101100101000011111011101011011110111000111110111010101011110101011011011011100000011011000010111111101010110111101111001000100111101010110111001010110101101101010110101101011010011001
111010110100000111100011011100110101110101110111101011000010001000001101101100000000001010100000001011011011111101001011110110110110101000000010000011101110101101101000010001101000010101101001010100001100011000110011
101010000001111101110111010110110100100001100011000001011011101110111000000111101010100010111111100000011010110111100001100010100100000011111000111110001000001001100011110111001111000100101101010110101001001011111001
101111010100011000111101010100010110111101110111110101111001001000101110110110111111110110110101001111110010100110001101111000110111110111000010010011101110100011110110010011011101110101100101000110111101111001101011
100101111101111110101000000001010010110100110110011101101101100011100000111100010110000000010100011101011000110111101111011101100101100101110111000111001011111010100010110110001001100100110101110110010100101100101001
110000000000101100000010111011111010110001110011011000001000111001111110101001000011111110110111011000001110100101000111010101110100110100111111101101100001100000110110110011101011110101110001010010110101101001101011
100111111110101111101010100010110000011101010111011111101110101100001110001101111011011000010110010010111000110101101100000001010110011101100010101101111101111101100010000110000010100100100101000110010101001011000001
111101010010000110111111111010011101110001000101010100000000000101111011011001000010011111000011010111101110000000000111011100000111001001111000000101011000010000111011011100101110110001101111101100110000011011101111
101000011011101110010101000010110100011101110101010111101111110100110011011111111000110111111011000011001010111111101111111111110101101101001111010001011111011101110000000110100110011101100110000001111011000000000101
101111011010101000110001111000110110110101100100000010111000000001111011010110110010010100000000011111101011101111001100110011000001101101011011111011001010011001100111011111110110110000101111011111001011111111111101
101101010000001110111101100010010110010100110111111010111111010100110001010110100111000001010101110011001011001001100110111001111101101000011010110010011011001101110001111011000110110111100011000001100000111001101101
101000000101100000000001111011000011000101100011001000101101111110111101010110111111111101011101100111101001101100101100101101000001001111000010111011001010011101010111110001110110000011001110011111111011100011101101
101111110111111101111101010001111001010100110111101110101101111100011001000110101010011111111001110110101100000110000110101001111101101010011010011011101011010000010110000101100100101111101011001111000001110111001101
100000000110000001001000000111111011110101100110001100000001010111001100011110101011000110101011010010100111110111110100001101110000000011111011001010101001011111000000111111110101111110000011011001111100110101011101
110111110011110111100011010110000010100101001111100111111101010010011001001010101011101100001001010110101100000000000111100000011111111010100001011010101011010001101111100011000001001010101110001100110001110001000001
100100000111111110111011011111101000110000011111110011000000011000111111100000000001101110101100000010100111111111110101111111000000000000111101010000101001011101100000001011111101011011101111011001111100011011011111
111101011100011010000011011100111110111111011110111011011011001110101110111011111011000111101111011110101100110100000000010101111111111011110101011110100011000001101111111110101000001011000011000011110001110011010101
111111111111010000101001110101100100000110001100000011111111100010101000011111010001110011000110010110100110110111110111000101011010000011100000001000101111110101000010010100001110111010011111111001100111111000010101
100001110000000101111101000001110111011111101111011001101000111010101111010101011011011010010011010000101100000110111111110000010011111000110111101110100101110101101110110110111010110011000000111101101101010011110001
101111011111111111010111111011000010000000100101110011001110101010001100000000011011010011111000010111101111110100101000011111011011011011111111101010001101011100000000000110101000000111011101100101100101011010100111
100110001100000000000010111001111011111110101101111000011000000000100110111111000011011010101111000001101010100001101011111100000011000000101000000011011001011001110111111100000011111100010111110101001100000000001101
101100111111010110101000000011100001011010101101011111001110111101111111111111101000011000000000011111001010001011000001100111111011111011101101011000001101001100111110011001110111100111000010100101011101111111111001
100110101101111111111111111011001100011010001101010111101011111000011001100000111111000010101101001111101011101111111100110100011001100011001111110011101100011001101100110011000110101101011110110101011001101100001101
101110101001101011000110010000011111010011100001000000100011001110111011111011111000010110101001101001101010000100110110110111001101111011011010111111001111011100000110011011110010101101011100110101001101000111011001
101100101101101010010011000101010000000110111101111010111000011010110001011001101110110011111101001011001011101101100000000011011000110011001010101000011010000110111111001110100110100001010110100100011001011101001101
100110101101101011111000010101011011010000010101011110101011011010011101001100000010111111111111100001101010001001111101011000001110010111101010101110110011010010011001100100110000111101010100001101001100001101011001
101100001101000011000010111111111111111011000001001100001110001010110101011111111011100110101010110111001011101011000001111111011011010110101010101010110111111010111011101101100111111000010111101001111111101101011101
100110111000011011111111111010101100001010011101011111100110100010000001000110000001101100000010000011011001000001111111110110000000000000000010101000100001110010101010100101101101001111010010101011101101100101001101
110010111011111001101111010000101001100011010000011010101111111011111100011111111011001111111011101001001101111011110000000011101111111111110110100010001111011010000000001101101001101011011000001001001100110101011001
111010001010101101101010011110001100111001111111000000001010000000110101110101100001100011101010111100011001001001011111111011111100101011100010111111101101001010101011111101000011101010010011111011011001100001010011
101010111110100101101011001011101111111111001011111111100011111110010100110000111011001110000010111111001101101011000011000000010110000010111000110100000101100000111111010101011110100011011010101011011100110100000111
100010110100110101101001100010101010100001100000110110101111011111000110111101101001101011111010101100011000001011101111111111000000101000111110010111101101111011110101000100001100101110011000000011010101111111011101
101000010101100101000011001000001010110101111110000000000110000001110000011001100011101000110010100111001111100001101010100011111101111110101011000110001100100001100001110111100001100111001101111011010100101101011001
111011000000110101011111111111101010011101000111111111110011111101011110110011111010001110111010101101011010101101100000110110001111001100100001110111101110101101101111110111001111101100011001111110000101101000000011
100011111110000000000011010100000000111001010001000110100110001000000000111001010000111010101010100001011000111101111010000111101010011110111100100011000000000111101011000101100110001001110011001111110001001101101001
111110100011111111110110000111111101101101111100010000001111101111101010001100000111110000100000111101001110111001001111110101000000110110101110110111110101011110000001010101101110111011010111011010111101011000111101
110110001111101010110111110011000101100001101111111111101010101100111111100001110011011110111101111000011000001100011110000101110110000000000000010100111111000011011111110101100000011011010001011010101001001101110101
100011100110000010010100011001110100111101101000001000000010101001100101001101000110010000000000101110111110111110110011010001111100110110101111000001101100011110001010110000101111111011000111011010101100011100000111
111000110011111011010001111101100001101001001011101011111000100011110100011001010011011111110110101100011010110010110111111101011110110011101101111011000111011011011010111110101001001011011100001010100111010101110001
101011110110101010010111101000111101101101011111000010011110001110110111111011111011001000111100000110110010011010110110100001010111111111111000000011110010001011000010011000001011011011011001111000001100000100011111
101011000010101011010011001101100001101001010100011011000011101010100001101111110001101110101001011100011000111000000110111101010000101000111101111010011010111011011110111111101011011011001011001101111111110101111001
101001111010100011000110011001111100101101010111001111111000000010110111001101011011001110001011000111001101101101110100110000000111101101101111000010110010011010000110110000000000001011100001101101111000010000001011
100011000000111011110110111100110110001101010101111110000010101000100110011000001001101010111111110100011001000101100001100111110101001000101001111010111010110000101100011110111011101001101111001000001011000110111001
110111111110010001010110111101100011100101010101101011110111111110101111011111100011000010101101100111001101011111001011111101110101100010000011000000001010011110111110110010100001111011100001101011111001110011111011
100000001011011100000000011001111000110101010100101000011101111000001011000010111011111010101000110001101101010111111011001001010101101111111001111111101010111100011000011011110111011010101111000001101111011001000001
111111100001010111111111001101000010010101010110001111011000101111100011111010000001100010001011111011000000000101010001101101010101111000101100110111100010010101111111000001100110011000101001110111100110010011011111
101111111101000011111011100101111011000101010011101100011110000000001001101000111100111011101001100001101010101100011100000000010101011110000110000000001000110100011000010111001111001011101011010110110011000110010101
100000011101110110000000110000001111110000000110001111010000101111111101101111111101101010001011111011111011111101011110111111010101001011110111010101101110010101111111110110011001101011000001010110110110010100110101
111111010100110011111101100101111110100111101111101000011011111111110101101011000001101011101000101001011001010111010111110000010101011010000101111101111110110100001101100010111100001011011101000110010111110101100101
111100000001111000111000111101111000110100000101101101011111010000000000001011111101100001000011101011010011000011010101011111010101010011110001111111011000010001011000111000100111100000001111011110110101110000110001
100111111011011101101110011000001110110111101101100111010101011111111111100010100000001101111010100011010111101010000000010111000101010111011011010110001111010111111110101110101101111101111011011010110101000111110111
110000011011010100000000111111011000011111001101110010000101011011010101111000111111111100010000001111010110101111111101000101110101010110000001010011101101010010101100101010101101010000011000011000100001110010100001
100111000011010111111110010111001111001101101000011011010001011010000000101110101011110111000111100110000000000011000111110000000101000011010100011001100001010110000110101010101101011101110011011110001111110110001111
101100011010000000101010110101100000011000001011111011111100000011111110101110100000010101010110110010111111101110010010011111110101010110010111001101111100000010111100001010100101011000110111110111100011000000111101
111110110000101110000000010000101110111111101010110001101110101000000000001010111111010101111100111000001110111011111000110110000101110111111100011001010111101000010111100000001101011101100110110101001111111101100001
111011111110100011111111011101111100011010101010111101000011101110110110100000111000000000101110100011011000011001101110110011110101100010111111001101010100101110110110111110111001001100001110010001011011010000111011
101011011011111111110000000001010111010000000000101000011001111111111111111110101111111110000000111011111111001101100000011000000000001010010011100001010001111100000110011100101100011101111011011100001011011010010001
101010000011100110000101101101010101011111101010001101001100011011111011101100001100011011111110101010101001011000101110111111111111011111010110111100011011010110111100110001100111000000000001011111011000011110110111
100011011000110000111111111000000001010100001111011111111110110010110000000001100111000000011000000000101101001101111010011011000100001101010110000101110000010110000110100111001101011111111111010000000011010100010101
110111111011111010100000000010101100000101111110001011101000111000111111010111110000010111011110111110001101011000110000110011110111011000010011110000000111010100111110110110011000011110100010011111011111110110110001
110110000001101111111110101011111101110111011011011001001110011110101011111111000111111100001011100011101000011011111110011000000000001111010110011111111111000101101100100011001111000000001110111100000010110110100111
100111111101001101011011111111100111000010011001001101101100110000000001000000010100101110100001111001001011110000101000111011111011011101000011011100000000010000100110111011011100011101011100010111101110100110001111
110101100001101100000001010100110111111011001101011101100110011110111101010101010110000000111011011101101000110111101110101011111111011000011000010110101011111011101100011001010110110111110110110100000100001100111001
100101101100000001011100000110000101100001100100011001101100110000100001111111111111110101100001010001001011100001001100101110000000001111111101110111111111101010101110110011010100010111110010010111110101111110101101
110001111101101111111111110011110000110101110111011011000001111111111101101010000001111111111100000100011000110111011001101100101011100110101000010100110100000000000110111010000110110101011010110111010000101100000001
111101010111111111000010011010011101111100000000010011111101010111101101100011111100001000011111010101000011110110001101001110111111110000000011110101100110111111101110101000111110000001011000110101010111101111110101
100000000110111001111011001010110000101111111111010110010001010100000000101110101101101111000000011111101001010011101101011011110100011111111001010100110111111010001010101110101010111111001101100001000000000101110111
101010110000100011000001100000011101101000000001010111011101010111101010000100001111100000011101110010111011010110100100000001100001111011110011000101100101000011101000000110101010101011101101111011011111110101000011
111111111110110111111101111111010101101101110100000101011000010101111111010001011010110110110000011000010001000110110110111111111101010000011001101100110101111010101011111100100000000001100101011000001101111101111001
110101100110000110111001010000000000001111111101010000001111010101010101111111011010111111111111111111000100010010100110000110000001011111011100100110100101010000100001010110001010110100110001011011101000001101011011
100001110000110000001101011101011111011011000001111110100000000101010100100110000000011111111110010101111110111110110100111111111101010100001110101100110100000110111011010111011111111111111100001001111101101000000001
111101011111111111100001011111110011011001111011101111101011101100000110110011110111110110110011000000100000101100110110001101101001010111011000000110000111101110101001010100000101000010101111101011011100111111101101
100000000101000110001100000110111010001011011111000011111111000111101100111011010000110000011011111110001010000110010100111000001100010111001110111111110101111100001011010110111100011110100011000001001001110101100111
111111110101110011111111101100101011100011010101011010111101101100000110010010010111111111000001001111111111110011010110101011111110110100011010110010110101000111100000010100111001110110111001101111011011010001101111
100010000100000111010001001110001000001110010101110000001000101111110011011011010101100110011101101011010101111010000110001001010100010111000010011010100001011111101011000001101011110010111011001101011011011011101101
111011110111110001011100011000100011100111000001111101101110000010111011011010010101110000111000000010000000011010111100100011010110110101111000111010111011010100111110010111001011011010100011100000000001011011000101
101000000011011101010110111111110111101101111101001111101100101000000000001011000000011101101110111011111111000000000101111011000000010100011110001000110001010110110100111101101011000000111001111101111111010011101101
101111111000001100000010101011011100001101010101011010101111111101111111011010010111110111101011111000011101111101111111100001111111010110110000111011111100000100110101111001100001011111101100110000011011010110000101
101010000011100111111000101011011111100000000000010000000101010111011100010011110101100011000011000011000001000001010110111011110100000110011110100000110001110110110000110011101100000011100110011110110011000011011101
101011111110101110000010000000010100001010111011000101110101010110010111011011100100110110011001101011111100010100010100011001010001110010110100101111111111100000111110011011000110111110101100110100010111011111001001
100011010100000011010111101111010111101111111010011101100000000011010100011000110001100110110011111110000111111110110111001101011111011010110110100100101000111110010100110011011100110110000110110111000000001101011011
111010010111101111110011101000000110001000001111011111111110111000000111011011111100110111111001010111110011111110110000011001010010000000010100001101101110101011010101110111010111100010110110100110011101011100000001
100011010010000110100110111111011111111111100101110110011111100010110110000001100001110011011101000001111000010100011111001100011011101011010111100000101100100000000101100101000001111010011100001100111111111001111111
101011011011101110001100011110000101010100110001000011000001111110100111111101111101000110010001011100011101000111010011011110110001001110010110001111100110111111110000110101011111011011001101100101100010101101110111
111010000000001011100101001011101101000001111101110111101100110111110000000000011000011111011101110111010101110101000110010110011101111111000111100100110110001000111101100000000101000001100111001100101110101001000001
100011011011100010111111100000000101111101100000100010111110000001011111111101000011111011001000100110000001000000010111010110110000110010011101110101100011101110000100101111101101101111110010011101100010101100010101
111011110011101000110110111111110001010100111110001000011011111100000011011101111010101001100010001111101011110101110000010110111110011011001101000100101110101011110110101010101101100010111010110101101110000001111111
100000111110111101100010100000000101010110000011111111000001101111111011000101000000101100111111011001001111011111100101010110001100111001011100010110101100001010000000100000111000001110001010110001100011101111001111
111010000110110001111010001010110100000010111110001101111100000000000001011111111110000001100011001101111100000011001111010011011001101101000101110100000111101011111110001011111101100111101010110101101111000001100101
111111110010111100101011111111111101111000101100111000111111111011010100001010010111111011110110011100110111111011111011010110001100001101011111100001111100000011010111011111001111101101101010110111000110011111101101
101101111010001110001010111110011001000010001101101110000000000011011111011011000010100001010111000110110100000000110000000011011110100001010110111100001101101000000100001101011010001100100000100001101100111010001101
100000010011011000100000001011001111111111101000101011111110101011110000011011111010111101010101110000100111111010011110101001010111110100000110001101111111111111110110100101011011100110111110001111000110000010100101
110111011010011101111110100011011010100001001110001000100111101010111111000001100000011000000001011110101110011111000011111100000101111111011111011001010110110101010100101100011001101100110100100001101110111111110001
111110001010110111010111101110011010111101101011101110001101111110000000011101111110111011111101011000000100110101111001010111011100101101011010001101000100110100000001100001111011000110110001111111101100001101000101
100011100000100011000101000011010010100001000000001011011001001111111101011000001100001111000000001111110110100001101101010111011110100001011011011001101101100111011011111100110001110110111100001100001101111001101111
111010111110001111110101111010010110111101111111100001001100011001000101011101100001101100011111100101000010111101000001010101010000101100011011011101100001110001110011111111110100000000011101101111100000000011001001
100000101111101101000000000011010110011000110110111101011110111100010001010111110100111111111100110101111010110101101100000001010101111101000011010001101100111100111001100110011111111011000000111000110101011110011011
111110000000000101111111111011000011000010000110101001000110110111110111110000111110011011000001100001100000000001111111111100011100110111110110011011000111101110000011110011001101111111110110011110110111111011011001
100000101111110101000111000001011111110111010000001100011100110110110111111110001100110011111101111011111111111100110100000001001110000010110011010011011100000011111010100110011000000101111111001010110010100001011011
111010111101110101110101111100000110111101111111100001110110110000011101010011101110011001101100000010110011101110010111111111100011110110010111011000000111111011010010001100111101011101011001011000110110101011011011
100011100000000001000101000001110010101000110000001100010100011111011001010111101011000011001110101000000110000111000000001011001001100111000001001111011101101001011010111101101111010100011101001110000010101111001001
110111111010111101110000011011010110101110100101011111010110110101011100000100101001111011011011111111101100101101111010100001101011110011111101011110010100001101010000011000001011010101110100011111011110000101101011
111110101111100000000101110010000100000010101101111000000000000000000111110110100011000000011001011011100111100101111111110100111001100110000001010011000111100000010111000011011010010001100111001010000000101101100001
101010100101001011111100110111010001111010111111101110111111111111110001000010110111111111001101010010110011001101000101011110010011001111111101011010010100111101111110010111110011000111001101101011011111101001101111
100000110101111110000001111110011011111010110000000000110000000000111101111010110101011000011001011010111001100101110101001011011000011100001001011000111101110000011011010010111001110101101001000000011010111101101101
111010000000111100110101101000110010000000000101111101111101010110010000000000010101011111001100010000100011110101100101100000000011000111101100001110001100011110110010011110011011000001101100010101000000011000000001
111111111010101001111111000010111110101101110111111111101111011111011011110101000100000101100001000110111011110100110100111010110111101110000110111100111110111000111011001010110001110111001101010111011111110011111111
101100000010000011100011110111101100101100110100000010001000010011011110100101110111110101110101101110000001100110110110101111111110000011110000000110011110101101101001011010010111000110011111111110000000011001000001
101001111010101000111010111101000001100110110101011000100011011000000000111111100010100000000101111000111100110000110010000011100000111010100101101111001100001101100011001010110101110111001100101100111101111011011111
100011000011111111101000011101111101101111100101111101110110010011111110100110111010111111111111010011111110011110111011101110111111100000111111000110011110111000111011100000000001010011011110101110001101101001000001
101001111111010111001111000000100000111011111111110001100100111110000000001100000000001011101011011111000000111000101001101100110001001010011011010000111010101110000001101111111111000110001010101010101111101011011111
111111011000000001101111011110101010111010101011011011111101101100111110100101111101101010101011001101111110101110001011000110111101101111010011010110101010101010111100000110110001110110111010100000111011000001000001
110100001011010100000000010000001111100000000000001111001101000111110100110111101111000000101011101001000000100111100011110100101101111110000111111110101010101011101001010110010111100000001010001010010000011100010111
100001100001110111111010111101100011111011101010100101100101110111010110110010101011111010000000001101111010001101111010110101101000011000110010101000100010101011000011110111010101001101011011111111000111000110111101
111011110100011100000010011001110110001111001010110001001111000000000011111000001010111111101111100001110011101001010010110101001110111111111010001110111010101011111001110100010101011111010010110111110111110111101001
111110000101111111101010111100110100100000011111111101011110011010111000001111101000000101001111001100000110101101011000000101011110101111011011101000110010001001100011011110110101000001111000110010110000010101000011
100100110101010000001111101110011111110111000011100000001100111111100011100000000011010000011000011001011110000000011111110001011010101000000000001110011011101011110110001100110000011111101011111010100111111101011111
110001100101011110111000000111111111011100010110111111011001110101111111111011110111111011010011110011111011111110110100111100011010101111101010100010110000000011000000100110111011111011000001100000110100101000000101
111100110111010111111111110011100100011111111110101010000011000000110000000010111101101011011110110110100000000000110101100001000000001100111111111010011111101001111010110110101000000001111011111011110101100011110001
110101111100010011001111011010110101110001001100000000101111111110011111101010011101000010001110000110101010101010000000001011011010100110110101010000110000001101000011111100001011111111011011000001100001101111111011
100001101111010111101001000000010101011101100111101101111100000000111010111011000000011011111010110110111111111111011011011111111111110100110000011101111111100111110111111111100010001010010001011011110100101100001111
101011101000000011001101111111000101011000110000111111010111101010010010110001111111111111101000011100010110000000011001111101110101010110011111000001011010110011000110110111001110111011010111110001100110000001111001
101110101111111000011001101001110101010011111110110111000001101011011000000111111000000110101101111111000011111101010011001000010100000011001101101100000000010111110000110100011100101011000101100111001111111111011101
200110000001011111011101101100000001011001101000000101111100001110000011111101000011110000101111110101101011001111110111100011000001111001101101101111111111010011000111110111010110001011110001110101100011110000001001
111111110100010101010101101111111100000011101111110101100101101111111010000000011110000110001011010000001001100010110001110111111111111101000001101000000101010111110110100101010110111010110111010001101110000111011011
111101111101000000000000100110001111101001001101110101110111111001000010111111010000111111101000000101101101001000000101011101000000000100011101111111110100000011010000110001010100011010110011011100101010111111110001
100101010001011011111110001100100001111101011100000000010010111101101011111000010111100000000010101111001000011110101101011100011111110111111101010100100001111011010111111101010101110010100110011001100000000000110111
110100000101110011100000100111111101010100010111110101011010101001111111100010111111111111111011111011111111110100111111010111010011110110000000000110110111100011000101100001010000011010101100110011001101111111110011
100111011111111110111110110011100000000001010101100111000010101101010110111111111100000000000010000000010100000001100000000000011000000000101111110110111100001111101101111101000110110010100110111000011100000000011001
110111111000000000011100111010111101111111000100111100011010101000000000000001010001011111111111111111000001010100111101011010111111011010111000000110001111100110001100111001011111111000001110011011110111111111111101
100001101111111111000111101000011101100000010001101111010000000011111110111101011111111000110101000001011101011101100001001111100000010010111101110110111010110111011110001100001101101110111000110000000000011001011001
111011000100000000010010001110110111111111110100001011111110101111111000110000000010101110100001111100011001010000111101111101111111011011101001000100011000110101010110111111011000100110001101100111111101000011011011
110001110111010111111011011000110110110101111101100000101111111000001111111110111010000000001011100001001101111111100111000000001000010010000011110001111110000001010010101010001101101100111100101111011111111001000001
100101010101111110000010011110110010100000001000101010000011001111100101101111101011101010101000001011011001101111110111101011100011010111101011000100101111011101011010100011101101100110000110101000000110111111011111
111100000000101011111011000000000110111111100010101111111011011011110001000000000000111010101101101010001101000000000101001110001001111100001111110110000011111000010010101111101100101100111100100011111100101101010101
111111111110000001010001111110110000000010101111111100000000011010011101111111111110110010101001101010101101111011010101111100111111000001011101011100101110100011011000000110000001101110101001101111101101100101000001
100111010111111100000100000000011101101000111101110111010111000011000001001111000000000111101101001111111001000001110000110001110000010101110000000001100000001110001010110111111100101010101011101100101100110001110111
110000000000000001110111010101010001111101111000100001111111111001111101101001111011101110001001011100111111101111111010011111011111110111100101101111110101011111100011111100110101101000100011000101100001110111000001
100111101101111111111100010101011111000000001010111011001000101101011100000011000011100010101011011001101110111101011111000110000011111110001111111110111111111000111001101110100000101110001110011100110111100010010111
101100001111100000011110110111111000010111011110101001100010000000000001111011110110001111111111111101101010110000000101010011111000011011111110000000001111101110111011000110101110101010111011011001110010001000110111
111101011011001011000000111110110011111111001100000011111111101011011011000001010110101101010100000000000000011011010001111010101011001010110100101110100101000000101001101100111100100010111010011011011010111110010001
100001010001111111101010100000000111110001101110111001100001001111111111110100000100101001010111111111111111000010010100101010101111101010100001111111110000010110000011000110110110001110001010110000011000010111111011
101011011100000000001111111110101100011101000011100011111101101100101101111110110111111101010110110101101100010111011110000000001101001000110111010011000111111110101001101100000111101010100000011011111011110001101111
111011011111111111011000011111111111010000011011111000110001111110000001000000010011000000000110000001001111111101111011101011011001101110110100000111101100000011111101100110110100001010110111111010101010010111000001
100001010011111110011101000000000101011111110000111011111101010111111101111101110111111111110111111101101001110000110001101110001101001100011111010001111111101001100001101100111101100000011111001000000010110101011111
101011111000000000110111101101110000001010000110100010101001000100000001010000011101000111000011000001101011011110010100001000100101101110110000011101010000001100111101100110001101101111001101101011111110000000001101
111001101110101111100000001101000101100011111110111000001101110111111100000111111101110101111010011100000001010110111110101010110000000000111101010001011110111110000000110010111111000001100101000000000000111101100001
100011000000111110001101011001101111001000000000000010100000000111010001010110000000000001010000111110111101010000001010111111111011111110011001111100000000100011111110110110011110011111111100011111111110111111111101
111111111101100000111101111111111111111010111111011010110110110000000101010111010110111100000111110111110000011110111011110101000010000010111111101001011111111010000000000011001100110001010110111110111111100011000111
111000100001111011100001001111010101110011100000011010100110111101010101010101111111110001011100000001011111011100011011000001111111111010100110000011111101101011110111101001101001100111010100000000000000001001110011
101110110111011111110111101000000101000111001110110010101100100001010101110100000001011101111111110100000000000111011011111101011101010000101100111110000000000000011100001100101100101101000001111110111010101100111001
101010111111010100111100001111110001110100011110111111100111111101111111000111111101000111000101111110101111011110010001010001010000011110100111101000110110101111001110111110101101100000011100000010001010111101100011
101010101000000110100111011011110100000111010000011111111101000001100010010100000000010011110000011011111011010011011011011100000101001110110011001101111110101001100000100000001100001011001101101111111110000100001111
101000000010110000001101000000000111010100011101110010000000011101111011111111111111111001011111010001000000011011011010000001101111100000000111011001000000111101111111111101100001111111100100100000110111101101100001
100011011011111101100000011011010100011111111111111011110110111111010011001010000000001100000000011100011111010000000000110100111000001110110000001111111110110001000011011000111100000110101110101010000001100101101101
101001111111000001001010111010011110111000000000000000000111100000011001101000111110111110101011000001110000000110101010111111100011111111111010100110010000011100011010000010111101010010111011111111010111111100101101
101111110110010101101110100011111011110011111010110101101101111111010011000011100000011011111110010100011111011100111111101111111111011000000011110011011111111001111011111011100001011000000000001110010111001101111111
111100000011110101000011110111000000011111100011100111111001011101011010011011111111000001100111010101010000010001111110000100010000000010101000111000001001010011000000000001101011001101011111111011010000011000000001
100001011011100101101011010100010111011110110110001110111101010000000010111110101100010100110000011101110101011011101011110111011110101011111011101101100011011111111010110101001011101101000110000001011011111101111111
110111111010110101111110000111111100000010011111111100101001011010101000110000000111011110000110110000011111111110000000000110000111111110000010000001001000010101010010100101101010111001011100111111111000110100100011
100100110000000101000100101111101101011000111101010110101100000011111101111111010000011100101100111011110000000111011111110111110101010110110111111101011101000000000111110111001000001111000001101010101010000110001001
111110011111110101110111111000000101110010010101010000000101101111000000101001111110110001111110101011011111110000010000000000000000000000010101011111110111111110110100000001101101111111010101100000101111010011011101
111011000000000101000111011111110111111011000000000110110001101101010101101100000000100101100000100011000000000110111111110101101111111111010100000110100000000000100111010100111000000001011100001110000101110111111111
101011101010101111010000000010010110011011111010101111111101101001111111000001111010110100111111111111111111010111110000000101111000111011111101010010111111101011101110010101111010101011001101111111010001111110101001
100000001010111111111111101011000011000010000011111000001111111100101010011101100011111111101011011101011110011101000111010111011110000010101111111000111001111010000011011111000010111111101111000001110100001010001011
101111011010001100101010111001111000011111101001011110100011010110001010111111001011000000000000000000000000110001111111111111000111111010101010101110101101010010101110001011110110000010100000011100011110111000100001
101100011111011110001000010011000010110000001101000000101000000000100011100011101001101111101011101011101011111100110001111101010001110000000000101100001000000111100011011000000110111110001010110001111100000011101011
111101110100000011101111011001111010011111101001101010111110111010101001111000001111101101101011101111001010000110011011010001111100000111101110000101100010110110001001011011101100000011011010011101000101010111111111
110111110111011110000110000011001011110000001101001011110110110011101100000010111100111000001010001001011111101111010001011101101111010100111111010001001010110011011101111011001110111001111010111000011101010100000001
100110000111010100110000111001100001111110101101101111100000111011001001011111100001100011111111111100010110001100000100001100000111011110011010011111011110100110001111100001101000001100001010101101111001110001111111
110111110101110111111111101100110111010000111111111110001010100011101101010001111100111111110100010111110011101101110110101111101100010011000000110000010000110011011010001011001101101110101110100100001100110101011111
100101010001100101001110000110000011000101100011011000101010111010001111010100000001100000000001000010011011001111000111100000000001011011110101100101010101100111011000111001111100111000101110001111111101100100000001
110000000101110001101011010010101011010111111011001110101011111111111011010111111100111101101111111010110000011011111101111110101101010000100100110101110101110110001101100011000001100010101000100000000100110101110101
111111111101011101000000011000111011010110000000011110111111101110000001111110101110101111111010000000111110111010111000000000111001011010001111110101100101000100101111110111111011111011111110111101011111100100011111
100000000000000001110110111110110011011111010111011011110100000000101100101100000010101010100000101010000000100000001111110101100011111110100111011100110111010110101000000010111010111000110000001101111010111101001001
101101111111110101100100100000011010001001111100000001100111110111111110101001101000000000001010101111111110001101100000000101111110101000110100000001100110010100111101101110001000101101111110111111100000011101100011
111101000111000100101101110110111111111011000001111101110101100110000000101101101101101011011110101000000000111000110101011111010000001111111110110100110011010110011001101100100010000101101100000000001111000100111001
110111110000010110000101000110100001111001101101100000010000001111011110000100111111111001111000101010111101111101111111111011011111101101100000010110100111111100111101111111101011111111000001101010100001010110001111
100010111110110111010101101111111100001011111001101111011011011001111011110001111111111111101101111111100001100111011010100000000000000000001010110111110110001001101111010100001000000111110101101111111111011100100001
111000000000010100010101001011100111101011000011001100000011001100100000010101101101101101000000110101111100110111010000001111111111011110101010110011000110100011000000000001011010111100110100100000000111000101101011
100011111111111111110111101000110100001001111011111001101001101110111111010101000001001100011011110000000001100001011101011111000110011000111110011001110111110111101111011011010010000001111110101010110001011111101001
101010000011101010100010111110100001100011100010000011001011111010111111000101111101101001001110000110101101110100000001110000010000111101100000110011000011000100101111011001011010111011101010111111110101000010111111
101010101000000000001010010000001011111000001111010111101010000000000000010101110000000011111111110100101001000101010101110101011010101111001110011011011001101110001000011101001011110011000000000011000111111000001101
101111111111111011011111000101101010000011011000011100111010111111111101010111000111101111001010111111101011010111111101000101110010001010011000110011011011000011011101001111011110000110011010110111110010111101111101
101100000000000011001100010101001011111011001101010001100011110000000001011111111110001001100000001011001110010100000001110111000111011000111110011010010001010110011001011000000010101111011010011111111000000100011001
100111110110111011011110111111101110000011011111111101111111000111110101010001011000101100111110100000011111010110110101000100010110011011101100110011010101011111011101011010111011100101001110111011000010111110111101
101100000100100001000110110000001000101011011000000000000000010100000101010100000010100110000000101011010000010110100101101110110011010010000001100110010101010000001101011010001001101100011000000001010110001100000001
111111111111111111111111111111111111111111111111111111111111111111111111111111111111111111111111111111111111111111111111111111111111111111111111111111111111111111111111111111111111111111111111111111111111111111111111
