1111111111111111111111111111111111111111111111111111111111111111111111111111111111111111111111111111111111111111111111111111111111111111111111111111111111111111111111111111111111111111111111111111111111111111111111111
1011011000011101001100010011000110101011000101011011000110001001010110001101001100101101001100000110110110000000000101010101101010110011001011110010100001011011011001101000011011000000010011001000000101100110110110101
1011000011001000011111010111110100101001101101010001110011101011000111011001100110000000011001010100000111111111011101010100101000000111101001100110110111000011011101001101111010010101010110011011110000101100010110101
1001111111101111010110000001100110101011100101010111100111001001101101001101001111101111110011110110101101000110000101000101101011111100101101001100000001101111001101101000010000110111110111000000111110000110110010001
1011110110101000000000101011110000101010101100010010101101101011000000011001011100100110111110000010111101101100111101011101101000000110001000011110111111000110011000100011110101111110110011011111101011010000000110111
1011000000000010101011101110100110000010101111010110101101101001101010111100000110101100001111101000011001001110001100000101101011111111101101110100001011110011011110111010110111101100010110010110100001111111111110001
1001111011011011101111000110111111110110100110000100001100001100101110001111110110100111011010001010111101100000111110111101101001001010000000000101111001000110010110100000010010101101110011000000001111111101011000111
1101011110011111111110011110011010100000001111011101111110100110100011111011100100001100000011111110111101110110010110001101101101011011111011110000001101011111010010101111000110100000000110011011100011010100001101111
1000001110110100111011011100111010111011111000000100001011110110101111110000110001111110111111110110011000111110110100101001101000001000110001111011111100010100000110000011101110110111110000111001111111000001111000101
1111101011110110101000000101101000101000001110110101111011000110000000011110011100110100110110000000110011101010100001111101000011100010111011011110110001110110111110111110111000000000010101110011011010011111101011101
1000001001100000100011110001101110100011111011100000111010011111011111110000111110110110000111111110011011001010101111010101101000110111101001001110011100110100011010110100000010101110110111011110001010110111000001001
1111101011111110111110110100001100111010110011001111101010110011011011011110110100000010111101101011001011100010100011000100111011111101000011011000110110110110111010000001101010100111111111001100101010110001101111011
1010101011101100101110000111100110110000111001101001001010011011001010001100010110111110101001101001100000111010001111110101110000101001011011010011100010110110000000111011111110110001011100011001111010110111000011011
1000000001001110101011110100101110011011100011000011011000110001011010111110110100011000100011001100111101101010111010100101010111101011110001010110111000010110111010011000000110100101010101111101011000000000011110001
1111110111011000001010011110001010110001111001110110011011111100011000101100110001111110001111100101100000001010001010110101000000001001100100000010011111000000011010111010111111110111010000100101011101110101000000111
1010000111001110100010110011101000111011001101100011000001011111000011100110011011101100101011001100001101100000111010100101011110101011111110101010110011101111111110001111111011011111000111101100000001111111011011111
1000110101011011111000011000000011100011011100110110011111010010011001101110110000100111101001011101111100111011100000110000001111111000111010111110100110000111111110100001100011001101011110100101111100000111011110001
1010100001010011011110111111111010110110011001100010111011011011111101101100110111101101001011000101000001101011111110100111111011011011101010000110001111101100011011111111111010011000001100001100000101110001110111011
1111111101011011010000001100000010000011001100111010001011001010100000001101100011001101011001010111110101000000011010001101001010011011100000111100111011001101110000000010111011001011100110100001101100010101100011011
1101010001000011000111100111111010111111011001100000100001011000101111101101101001101000011101011111111111111011010000111000011000110010111010000110001011101000000101111110100001100000110100111101111110111111101110001
1001011101110111011111110000000000010110011011111101111111011110101110101101101111001111001100001101011100011011111110111110111101100110110011111110111010001011111111100010111101101111111101111111011011101010100011011
1101010001010001111100111111110101000011010010101000010101001100111000001000000101011011100101111101010111000001101100001100001100110110111011000010110011011000000000001110110101101111001100000110000001101000101110001
1000000100000111110110100000011111101111011010101011110000011110011010100011111100001001101100010101010101111011001110111001011110110010100001011010110111011011110110100110110100101001101001010011011111101011100010111
1111111111110011000010111111011011001100001010101010110111010011001111111000111111011011000001110000000001101010011010010011010100000110101111111000000101000000011111101100110110101011101011111111011011000001101010101
1001001010110111111000111000001000011111101010100010010011111000011001000011100111011010011111111111110111000010110010110111110101111100001001101110111101011101111101111101110100000000000000011010000001101111101110101
1101100010000011001101101111100011000110100010111000110110111111001101111001101100000011001000011010000011111000111010000001100000100111101011001100001100000100100000110101010101110101010111001010110111001101000100001
1000111010101001100101100000001111011100111000011110010100010011011100000011101111011110011011110011101010101110100000101011101010101101000001011001111101101101101111110101000101011111111111111000010101100101110101111
1101101011111100110101101011101000000110000011110010110101110110000111111010101011000011010000011011111010000000001010111110101111100101101111001100101000111000000010100101110000011010101101101101111101001101010000001
1101100001001110000101111111111101010111111010011000110000110010111111000010101000011111010111111010110011111111011111110100000101101101100001101001100011111111101110001101110111111010100101000000101100011101000111111
1000111011011011110001011000000111110000110000111110111101110110101101110110101111010110010001100010011000110000000011010001111101001100101111001011001000000011111111101100000010101000101100010110001101110001010111101
1010011011001001111011001111110100100110011110101100011001010110100101100010100110000010110111111010110010111110101110010111001101011110000001100001101011111110011011001101111110000011100101111111111001010111110000001
1111010001101011000001011000110110110111011100000111001100010010101100111010101111111010110101101010111011101110111011000011100101000010110111111011101110101010110011011001011010111110101100001001101011010101100111111
1110000100000011111100001110010100110101110110101100011001110110101001100010001101100000110101101010011011001000010011101010101101011110011101111001000100000000010110011101011010000100000101101011101000010000110111011
1011011111110110010111011000110110000001100011101101111101100010101011111010111000101010010001100010110001101111010110111010000000011010111000101011011101111111110111010101000000110001010000101011001011110111100000001
1011011011100011010000001010110111101101111011001000011000110110100011011010101101111110110111111010011011001010000110110000111111110000010011100010010100000000010011010101011011111111111111111001101000110110110110111
1010011000001000011111011110110000111100110011101110110011110100001111011010100000010100010010011011011001101000111100011011100111010111110110110110110001111111110110010000011111000000101101011011001011110010110010111
1011111111101101000000001100011011110110111010101100111001100001011000011010101111110110110110110011001011001110101001111000110000000001100010110000000100000001100011000111110100011111100000011001101011011010110111101
1000110111111111111111100110110011100100100010100110001100101111111110110000100011010110100110100110011001100110001100001011110111101011111010110110110101111111111001110101100001111011111101111011001001011000000001101
1011100000000010101101001100111010110110111000001100111110001010101000011010001110000010110110110011011011110110101101101001000000101110100000010111111101101000101011010000001100100000001101100001101011001011111111101
1010111101111010000001101101101010100110001110100110100011100010101111011110111011011110100110011001000000110111101101111011011110101100111011110001100100001011101011010111111111101111111100001111100001100001010000101
1010100111100000111100001101001010101110100011110110101111001000000110001100001011011010101111001101011111100011001101011010001011111001111001010111001111111010101001010101000000000100011001100110111101101111000110001
1000110110111111101110100001100000000011101001100000000110011010110111101110111001001010100011011000001100110110011000000000100001001100101100010101011011011010100011000000010111111101111011110100110001100000010111111
3010110110101100000011111100101101011001111100111011111100111111111100000000001101101000101110010011100101100011001101111111101100011001100111000000000011010010110110011111111111111000101011011101111011001111111101001
1110000110100111111001110110111111010011010110101011010001110101001111111101111101001110000111011010111100111011011000000001100111110011001111011011011110000110110010110100000000000011100001001000110000011101011001011
1111110110110111101100100000110011111001010000000001011101010100011010000101011001011000101100010000010101101001010010101101101100011001011100001111110011011100111000000001011111111110001100011011110111110100001101011
1010010000110000000110111101111000101100011111111101010000010001010000110000001100011110111111011011000100101101010111111111000110110011010110100101100110011110011101110111011001110011011111110011010110000001111101001
1011011110111101110110111000011110100111010110010000010101110111111111100110111111001100010110000001101101100001010001010111101100100110010010111100001110110011010100111111110011010110000111110111000010111111011001011
1011011000010111000000101101110010110111000011011110110111100000110111111110000111101111000111110111111100111101000100000000111110110010110110011001111100011001010101101101100111010011011100000110011110000011001011001
1001001111000011011110101000011000010001101000001010100010110111110100101010111100000110011100000011110101101100011110111111110010000110100000110011100101111101000001000000001101010111000001111111011010111110011011011
1101101001111001111010101101111111010111111010100010101110000000000110101010101111010011001111111001100100101001110011110011011011110010001011100111001100110101011111011101111000010000010100001100000000111011000000001
1100000011000011101000000000101000010011011111111000000110111111111100001000100101111011011000101100110101101100010111011010011011100110111010101101011001110101011110000111101011110110111111111001011110001011011110101
1001111011111010101111111101101101000110010101011111101100010000010111101110101100110011011110101101110101001101110101010010110010110010101110000100011011100101000000111111001011100111110010001011011111111010001111101
1101000000111000000000000101101111110000110101010011000110110111110110000000001101111000001100101001100001011000100001010110111000011000000100101101110010110101101110000101011010101101011010111110000001111000111001111
1111111101101111111010110101100110111101100001011001110100010100110111111101111101010011111110001101101111011101101111010100001101111011011101101100111010110000000011111101011000000000000000101100111111001110100011011
2000000000101101101111100001001100011101111101011101010001000001110100000001011001011001100000111101101110001100000000000001011100101011110100101001101010000111011111001000011011110101111111101110110100011100001111001
1110101010101000001101001100011111010101010100000000000101101111100110101100001100001011111101110000000011011001110111111101110101101000100101111100101011101101111100011011111010011111010110101010000101111001101101011
1100111110001111100000011101011011010100010111111111101111100110110111111111011111101000110001011011011110001100111110011111100100100011101101011001101001101100010110110001100000111011010100001000111101010011000000001
1001100000100111111101110101000010000001110001000101100110111110110101110011001010001011111101010001000011011110001010110110110101101110000101001011001011100001110100000111110110110001010001100011101100000111111101111
1111111111101100000001000111011000111100011101110100001100110100010100100110011011101000101101010111111010001010111010000010110001000011110001011001101011001111100001010110100010100111000100111110000101111110011100111
1110110101000111111111110111010010110001010000110111011110010101110110110011010010101011101001010000101110111000011010111110011101101110011011011011000011011110001111111110001111110010011111111010111101111010110111101
1000000000010010101110110101111111111101111101100110001100110101010100000110000110100001101101010111100110110011110010001100110101101100111001011001101110001011011010101100100101010110110111000000010000000000110011001
1010110111111000000000000001101101000000110000110011011001100000010111110111110110001111101000000100110010111001011010111001100000000101101011011101101011011001001010100110111101010110000001110111110101111111110111011
1111111101111111101110101100000001111101111110110110011011110111110101000001100011100110101101110001100110011100001010001011111101111101100010000101100000000011011010001100010100010111011111000000000100001011010000001
1111101000010111111111111110101011100000101000110011011010110011100101011100110110110010000111110111001100110001111010111010100000000100111010111100001011111110000000111110110101110001010100011111110110100000000110101
1010001111000000111011010110111010111101100010010110011000110110110101111101100110110110111111010110011101110100110000001010001111111101101000011001101110101010111111101100110000000100000001000000010010110111111111111
1011011101111101100000000111111010111000111111010011011011110110110000110000110000000000001101010110110000010110011011111010111110010101100011110011111000101010101010000110100111111110110111101011110111111101111000001
1010011001100001111011110000000000001101100100010110000001010110011101111101111101111011111100000110110111111111001010110000011010110101001111110110011110000000000000101110001101111010110010111111111100001000000010111
1011011100101100101110111011111111011000110111010111011100010111010100110000101111010001010111011100110110101101011010110101111010110101011100010011010100111011111111111010111000000010011000001100000110100010111111111
1010001101111110001100101010000100011110100000000101011111110000010101111101100010011100000110001101100110001101010000000111000010000001000110110110010101111111000111010000000010111111011011111001101111101110110011001
1000101100110111101110101111110001010100111111110000000011011111010100011101111011011001011100111100001100101101011011111111111011011111011100010010110000100101011101010111011110001101110000000011111011000111111000011
1101111101100010101000000110111111010110011011000111011110001101010110110000101001010011111001110001111111101101010000000001101010011011010110110110011010101100000100000001111110100000111011111111011010010101010011111
1100110000111010100011110000000000000110110011010100010100111000010110011101101100000110110011011011001101101000010111111101001000110000000110100000111011101001101101111100000011110110001001110000000000111101000111011
1001111110100010111111111110110111010000111001111111000101101111000010110001101101110110011011011001100100101101010001001111101011110111011110001011110001000011111000110110101110011111111100010111111110011001101100001
1100101000111010101100000000110100011010010011001001101101101011110110111100101111100000110001001011001101100111000111011011001000010011110010101011010100011000011011100011100011001101010111000000000010111100000001101
1110101110101010100111111111100110111111011001101011000000101001110110011001101011001101110100011001101100110011101100000001011011110110100110111110010110111101000001101111111001101000000001010111101111110001111111111
1000001110000010101101101011110111110101000011101001101011100011010011000011100001111000011101110011000110110110001111101111010000110000110100001110111100001111101011000000011111000011111111010000100011011100000000001
1111101000101010001100000000111101100001101010100011001111111000010111110110001111000011111100011011101100010100100101000110000110110111110101111000011001100000101000011010110101101111101111111011111110001101111111111
1010000011111011100111101110011000111100001000111001100110100011000110100011100111111010110101111010100110110110110000011110111111100001010000101110110011110111111110111010010101100110100001101111011010101000000000001
1011101011000011110101101010111110010111111110001100110010111111110100110111001101000010110000101010101100100110100101001100011100110111000111100000000110111101010111101111010001101110001111100100001011101011111011111
1011111111111000000000111010110111010011110111101101100110100101010110110101100101111010011010001010101101101111111111011101110101100001011101110110111100101000000000101111110111001010111011001101111011000000001000001
1000110110011101101010010010110100000110000000001101101100001100010110100000110100101010111111011000000001101011001100011001110000101111011100010010100101100010101110101010110001100000001001101100101011011111011111111
1101100000110111111111011010110110111111110111101101000110111111000000101111110101101010101101001110111111001011011101001100010111101010000001110111110000001011111111101010110111101111111011000110101000000011111000001
1000001010010010111000000000000100011101011110001101101110010110011110000101100100101010101000011000101010011001010111011110110000000000111100110101100101011111110001101010100010100000101011010000000011101000001101111
1111111111010110101111111011010001010100011000100001100011000111110011101100110110101010001111001110000011011011000110010110010111010111110110110101001111110100100100101010101110101111101000010101111000111011111001011
1000111110000010101000000010011101110110111110101101101110011100110111101101110110100000111011100110111110000000011100110000110001111110100111110000011011100001101111101010100000000110100011010100011010011011101101001
1110001000111000001111111111110000100110001111111100000011001001100110101101100000101101101010101100000110110101000110000101100101101010101101100110111001001111000011000010101110110000110111111111110011110000000000011
1111101110011111101101010100111110110011101001010111101111011011110110101101001011101111100000000001111100111111110111101111001111101010000100001110001101011010011011101110101111111111110101101011111111011010101110111
1000000100110000000000000110100000011010101101000000000101011001010010101101011110001010111111011101010001101010111101101010011010000000111101111100111101010000111110100000000001011010100101000000000101001010111110001
1101010001111111101011110110111111010000101101110101101100010011011000101101000011101010101001110101010111001010011000000000110010111111111000000110000000000101110110001101010100000000110000011111011100011111110011101
1001011011001111001111000000110101011110101001111111100111010110001110101000010110000010101101110000000001101000111110111111111000001011101011111111110101011111100100111111111111111011110111110111111001111110000111111
1101111111100001111101111110110000010110101101011010110101010110111000000010110111101110101101011011111111001011110000100000110011100000000000001011011111111010101101100010110010111110000000010000101100011011101100011
1111100000111100111000000110111111000000001100010000000001000000001111110111111101000010100101010011100001100010011101101110010111111111111010111000011000100010100001101110011000001100110110110110000110110001000001001
1000111110110110101101110000000000011111101111010101011101010111011010100011001001010110110101011010001111001010111000000111000010000000001111101101110011101110101111101010111110111110111110000010110000011100010111111
1110101110100000001111111101011011010111001011011111111001111111000010111001101101011110100101011000111110011110110010110001111110111101101101100100000111000000000011001000101100001100000011111111111011000001111100111
1000101000111111101010000001111111110001101010001010101011111001111010011011001100001000110000010011100000110100010111100100000000001111101000110001101101011011111110011011101101111110111111111100110010011111111110101
1110001110000000001011010111110000111101101011011010100001010011101000110011011110111011111111010110110111110111000011111111101111111010111011110111111100001110110010110000000000001100001100000001111111010000010110101
1000111000111111101011111111011110000001100000001010111011010111001110100110001100001010100111010100010001010011011110100011111001101010010001100001010101100110011010110111110111111101111001111111101110000111110110001
1110101101110000000000000001010011110100001011101010110001010010011100110111100110111010110101010001110111010111000000001000001100000000110111101111000001110010110000000001111111010000000011111111000011011111010011011
1000001111011111101111111101011000000111011010000010111101011010110001110101101100011000110001010111000011010101011101011011011101111010010010000101011100011110111011111111001000000101011110000001011010011101010110001
1011011011010011111100000000000011101100011111101000010000000000011011010001101110111101100101010101011111000100000111011111110000001111000110111101000111111110000000000000011010110101000000110111001011000001000011011
1110011001011000000111111011111011000110110101101111011111110111010001011011001010010100101100000001000110011101010001110110011101111111110000011100010111010000110111011010111011111111111111111110011111111111011110001
1111011100011111110000011111111111101111100000001100011010111101011011011001101010110110111001111100010011000001111111110000110101011010111111110101111100000101100011111011110000101000000000001010110110110101001011011
1000000111010101011111000100001101111101101011111111011010101000000001001101000000110100010011010110111111011100000001010111110100000000101111010101110001111111111000110011010111101011110111111000010110110001011000011
1111010001010101011011110111101001010000111111110100000000101110111100011001110110010111000111000010101101000111111111010101100001011011100000000000011100100000110011111010000001100000010000111011110110010111011011001
1000010100000000000000010110101101011110100000000001010110000000100001001101111110110001110101011111100000010010010111010101001011011000001011111101110110001111111000011000101100001011111010101000010000110110000001011
1110111101010101011011000000000000010100111111111011010110101010101011101001011000011101100000000101001111010110110000000000011001001101011000000111110000100000001111011010100101011010101111100010110111100011011111111
1000110001011111110011111110101011010101101000000011010011111111111110101101011110110100001111111101011111010100000111101101111111100111001101010000000111111110100001111110101101001000000101110111110001101110000000101
1110100111111100000110000000111010000000000010101001111110000101010100000000001100110001101111110101011001010001011101111100000010110001111001010101010010111111111011110000100101011011010101010011010111000000111110001
1100111110110111110111011011110011010101010110101011101111110000000110111111101110011011101000000000000011111101000000000110101110111100111111110101011000000001001000011011101111111111111100000110000000010110000011111
1001100000000000000011010011000110010111110010101010000001011110110000110000000000111110000011111111011110000101011011011110100000100110001100110101011011011111011110110011000010110001111110111100101111111100101000001
1111001011110101010111011110010011111100100111111011110101000000110101111110110110001111101110000011000000101111010001000011101010001110100110010111001010000000000010011011101000000111010100010101111001101111111101101
1111111111000101111101110000110110001110001111011110111101111010110101100000011111011010100000111111110101111111111011011111111111111000110000111110011111101111011110111010111011111101000001110000011011000101110101111
1001010101101111111101100110100100100100100110001100010000100010110101001110110001011010001111110000010111001101111111010000001101111110010101101011000110000001001011101110001000000101011111011011110000010000100100001
1101000100111011010101001110101101110111101100100111011110111010011111101100111100000011100001011011111111011101010101110111111000000011010111000001101111101111111000001100111111111101001100000000010111110111101101101
1101110001110000000000011000100111000011101111101100000100001111011000001110100001111010101111011000000001000100000000110101100011111011110111110111111100000000100011111110010001010101011001111111000000010000000100101
1001100100011011011011010010101111111010111011000111110001011101111111101011110101000000100000000010101111011101111011100000001000001110111101100011010111110111101111010100110111010100001011000001101101010111101101111
1100111110111110010010011010111100010000110010010000000101001000110010111011111111110110001111111110101101000000001000001010111101111100011001101110000011000010000000000101100001000001100000011111111111010010111000001
1110111010010111010111010010100111011010111000111011101111101011111010110010101010011111011000000011111100011111111101111111110111010101001100000000111010010110111111111101101111011111110110111100011011111000001111111
1000000011000000010101111011110000001110011110001111001100000001100000111010101011000001001101111001010001000000001111010111100011010101111101111110001011010000000000110000000001001111111111110101110001111110111010001
1111101000011101010100100011011110100111010111111101111111101100111110101000101011111101011000001100000111111111111010000010101110000000110100010011111110011010111111100101011101011001100001100000000100010110001000111
1111001011111111111110001010001000110000000001101000011010111101101000101110101000000000000011111111110000111000001010111000000010101111110101110110000011111111111010001101000100001011001111001111010101110011011011101
1000011111000010101111011111100011111110101100000011010000010000000010000000001111111010110111000110111010001011100000001010111110111110010100010111011111101100001000100111010110100000011110011111111111010110000000101
1111111001110110000101111000001011000000111001101010000111011010101011011101101010011010110000010000001010100001110110111110000000001011010101110101011010100001100011110011011100101011000000110000001010000011101010001
1011101101000011110000000011011111111010011111111111111100000010111111111101000011000010111010111010101110101100011111110111101010111001000000010000001010001011001000011110000110101001010110000111111010101110111010101
1010100000011000111111101010010000000011110111010100011001011011111110100001111000011010001110001010100110101111001101000001111111101101010101000101100000101111011101001111010010111011010111011110010000100000111111101
1000111111111011101011001111011111111111000000000001001111111111101010001111000011010010101111011111111110100001100000011111010111100100011101011111110101111101000111011011010110011001010011000000110111111111101111111
1101110010100000001011111101010000000000010101111111101010100000000000101111110110011010100011110101011011101011110101000000000010110101111111000111011111010001101111111011110011001101010111111111110111010101101010001
1100011000001101100000110000011111101101010101000000000000001111011010111000000100110011101000100000000001101110011111101111111010000000000111111101000011010111100100000000010111101111110000000000000000000000101000111
1001001101111111111011111111111110001111111111111111110110101000010010100011110110011000111011101111111111100110111110111111111111101101111101110101011111000010111101101010111101000110100110110111110101111011101011101
1111101111111010110011101111100010100111101010000010000110101101011010101011000110111101110000000000111110111110010100111000000111000100000000000000011001110110010000111111111001110000110010010000110100011000000000001
1111101011000010100110101000111010111101000000101000111100101001111111111111110010000111011011101010000000011010110101101011010010011101011011111111111100000000110111110100110011010101111010110111100101001010111011111
1001000001111010001110101011101011111000010111111111111001101101000101010000000111011110000000111010111111110000000000000001111000110001011111111110101001101010010111010001110111011100001010010111110101011011111111111
1101111101100011101010000000000001101111111110010111100011001001110000011110110011001100101010001111101110111011101010101100011011111101000000000000000011111011000000000111100010000111111111010000111111111001000000001
1000000000111011101011101011010111101010101011010000001010011011011101001010110110011110101010111111101010101011111011101101111111011101111010111110110110111111101011110001001000110000001101011010000000001100011111101
1110111101111010001010111011110101000000100011011111111011010010011101100000110100110100111010111010100000000000001000100101000000000100001110000010010000001101111000010100011101111010100001111011110110111001110111111
1111110101101011101010111110110101111110111011010000011111011111010111001010100101100110110010000000001011011111011101110100011111110101100011011010110101100100011011111101111000101111111111110011110110001100010000111
1011000000000010101010101100110001110000100001011111010000011110000010011011101101101111100111011011011011000001000101011101011110111111001001001011111111111101110011101111101111100000000011011000010110111001000111101
1000010110101000000000000110111101011110111101010110000101010000101000110011001000000011110001011111011001010101110100000111000000000001101101101000000000000000011000000000001010101111111001011011111111111111010001101
1010110100111010110110110000010101010000000000000000110101011110101110110111111110110110000101000101111111010101111111010111011111111111111111001101010111111111111011011101111010001000001011001000000011101111110100101
1010100110001110011111111111010100011111111011010110010101110100101000010010100000010010101101010000000011010100001011011100000010000000000111111111010000000000001110000111101010111011111110011010111110100000111110001
1011111110111000110000000000000001001000000011111100111111100001111101011000110110111011100101011010110110010110100001111110101000111011111100110111111011011111100011011110000000010001101100111110110010101111101011101
1011000000111110011010111111111011101010101010101101101010110101010001011011111100001011001101110011111111011111110100010110101101111111110110000000101110000000110110001010111011110100000101101111111000001101000000101
1011101010101000111111111111100010000011111110000001100000000100011011011001100001011001100100011001101011111100010110110111101100000000010110111110101111010110011111100000001000000101111100000001011011111101011111101
1010001010101110110101000000001111110110000000110100111111110110110011011011111011010011110101001100000001100001111110010011101101011101110100000111100001110111110011111101101111111111101101111111011010011000000001101
1011101011101100110000011110111110110011010110110101110000000100011010011011000010010111000101011001010100101111111011000110100111000100000001111101001011111101011000000100100110110110101000001101011010111010101100101
1110001011101110111111111111110000000110011100011101000101110110111011011001110110110001110111111101010110000101010011011100110001010110101111111100011111011000011011111101111110100000101011111001011010110011100101101
1000101110000000101000000010011101010011001110110001010111000110100001010011000011110111100000100101110111010001010111000001100111010110100000000001000110001011110000010111011100101111101000101011000000000111101111001
1111111111010111101111111011000001011110011011111101011111101111110101010110010110000100001010001100011100011100000001101011110011011100110110101011011100100000000101110111000110000000100010000010011101110000111001101
1101011001111110001011110000011101110000110000000001110000000110000101110011010100111111011011101101000101000101101101111111000110000110110010111011000001101010110100000000011110110110001111101000111000011101110011001
1000011101101011100000000111010001000101111101011101111111011100110101000111111111100000011001101111011101101100101000000101111111111100010110110011101011101111111111101101111010010110100000111111101101000100000111111
1111001001000011111101110011011111101100011101011111010000000110110101011101101011001101001011100011000111000111101101110000011011110111010111111000111110000000000000111000000000111110101111110000000111111110101101001
1111101101111010101101000110011000001101110101010000000111011110100101010000001010011001101010101111101111011111101100010101000000000001010011010010000110101010101111111010101110000010100000000111010110101011100000011
1000000000000000000001010011001110101100000101011111110100001011110111010110100000111101101000111100100101111000101001011111101010110111011000011010110011111110100011101010100010101010101111111111110000000000110111001
1011111101111011010101010110011100101001111111111010000101100001100110011111110110001101001010011001110000000011111101000001101011111111111101111110011000000010101000001010110110111111101111111101110101011010011111111
1011100001000011110101011111000110111100111010110000110111001100110011010000000111011001101111000011011011101000000101101101111000000000001111101110110010101110101101011011100110000110000000000000010111111111111100101
1110111011010110000101000101101100100001101010000101100011011101111011010101110001011101101100010110000011111111010101000100001101011111100010000011111111100010101111110001110010111111010110101111111111110100000101101
1100011001110111110101101100000111110101000011111100110111110000101001110101100101010000101110110111101000000011110101101110100101000000101000111000000011110110100000010100110110000011010010111110101101010101110000101
1001000011000100000100111111010100000111111000000001110000011101100011000101110101111101111011100011001101011001111101100011101101011011111101111010111000010010101011111101111111111001011010000000100000000000011110001
1011010111111111010101111010011111101110111101011101100101011000111001101111011101101000011010001001011101011100000101001011001101110000110100001111110011011111101001101100000000001101110011011010001010101010111111101
1011010011000000010111101010110001111100000001110000101101010010001011001000011111101010111000111011110111001101101101101111011000011010000101100000011001000000101100000101011011111100011001011010111110111110000000111
1001110111111010110100000000011101010001010111000110100101011011011001101010110110000010001101100000000011011000101111100110001101011011101111101101110011011011111111011101011000000101110011111010000010001100101111111
1011100011000010111110110110110001011011010100010010101111010011111111111110000000101010101101101010101111111011100000101111011101110000111010111000011011001000001100000101001010101100010110100011010110101101100011001
1011001111111011101011111110011100000011010111111010111010011000110011010100101010111110111111101011100000001000110111100110000100110110000000001010111001011010101101011111101010101001110000111001010011111000111000011
1011101110100011000001100000110001110110011110000010001011010010000110000001101010100000111011001011001110101010010000110110101101111100111011011110110011001110101101000000101010111100111101100011110111011111111111111
1110111000001011111100001010110101000011011000111011100011011011110100101101111010110110000011011001100111111010110110010100100100000110001001000110100111100010101001111011111110000110000101101000110000000000000000001
1000011110101001100001101010111111101001110010100000110111011000110110111100001010110111101110001100110011011110011110111110101101010110111111111100101110001010111100110000010111111100101111111010010110111110110110111
1011000000101011110101001010011000001011000111111101110001111010110011110001101010111101100011111001111000000111000011100000101101110100000000000110100011111111100001111101000100001101100001100011010110111111100110001
1111101010101111011111101011011010101011111101100000010111000011100110000100101110100000001001101101010011010001111000101010111001111110101011101100101000010101110100000111011101101100101100110111110110000011110010101
1101111111111101010000001011001111101010111100001010110001111000101111110101101110111010101100000101000110011100001011111110001100001100111111111110111011000000010101010011001000111110101101110011000111011000110111101
1001010101010101011111101001101000001110000001011010010100011101101000000101100010100011101101111111010111000110101001010111011111011110110100000010110001101011111111010111100010010111111111011111110011011011111101111
1100010000000000011000001011001101011000101111001110110110110001111101101101001010101000111000000110010011011100101100000001000110010100000001111110111011001000001010010110101111110101011011011110000111110000000000011
1111011010101111010010101111101001011110111100011000110010111100010111100101101010101010110011111111011001111110101111101111010011010001101100000010011001011010100011010100000101110000000000000011110000110101010101001
1000000010111000000110100101001011110100110001011010011110100001010000001111001010101010111000000001001100000011100011001011111111010101100101011111110011111110101011011101010000000101011101010110000110111101011101011
1110101011111111101110110001101110000001111011110011000010110101010101100111011011101111100011011111111101011011110111100000101110010101111111000011011000000010101011001101011010101111001111111100101100001101011111011
1111101110000110001100100101111111111011000000111001101010110101011101001100011000111100001001000000011001001000110011001010000011110100000001101000011010110111101110011001011111100001100010100101100110111001000001001
1000000110110000101110110100110000010010011010011011001010100101110001100110111101110001011101011111010011011110010111101011111111100101111111111101001010010000111000111011000001101011001000001111001110001101010111011
1011011111111101101000010110110101000111001010110011101010101100011011001100011001000111001111000011111001001110110011001000000100110100000001010111111111010101111111100011010111001111101101111001101100101101011111001
1010010000000001101110111110100101101101011110011001101010111111011111101110111111101100011000011001100011100011111110011011010001100101010111000000111111111111101101111011010001100001101000000011001101101101000001111
1111111011010101001000011000101111001000001100111011001110110000010000000110000001100111001101001101110110001000000011010001111100110101110000011111101010101010000100011001011011001100101101011110011000101001011011111
1110101011010111011101001110101000011101011001100011111000011110111010110110111011111111101101011000110011101010110111110100101101100101100110111101100000000000101101110011001001101101111001000011001011101011011001001
1010000011010100010001111000111011001111001011111000001010111000011110100110001001100000000101001101111001101010110000010110000111101100110110000000001101010101100000011011011101101100110011101111101000101011001100011
1000101011010111010100011010110010011011011111010010101110100011001100110011011111001011010101011101010011111010111110110100101110100110100011010101111111110101101010110001001100100110111110000001101101111110011001111
1101111001110110011101111110011111010000011000000111101100110111100110100110000011101010010111000100011000011010000011110110100000111100101001010111100010111100111010011011111001111100000011111111001100000110111100011
1101010011100111010001100011111000011110111110110001111110110010110111110100101000101011010001101101110011110010110111011100101010000110111011010110101110000101111011001010001111010110101010111111101001111111101101001
1001000110111101011101101111000011111100011000110100001100110110000011000101101110101011011011001100011011111011100000011110101010111111100001010000000010111111101111011000111010000010101000000000101100111011000001111
1101101110000000010000000110011110000001001110110110101001100011101001110101100010111011011011100110110000011000101111000111101110001011110101011101101000001010101101001010001000101111111010101111100110000001110100001
1101100011011111111010110111111100111011101010010010101011101111001011000101101011100010011110101100010110110010100001010001101110111000110101001100101011100000000001111110100011100101010010101110111110111111100101111
1001101011111000000010010011000001100010100011111110101011000110011001110100101000111010110000000110110010011011110111110101100010011011100101100101101000101010101100000010101000110001010110100000011100000000110100001
1101001110100010101010111001111100110110001011101111111001010011011111110101111101111010100111010110010110110011000000110100101111000000110100110111111010111111101111111111101101111100011111101010110110101111100110101
1001011100001010101010001111000001110111101000001000110011011011110011000100001101000010110100010100110110110110010110110111101111101010010101100110001110010101100011111101111000000101011001111110000011100000110010101
1011010001101110101110100111010101100100001110100011100110001110000111110110101101011010011110111110110010110011010010010001100011001111111111110000111111000000101000000000001101110101000011010111011111111111100111111
1111111111100010111100101100010111001101011100101000101111011100110010110010111001010011010000000011100110100111111011111011101001100000000011000110001011101010101011111111111000011101011000000011000000000000110001011
1000110110001110100001101110111111101111000110101101100111110111111000100110001101010110010110101011110111101100000000110000101011110101111111101100100000101011111000000000111101001111001101101111101101011111110111001
1110000011011100110101100110011000001000011110100101110011000000001110001100101111010011010100101000110000111111010110011101111000110111111000101101101010101001011010111110000101100001111100100001101111001100010000011
1000101000000110100101101100111101101101000011101100010111101010100000100110100110010110011110101011110101100101010011011001100011110000000010101101101110101100001110000010110100101111100101101111000111100001010111111
1010111010111111110111000110111100101111110110001110110010111111101101101111101111010011011000101000010100110000010110001011110111011011010110101101100011101101100011111111111111111001001111100001010001110101010000001
1110110010000011000001101100011001101000000011100011100110000000001100100101000011011011011101111101111101110110110100111000110000001001010111111101111001100101101111010101011011011011011010110111110100011101110110111
1100111110101111110111111110111101101111011010001000111111111110100110101100011110010001110101100100011111010100100110001010011011011011010001100000001100111101000000000000000000000000000000011101111101000101100010001
1001101100100001100000110010011001111000001111011010000011000000110110100101000010111101000000110001000000010101110011011010110011001111110111101011011001111111011010101111101101010110110111001000001111101111001110111
1101000001101111110101111000111100111111011000001110101111111010010110101111010111100001110110010101011110111101000110011111111010011100010000101001001101000110001111100000101101010011110001101011111000100111011110001
1101111011000000111101100010100001101100001110100110100011000011010010100011010011001100110011010101000011111001010011000000110011000101111101101011011000011111011100110111101111111111011011000001011011111101111011101
1001000001101011100001101011111101000001011000110010101111110110010110110110010110011110011011011101011111010011111011101010100110010000000101101111110010111011000001100000111010101000001111110111001001010000101001111
1111101011001000101011111111010001011011011010011010100011000010110010011111010011010111011001001101000000010110000000101111110111010101101101000001111110000001011111111010011000101011100101100101011011010111101011011
1111001001111010111110100000000101011001010011001011101011011010110110111000010110000101011011011111011010110011101101100011010001010100100111010100001100101111111110101111111101101011111100110000000001010000100000001
1000011011000011100110111101011101001111111111101000101110010010110110100010110011111101001010010011001111100110001101101000011101010101111111010110101101111000100000000011010101000000010110111011010100000111101101011
1111001001101000110000110101111001100000110110001010100010110111100010111010110110000000011111011000011101111100101001101011111101110101010101111111111000001110101101011110000000011111000000001011010101010000000101111
1000011111001101111010000000101011101010100000101010101011100000101011111010111111110101000011001101000000100110111101101000000100010100000000101000001110100000000101000000111011000011101101011111111111011011011100001
1101000001101000110011101010001011001111111010101110111111001010101110000010011000000111010110011001011110001100011001101101011101010110101010000010111000101111011101101010011001111110000101000101111111110011000111101
1001011111111101110111111011101111101101100010111100000110011010100011101010111111010100010111001101011111100110111100101101000111111111101010110110001101100011001101101010111011101011111111010000010101110111101111111
1101000001010101100100000011000001100000110110000110111111011011101001101011111100010101010100011101000000110011110001101111110000011000001111100010111101001001111111001010001000000000000001011011000000011101000000001
1001010101010100111110101001101011110101100011010110001101011001111111101000011001010111010101010101110101111111011101101001100110111101100001101010000101111100000111101110101101111111111111001010010111000001101111111
1011011111000001100000111011101011000101101011110110111101001100000000111110111101010110011101110001000111000000000101100011110111101001001101111011010111110001010000100010111000000000000001011110110001111111000011111
1010001011110100111111110000101001110101111000110110111000011101011010000110110001010100110001100101010111011101110101001001100011101111101100011011011100000101011101101010001101101110110111010010100101101001101000001
1010111010000101100000000101111011000101000011100100001101000101010010101100110101011101100100110111010000001100011101101101111000101111000101111110000101010111111001101111111101100010111111000111110100000011111101111
1010100000101100110111110101100011111101101000110101011001010101110111101101110111010000110101100100010101100101110001100100111010000001101100000011010101010110100011100000011000110110000001110000111101101000001101111
1010110101100110100110000101101001100001001101100101001101010101000110001101100110010110010100110101010101001100010101101101100010101100100110101010010101010000101000110101001101100011010100010101100000101010101100001
1111111111111111111111111111111111111111111111111111111111111111111111111111111111111111111111111111111111111111111111111111111111111111111111111111111111111111111111111111111111111111111111111111111111111111111111111
