11111111111111111111111111111111111111111111111111111111111111111111111111111111111111111111111111111111111111111111111111111111111131111111111111111111111211111111111111111111111111111111111111111111111111111111111111
10001100110011001010001100010101101100010101010110110100101010000010110101010100010000100110100110000110110101010100011010010000000100000000110101010000000010100000000110001011010000000100110101000110011000000011010101
11011110110111100000111111000001101111010001010100000001100000111110010101000001000111101100101111010010110000000001111011000111110001111110000000000110101000110111110011011001000110110001100000011111011011010111010101
10001100110000111011100111110111000101000111010110111100111011101011010101110111111101100110000101111000010111111111100010010000011111100011011011010111111111100000111111001101011111111111111011000110011011111101000001
11011001111101101010101100000001110101110011000110111001101001000001010101110000000101101111110101101011110100110110110110111110111100001001001001010000110110101111101101100000000101100001011111101100110000101001111011
10001100101100000010101101110111100000000110011111101101101011011111000101010111111100000110100101100000110101100110010100000010110001011111101011111011100000000000100001101101011100101100010101100001100111101011110001
11100001101111111000101111110011001011110011011101000001001001011001101100010010100001111100001100110111110100110000110101111111100111110111001000011000001101111111101111000111111110000111110000110111110000101001011011
10111011101011001110000011000111101111010110010100011101101011010011000111010110001100001110100110100101100101100101110001100001101110110101011011111111111111111011001001101100110011011110100111110001100111101011011001
10100011001010011000111010010001111110000011010110110000000010010111101101010000100111100111110100110000110100110111000100101111000000010001111000110111111011001010011011000110011010000010101101010111001100000001011011
10111001100011011010001110111011011011111010000111111111101110110110000001000101110010111101100110011011110101100110010110000101101101000100110011110000001001101000111011110010111010111110001101010111101101111111001011
10111101111001011111100111110011000011101000101101011000000000110011111100011111011000011000110110110001100100101100110110110000000111111111111111010111111011001011101000110110000000000111101000000101100100000011100001
10101100101100001101110011011011111010000011111101011111101111110110000111000001011111110011100110000111001101100101111111111010110010111011011100000011011011011000101011100100111101010011001010110101110001111110101011
10101101101111101000011010000001100011111000010101000000001100010010110011011111001110010110110111110001100000110100101011111111111000000010000111011111011010001011100000110001100101111111100011111100000101010110001001
10001101101011001101000000111111111010000011110001111101100101110111110111000001101011010110000101010111001111100001101010110000011010111110111100010000010011011001101111110111101100011111111001101101111100000011101101
11101101000011011111111110111001100011111011010100100001110100010011000010010100101011000011110101010001011010110111100000000111110011111010100110110111110110000011000000000011000101110011001100000000001111111110000101
10000101110110000010100000001100111011000001011110111011000001110111111000111111101011011111010101010111001010100000001010101111011111000010001110110001100000101001101111111011011111110110011001111101100110110100101111
10101101100110101000111111101101100011111011001100011111011011000011000011101010001000011110000000010101101010101111111111111001000010011110111010110111110111101111000110001111011011010110111100000100110000000001100011
11101101110111111101100000100000101001101001101110110101111011101111111011100000101011110011110111000100000000000011100011000011010110110110100000110001100000100110010000100101000011000110101001101101110110101011101001
10000000110011001101111110110111111101001011000110110101100010000010110000001011111011100111011100011101111101111000001110011111011110110010101111100100101111111100110110111101011111110110000011111111100110101000111111
11111101100110011000110100110101010101101001110000110100111011011010011011111111011000110101011001010101010111011110111010110110001100011010101010101111100001010101110110011100000011010011011000000000110011101010000001
10101100110110110011100001100001010101101011010110110101101011111011011011010101010011100101011101000001010011000011101000010111011110111010100010100001101111010000010111110001011110010110001111011011111001101010101101
10001101100000110110111101110111000101101001011110100101101010110000001000000100011000001100010111110111010111011111000011110100000110101010101110001111000010000111110000011011110011000000100011111000110011111010111111
11101000111110010110101001010101110101000011011000110100001010011111101011111101110011100111000011010010000001010100011110110101111100101010101011011001101110110000010110111000110110011111101000101101111000111110010111
10101101110011010110101100000101000101110110011110100111101000110000001001010100011000111101010110011010111100000001111000000000001110001010000001010011001010010110111111101011100110110000111111100100101110101111000001
10101101000110000110001101010001010000110011010100101100001011111111101011010001111011111000011111000000011111111111000011111011101000111000111100000111100000111111101101101001101100000111111100001110000110100011111101
10001101011111101111101111111011111110100110000110000111101001100000101000000100000000001111001101010101000000000000010111011111101110000010001101010001101110001101101100101011001101111110001001011010110110101000000111
11011000010110101110000110001010110000110111110011101101001011111110000011011110111101011010011000010101011111101110111110010110111010111111100111110100001111111000001110100000011101111000111011110011110100001111111111
10001111000110100100101111100000011110000101100110101001100000111000110111111011101111011011011101111111000000111110000000110010110000000100101110011110100011011011111010001011111000000011101010111000011110100111010101
11011101110010110110111100111110111011110101110100001100111011101110110011000001000111110001001101101010010111100011011111100110100111010001111010111111111111011001101010101000000011111001000000011011111011111100010001
11010101011010110010010110100110100001010101010111100001100000101000011111110111011101111101011000000011011110110111000000001110101101110111110000010101001010011011101010111010111000111111011111110000110011001001110111
10000000000000011010110110001100111101010101010110111101111101101110111001110000001100010101000011111111111010010101111110111010100101111101100111110100011010110000000000001110001010100011000001011011100110011011100001
11011101010110111010100011100110110000000000010110110001010100100110000011010111100111010100011000011010101000110000011111100010101101011001101110000110110000000101010101011110111111101111101111011001101110111010110101
11110111110110110010001110101100111111111111010110011101010001101100111110000100111100000110111101110010001011110111110001001110101000000011000000101100000101010111011101011011101101100011000000001100001010101010110111
10100010110100111011100110001110010101000101010100110000000111101101110010111101100111011100001111011010111000000011011011011100000010111110011101111001101111010001001111110001101101101110011111100001111000000000110001
10110110011110101010101100101011010101110000000001111101011100101101011010110000110110010101111010000000000011111000000001000001101011110011010111011011111011111101100010110111101100000000111111110100101011101011100101
10110011011010101010101110111011010100000111110111010111010101101100001010110111110011000000101010111101011000001101111111011111111111010111000011010010111010101111111110110101000101101110000000011110000001111000001101
10100110011010100000100110010011000110111101110011000000010001101001100000110011010110011010000000111111001101011000010111010011010110000110011111010110000000000011011100110000010001111111101011110011011111011110111111
10001111000000111110001111010111110111101001011001111111000100101011111111111000010000111111011010000011111111111101000001010110000011010011000000000000111111111110010001100110111100000000111001011011111100000110000011
11100001011110101011011010010011000101001100001101011011111110001010110011001101110111101000001110101001100010001111111101000110111111010110011011111111110011000011010111110010001101111111111100000010100001111111011001
11101111111100000000000011000111110101100001011000011001111011100010110111101000000000101111011111111100101110111010110111110010101101011110111111111111010110011110010101010111111000000010000111101000001111111101111011
10101010100111111011110110010000110100111111001110111101000011110110110001100011011111101110000000000110000000001010000010111010000100001100000110000000000010110010110001000001101111110110111110111111101110000000101001
10101000101110011110000011011111100101110100011100011000011110000010100111111001001101101011011110101111111111111010111110101000110001100001111110111111111010010110110100011101101001110000000000010111100000111010001111
10001011101011000111111000001010110101100111010101001111010011110110101110100011101000000001000011101000000001101010010110101011111011001100000010000000011110110110011111010111100011011101011101000000101111101111100111
11100001000011110100111110100010110000110000000111011011010110010100100000101110111011111111011001100011111101001010110010100011101111111001101000110111110110110011001100000010101110001111111111110101100000000101110001
11101111011110100001101111110110100111111011110011010001000011000001101111100010110000000011110011110111100111011010000110110110000001011100111111111101100110000110011001111110101010111010110111111100101101101100010101
10001011011100111101101011000110110001101111111010011100011110011100101011001110011011110110111110111110101110010000111100110100101111001111111101001000110010111110111100000010100000011000010101011111101111111001111111
11101011010110110001101001101100111100101100011011010111010111110101100001101011000000011110011000101010100011010110101110110001111011011011101000011011100110100000001001011110101111110011000000000011111011011101101011
11101011010110111101100011100101101110100111010000000011010010100000001100100000010101001011001101101000101111010111100110100101010000011000101011110010001100001010111011110100001010110111111111111110110010001100001001
10101000010110101000111010110100101000101101011110101000010110110101111111101111111111011011011000101011100110000001101100101111010111110011100000011011011101011111110010100101111010100000101111110000011010111101111011
10101111000100001110101010110101101110101100001011111111010110011101100111101010101111111010001011101001101111101111000110001011000010110110101011110001010101110011011000001101011010001111100000010111111000000000000001
10101101110111101100100000010101000100100111100011010100010011001000001100000000000101101000101000000011100011000000011100101011011110010100001110011100000000000110011101111100000000111100001101000011101011111111111011
10000101010101000110111111000001110110101101111001010111000111011011100001101101111100101011111011111110101111011111110101111010001000110001111100110101110101011110110101010101111111110101111111111010101000010000011111
10110001010101110100110101101111000000101100101101010101110000010001111111111000000110100000011000110110101110000001110100011000111010011011110110110000011111111000110101010100000000000000000001101110101011000101000001
11111100000101010001100000000001011110001110101101000000011110110111000000001101011100001111110011110010101011011111000001110011100011110011000110011011001010101101110000000001111111111111111111000100000001111111101111
11010001110000011101111101101111111000111000000001111101110100000010011011100111110001111111011001010110000000000101111011010111101110011000011100111011100000000000011101111111011111000000000001101101011111101011111001
10011111011011110001000111000110101110011111111101100000100110101010111111111111111100000001000011000010111110110001011011000000000011011011110110100000111011101111111000000000000000011111111111100001000110100001011011
10110110001001011101011110011100101111001011000001111110110110111110100110011101010101011111011111011110000011111011011010011011101001011011000110001011111110100010110010101110111111110011101101001011010000001011000001
10100111101011010000001100110110100011100011111101010110110110110100101111000101010101110101010110001100111111011111011010111110111111011001011110111110100110110110100110101011110011010110000100011001010101111111011111
10110000001000010101011110010110110110001000011000000010100000100001101000011101010101100000000000100001110101010110000000010110111101001100011000010010101100011110001111100011011010000000111101111101011111001100000101
10100101101011111111011011010010100111111111011111111000111110001100101011110001000000001111011101110111100001000111111011110110101000011001111101110110000110110011011011001110001010111111100101010111111001100101111101
10001101000001101100000001000110110011010100001010111101101110111111101001011011011011100001000111100011001100011100001001010000000011011101001101010010111100011010000001100000100000001110110100000011100011101100000001
11111001101101100111111100010100110110000111101000001001101010101010000011011001011111111111110110111111011101110111101101010110111111110000011100000110110001110000111111001011110101111010000001111001001110001101111011
11000011111000101100111110111110110011110101001111101101000000100000111110001011010110000000111100001101010111000011000000000111110000111101111001111110000111000110000111101000010111110000111111111111011111100000001111
10011111011110001001100000011000110110000001011000001001010110101110001111100001000010111111100001011101000011110111101010111101010111101000101100111010110011011111111100101111111111000111111000001110000010110111111101
11011000000000101011110110111110110110111101011111101011110110000011111010101101011110101101111011110101011001100010101111111100000000000010101101101000011110010001101101111110100101010000000010101010111110100000000001
10001111010101100001011110010100110111100001010110000010100111111111000000001111011010000000110001100000001111101110100011000101111111111111101101000011111011010100001000011010001101011011111111100000001110001011111111
11111101111111111101011010110110100001111100010110111010110011000101101111011010001010111110011011110111101101000110101111101101101111100101101101011111101000000111101011111010111100001111011101111010111010111111000111
10101001101100000000000000100000001111011111010110100010010111010101001101110010111010000111001000110010111101011100101011001001000000101101000000000110101011010001111000110010011001100100000000111011100000001100010001
10101101001111010111111110111101111110000110000011111011010101011101101000011000000010111101101011100110011000000110101010011011011111100001010111110010000011111111011011111000111011110001111111101011001010100001111101
10101001100111111100001110011000000010101100111111110001000000001101001011111110110110101101111001110010110011111100000000110000001110001111110000011000111000100000000000110010100000110100000000001001011010101100000101
10101101110101001111101010110010111111101001100110100100011011101101101010010100111110000000011011000110000111001101110101111011100011011101100111111110011011101111111111110111101111111111101011011100001110100111111111
10101001010101100000000000100111110011001100110100001111011110101001100000110110101100111111110011110100111101011000011111110000111000000101110101010111011000000000110110000011000010101000101111111111100011111110111011
10101101010000001111011110001101011001101001110111101010010110111101101101110000000110000000111001100101100000000011111100100101111111111100010000000001111111011010010011101110011000001011111101101011111111011010000001
10001001011101101000010011101000001101000011000100111011000000011001100111011011111110111111101100110000001010101010000110101111101111110110110111011100110001001111110110101100110010111000000000000010111010011000101111
11101101011111111111111001000011111000011011010101100000011111001101001100011011001100000000101001100111111111111110111110001010101000000000010001000110010111111101010110000001111110001011111101111110101010111011101001
11000000000110011010111101111001100011111001110100111111001011011001011111000001101001010111100011001100110101010100011000100000001011111101000111011111000011110101010110101100101110100000001111000100000000000011101011
10010111011111011000010000111100101111101101100001101100011001111101010110011100000011111110111011011101100001000001111011111111111000001111101111111011111001010100000000101110001011111011111011110101111110101000101001
11010100011010001111011110001101111000101000110111100111001100110000000011000111101110101010011000000000001101011111110000000010110010100000100000000001111100000001101010100010100001011110110001100101011011111101111101
11111111000011101101010011100001011110101110000010110100011001111010101111011111111000000000110011011111111111001110000101111000000111101111110110101111000101011011111010110111101100000000100111110000000001100111011001
10101011011110101000000110111101001100101111110110110111000011011011111101000000011011111111100111111010110111011010111100001010101101100000010111100000011111001001011111111101111111011110101101010110101100110111011011
10000000000000001111101110100001011110001011100110110010011111011001011001011111110000011101001100110000000000000000011111011110100000101011111101111111110001011100000011100000000001000110000000000011111110000001011011
11011011101111101100001100111100001011011010110100011011010101011011001101011011100111110000011101110110101111111101000001000011101010111011101100011100000111110110111000001011011011110011011111101001010110101100000001
11111111001001101111100110001101111000011000010110110010000101001001101101010000110010011111000101010011111011011111101011011000111011111000000110110101101100000110111010111111001110111110000000101100000011100110101111
10101001111100000010110010100001101101001111000010011011110101100011000000000111110110110101011101000110010000000010111111110010001000001011111110000000111110111110001010000001101110000011010110100111011111111111111101
10101101110111011000000111111100001111101011111010110010100000101111110111101101100110100000000000011111000110101000010101111111011101101000000000111010010110101011011011101111111000111001110010101100000100011101011001
10101101010111111101010011010101111000000010100010111000111110000001100000111000001110001010101111000011010111111101000000001101110111111101010110001111000000100001011011000000011011111111111111111111010101110101000011
10000100000101101101011001000000011111111010111000001010101110110100101111110011111010101011100001011110010000001101111110111000100111010111010111100001111010001011011001010111000000000000011101000001110000100000011111
11110111010000000001111100010101001100001010101101111110101010011110000010100111011010111110001011011011011111111100001111100010001101000111111100001100011010101111111111110001101111111111110000011111110110001011000001
10000001111011111101110111011101100111101000000000010100001010111011011110101101011000010111111011000000001011010111111001101111101101011101101111100111111010100101101101100111111111110110000111110110011111011001101011
11011011001110000001000000001101110001000011011011010111101010101001001110101000011101110011011111010101100000000001101100000000100000000000000011101111101111110000000001101110000000000010111100000000110001001011001001
11111011101110110101010110111111000100011001111111000010101000001011100000000011110000000110010101111101111011110111000001011111111101010101111000100000000000011111111111111011011111101000100001101110011011111111101011
10100000000000110101111100001011111101001111000000011000000011111011110101011011011010101100110000000111010000111110011011001100000111011101111110101101011111000011101010110000001111111010001111100011111010110101111001
10001101011110111111100001011000000001111111101101111110110111000001011111011000000011100101110111111111011110000000111001100001101100001100000010100111000001101000000000000110101000001110111010111111101000000100111111
10101001010000100000001011111111110101101000111100001111110101011111011011111011101000110000000001000100000010110111101100101100111111100101111111110001101011111101110111111110100011111110000000011100101011101101100001
10101111010110101110101010000000000101000010010001111011000000001010001000001011111110010101010100010001010111111111101111100110010101101100000011010111001111010111100000001011101011000010101101000110101010111000001111
11111000010110111000101111011011111111111111011111010000011101011000111011111110001111111111010101011101110000011000000010111111110100100111111000010111100101010000110101100000101010011111111111111100000000011011100001
11001111011111110010111000011010001011000000000010000101011111000010000000000100100001000001011111111100011011110011111000011101010101111111101111111101110000000111110100111011111000110000110110110101110101000000101111
10011010000110000110011010110011100001111111111000101101000011011011110111111101111011011111111010100101110000010111111111110101010100010000000100001000110110111111011110001000001101100111100010100100010111011111100101
11000000110011010111010011111111111101011010111010101101010111001000110001000000001000001010101010001100011011000000000000000000000001000111111101111011111111111000000110101011111111110110001110101101111111111101111101
10011010110111111100010110011110000000000000000010101101110110011101100100010101111010100000000000111101001001010101010101101101101011111110000000000000011000000011111100101011100000110110111010000000001001100000111001
11110010110110000001011111000011111101111011011011111100010100110100110111010100001110101111010110110111111101011101010100101111101110101100101101111011000011011110000110111110001110000110011010101101100011110111101011
10000110100011111101011101111011000001100010010011000001010101100001100001011101111110100011111100000010111111011111110110100011000000000001111111111111111111111010111111110110100011111110111000100111101111010111101001
10101111101010000001110000000000011100110111011010011011010101110100111011111000000010101000000110111000001001000000011110101111011101011111010010000001110110101000000110010110111110001010101011111110111110000000000011
10101100001111111101100111101011010001100100011010110011110100110101100000101110111111111101111100111110100011110110111011100001011111111000000110111111000010000011111111010000000110101000000000000000000000101111101001
10100111111000000001110100001110010111001111001010011000010110010100110110100110110100001100011111100011111110010111101000111111110001101011111110011100011110111110000110000110111111101011110110110101110111100000111111
10101101011111011011011110111000111110011000011011011010110010110111111100001100000001111111110101001000000010111101001011111010110111000001101011000110111110000010111110101111100011000000010011111100111101111111110111
10111000000000001110001011100011101011001110111001110010110111110001101110111110110111100001110101011111101110011000011010101010100000011100000000010110100000101000111100111101111010010111011001001111101000110110000001
10111111101011011000100001111111001010011000110011000111100000010111000000000110110000101111000000000110111000110011110000000000001011000101011010110000001111101110000001111000101000110001111100011011000010000011011011
11101110111011111110110100101101101000110010011010010000110111010011010110101111111010000000010101010000011110110110110111111111111111101111111111111111100000111111010100001101100011110111101111000000010110111000011111
10000000000010001011111110000000000010011011011111010110010011010111010110100000001110101111111111011011110000010100000000000011010111111100110000011111101101100001110101111000001000010000000011011111111110011011000001
11111111011010100001101111110101111110111111001100010110111011010100010011110110100011101111101011011000111110110101111110101000000011010110110111000000111111110111111101100011111111111111011011000000000011001011111111
10000011111111111101000101110111000000111110011110111111100001010101011011000010101001100000000011110010011010000000000011111010111000000110000001111101110001100000001111110110000110000011111110011111111110011000000111
11110110100101000000010000000110011010011000111110000011110101110111111111101111101100110110101000011011000000111101111111011010001111111110111111111111010111110110111010110000110000111110100011110110111110110010110001
10000010110101111111110101010111010010110010001100101110111101111100000000000001111101110010101010110011110110000100001000001010100110110000000000000110000000110111101010100111110110000110101110100000000011111010011111
10111000000000000000000101110100011010111110111001100000001100000101101011101011010101000111101010111000010011101101100011011010110000000101111111111110111111100001100000001111011111111110101010101110101001011111000001
10111101011010101101010101100110111011101000100011001011011101101111101110001000000111101111111111100011011000111111101111111111100110101100000000101010101010101111001110111100000000001010000000001011111100001101111101
11101111010010111111010101101110110011101010110111101011000101000110000011011011011111001010001110001001001101110110100100101101111111111111101110000000000000000001101111110101111110100000101010100001010101100000000101
10000000011010110000010101001100011010000010110010101011010101101100111011001011000001100000111011111011011000000000110001100000001011000000111111010110110111111100000011000000000111101011101111110111000101101101111101
11110101010011111101010101111001011011011010011110001001010100100110110010011001101111110110000010111001001101010110110111001110100000011111110001110010010111111111010110011101010000111000111101100000010100111100011111
11110101011011100001110111000011001110001111000010101011010101110110110110111011000000011100101000001111011001011110010011011111111101000000100111111111010000000011111110111111111010111111110000110110111110000110110001
10000111111110111100011111101111111111011100010111111011011100010110011100001001101011000110111010100011001101000011010110000001011001011010101101000001110111101000101100000000011111100000000101100011101010101100000101
11010100000000001001010000001101101010011001010000011001010001010011110001011101001011011110111110101110011101110111110010110100001011001010000000010100110001111110000001011111110111101011010100111111100011100110101111
10010101011011101011011110101100100011001101011011111011011101010110000101010111101110000010100110100011000100110110111000110110111110011011010111011101100100010111111111111010100010101111110111100110110111001111111001
11011111111110000001111000100110101000011001010000110011001101010110101101000011000011011110001111101111010110011110001101100111101111111111010001001100110101000000000000000000001000100101111100101110000001111101011011
10011010110111010101000010110100001110111101111010111110011001010110101101010111101110000110100011000101110111001000111100110100000000010101011011100111100101101011010101111110101010001101000110101000101111111000000001
10110000000000010101101010010101011000011000110010001100110011011110101101110011000010110010101001110101110001100010000101100001011111110001001001110010110111001001110100011110111110100000010000000011111100001110111111
11111111011111010101101111011101111111001101110110100101111011001100101000010111101010111011101100110000011111001011011111101011001011010111111100011000011111011100110101000010000110110111111111111111010101111100000001
10010101111100010101101001111111001000011000010110111111001111011110101010110101101010001010000101100101111011101001000000101001100000000110001111001011000001010110010101111011011111110000000000001100000000101001110111
11000000000001011101111100000111100011011010110110000001011000011010111110111101111111101010101111110101110001101111011111101011101111010000100001011011010101000110110100011001000100011101010110101001011111100011111111
10011010101011111100010110110000101011001011111100111100011101011000011000000000001101111010100000010100000111100001000001111011000001010111101011001110011101010010110101111011111101111111110010100011000000101111000001
11111010111111000001000110100110001111011000100110000111110111011010110011010101100000001110101111010110110010101011101100111111101011110001111111100111001111010110011100110000000000010000010110101111111110000000010101
10000011111110010101111110101100101000001101101111010000000110001110010110010100110101111000100101110011111000111000100110000001101000010100110101110001100111111111000101111011111101110111111111100110100011010111111111
10101011001000110100011100100110111110111100000110010101011100100110110011110101100100001010110000011000001010001101111110101100101010110110000000011100110001101101111101100000001111000000001011111110001001010000000111
11111011100010110101000111111100100110110001010010110101000110101100011011000100110111011010011011111010111010101000000010111111111110010110110101111110100100000100001100111011101010011011100000000000101011110111111101
11011001110111110111101100000001110000110101011011100101101111100101010011101101100001011110110000001110011011111101101111110011010111110110010111100011111101010001011110111000100000110000110101011011111000110001111001
10000011000110000001111111101011011010010111110001101101101010001111110110001101101011110000111011100010111001011000111101010110000001111111011110111001101101010101000011100010101011111010011111011000011011111011000011
11111001010110101011000001111111001011110010110100100101100011100011000110101111101001111110100001101111101100011011110101010000101100011001111000010011000111010111010110001011101111011111000001010010110001100000010111
10000011110100101111110100110101100000011000110101101101101001111011110011100000101100010110111011100000001101111000000000000110100101000011101101110111010001011111110011011000100000000001101111110111111111110101010111
11101011000110111000000110000000001101010011110100111001101100110000011011001101101101000110011000110111101000001110101011110111101111101000100000000000011011111000011111110010101010111100100001110001010110110101110011
10001011011110111111111111010111101101011000010110001111001101111011011111101100101101010011011010110001111111100011111000111100101000111110001111111111111110101011111111111011101110000111101100010100000000010100111001
11101010010000001100011101111100001001111010110110100001101100011111000110001101101101010110001010100101010000110111010010000001100011110111100000000000000000101000000011000000100110111111111111111101010110110111101101
11001111011110111111010101101001101011000011100110111111001101110000010010101100111101010011011110101100000111111100011011010100110110000000101101110101111111101011111111110101110010000000111000000101010011100010101101
10011111110000111000000101000011001001101000110110000001101100011101010110111110000101011011000110101101110100000001110010011101100010111011111000011111111110101000000001100101011010111111101011111111111000110110000111
11011010111011101110110000011111011101111010011111011111111001110001011100001100101101010011010111101100010001111100011011000100101000001001001101000111000000000010111111110100001110110101000000111110111101110000110001
10010000000011000000100110111000000100110010110000011000001100110111001110100110100101011011010011001110110100000101001110010101101011011100011001111101011101010111110110111110100010010000011010000100010100011011111111
11111010110110010111110111110011010110111011111011000011111110011111011000101100111111010001011001101000110111111111111110110111111011000101111100000000000111010000000000000110101111010101001111101101110110111110000011
10000011111111111111010011000110010010011001100010010111101011011000001010100110000001010101010011111110100000011010111011110001011111111111110101010101111111111010101010111110100001010111111110000000000011110111011001
11011110000010000001010110010011011011110011110110110010000011001011011110101100110111011101010110100100110111110000100000010111000010111011000101010100100000001111111010000011110101000000111011111101111111000000011011
11111110111011111100000110111111011000011000110110011000111111011110000110111110010011011001010100110001100000000111101101011100011000000010010101110110001111011111111111011111111111101111100001011111101110010111111001
10000011110000111111110010100000011010111101100011010010000110010000101110110000110111010011110101110101110101110111000111111001111110101110110100110010100001111010101101111010101001101000110111000000000000110001101111
11111011100110000000000110110101001010101100101001011010101110110101101000111011100101111001100000010101010100010000010010110011110111100000111101100110101100100000000000000000001011000010000000011111111111111100000001
11100000110110101011101111110111011110101101111011111110100010100100111011100001110000101101001101111101000101010111011000000111000011101010000100110010100110001011111111011101100001101110110110111110110011011111111111
10111110100110111011001000000110011000000100110000110110111110101101100001101011000110001101101101101111110101010011001101011101011110111111011111111111110011111111101101111111001111111111111111110000011000000011111101
10000000001100110001101111011111001101011111100111100010000011111101101011001001010110111111001100000110000101010110011101110000000000010101111010101111111011110100000101110001111101011000011101010111000010101110000001
11110110100111111011001000000011100101000000110000111000101000110001101111101011110110000110011001010011101111010011000100000111111111110100100010101010110000000001101100010111010100000011000100000111111110111100111111
10000111101110000011011110110110001101101011100101101101111011111101100110001011000110111111011101010111001011010111101110110001011111110101101110101010110110111111111001110101010101110111010101111100000011110101110001
11111101100010101001110110110111101111101000111101100000001000011100110011011001101110000001000111010001100001011110000011100100000000000000000000000000110110001100110011010001010101111101111101111101111111010000000111
10000000001011101111000000110011101011001011100111111101111111110001110110001101101000110111011100011011110111001100110111111111101010110111101111011101111111100001111011010111000000000000101000000000000110010111101101
11101011011001101000010110011010001000011000001110011100000000111111000111101100111101110001110001011000110001011110100000000001101110010000100001000100000011110100000000010000010111110101101011111111110011010111100001
10001001010011001111010100111111101101001010100011000001101111101111110000100101110000010111111101110010011011010111101010101011101111010101101111101110111110110101011101000111011101111111100001101000010110010000111111
10101011111001101000011110001100001101011110111011101101100000100000111101110101000110111110001101110110111110000011101110101000100001111111111011000111111100011101001101110011000000001110101111000010111111010111110001
10101110100011111101011000111111111001000111100000111001101110001101100000010111101100000010100001000100000010111010000110101101101100000000000001111101100001011111111000011001011011100100000000011111111000000000011011
10101000001000111001010010111000000011010000110111111100100010100101001011110110000101010111110101101101111110011010101111111000101101010111011100011100101111000001100011111101011000110001101101000101010010110101110001
10101011111101100011111110001101011011111011110011000001111111101111101000011100110111111100000101001000000111111010100101011101111111010110000111110001101011111100101000000111011011110100100101010001010111111111010111
10111010000001001010101000111001010000011000011011010100000101100011001011011001100000001111010101101010110000001011110000001100010001111111010011000100000000000110101101010001001000010111111111011101000101000000000111
10001111111101101110000010011101011101001011001111111101101101111111101011001101101011100001110101101010010111101110000111111001000111100110010110011111010101111110100101011111101010110000000001011000010001011111101101
10111101111101101111011011001101011101101011011000101001100000000011001111011001001001101011000101101110110001111111110000001101010000001111010000110001010100000011111111111110111111100110111111110011011011000001111001
10110000000001111000011010011001110000101010001110000011110111011011100001011011101100101001110101100110100100011000000110111101010101011010010110000111111111101111011111000000110000110011111110010110011000011111011011
10011010111011011011011011001111000101101011011000101000010111011110110111110011001001111011000111001100110101111111010110000101010101011011010110101110101000100001010101101110000101111000000010111111011011000011000001
10111111100011000011010001100001110100111110001101101011111101110110110000011010011100001011010001100101100101100111010010111101010111000001010110100000001011111111000000000011111111010010110110101011111001011000011111
10010101111011111011011011001011000101110110111100101000000000000000010101010011001111101110011011001100110100110000010110000101110001110111111100101101100001010101011011011000000000011011111110000000110011111110111101
10110000000010000011001111101111101111100000100001111011111101110101010111011001111000000011011001111001100110111101010110101100010100110111000001100100110111000000011011011110111111110000001010111101111001101000000001
10111111011011110110011000000111101010111111111011000000001100011111110001111100001101011011001100001011110011100001010110111101010110110001010101101110010000011010110011001110000000011010100000010111011101001111110101
11100000011011000111010011010011000000001111010011011011011001000110000101100001101101001001011110111110000110001011010011110111010010011011011100100110110101001010111001100011010111110011101110110000000100011100010111
11111111011001110011111010011011011010111000000111010001001101101111101111110101111101011011110000000110110011011001011000000011110110110001110001101111100111101110001011111011110010111001111100000101011111000001010001
10100000010011111001111110110010001110001101110101111011011101111100000000010100011001011000110101101111100110011101110011011000110010010111000101100000110001100110111110110000011000001100000110101111111011111011111111
10111111011011000011011000111011011110111001000001100011011000000110110111110111001101001010011101101000110011010000011001111110110111110001101101101011100111111100001100011011011011011001010010100000000010101110000001
10001000001010011011011011101011011000110011110101101001111110111100110000110011011111011011110001100010100111111011111100000010010000010111001001101000110010111111100001110001111111111101010111101111011000000110111111
11101111011111110000001111000010001110111001100101101100000010001101100111111011010100001000010101101011101110100000110001111111110110110111111011001110111110000011111111100100101110101111111101111111001010110000000001
10000000000110000110111100011010101100011011101111000110110110111100110101111111010001101010111101101011111010101011100100000000011110010001010001100010011110101110111010111111101000000010011000001001011111100111110111
11110111101100110110100001011010101001011011000111110100010010011001100000110001111011001011110000101000110000001000110101010101111011111011000101101010110000111100001000111010000010101010111011100011110000110000010001
11100011001110100011111011001110111011010010010000010110110110111100110110000111110001101001011101111010111101101011100101110100000000001001010101101110000110010001100010000000110111111000001000101000110111111010111111
10001011100110110110000011011110011011111011110110110100010100000110100100110000011011001100001100011010000101001011110100010101011011011011110101100110111111000111101011101010010001010010111011111010000001011110000001
10101110101100100011110111010000111000110001100110010110111110101100110101100101111001101101111110110010110111011010000101010111011011111001110100101100011101010000111000101011010100011010000010111110110100000010111111
10101000001111110111000110010110101010011011110110111111100000100110011101111100001111001100000010010111100110011011010111011110011000001111010101101001000001110111111101111110011110111110101000000110010101011110000101
10101011100000010110010110110100001110110011000110011011111101111111110000000111111101100110101111110110001111001010011100000010111101011101010100111011101100010000001100000011000010000011101110110011111111000111111101
10101110001110110100110110110101100110011011110110111000011000000011011010110000010101101100100001111100101101011011001101010110110001000000010101100000100101110101111101011110011110101011000110011000101011110000101101
10100111100010011110110010011111101100111110111110000010110011011111010010010101000000100110101100000111101000001010011101011100011011011101010100111011111100110100000111000011000110101011010011001111100000011111100001
11101100001011111010111011111100000110011000000000101011111011000110000110111101101111101100100101111110001110111111000101000110110011000101010111100000001101111110101100011001011110101011011001100000001111000000001101
11000111101111100000011110000001010010111110110101111110000001010011110110000111100001100110101100011011011100011000011101111100011010011111010001111101111101010000111111010011000010111111011101001110100001111011011001
10011110000000111011000111101101010111100000111100001100110101110110000011010011001101110011100110110001000110111011001100001110111011000111111111000000110111011101110001011001011110000001110001100010111100011011001011
10111000110111110011101100001001110011111010011101100111111100010011101001010110011000010111001100110111010100001111011111011000001011011101100011111110000000000100000111111011111111111100111101101010000111001111111111
11101110110000011110000110101011111000110010110000110110001101010110111011110111011101111101011110000001111111101100000111111110111010001101001010000000111101101110111110101110100000000101100001101111010011111110000101
10000000011011001100101111111000011011100110011011100011100001110100000000110100000111111100011000110101101010001001010000011000001110100000011010101010001111111100000000000110101111111111111101101101111000100000110001
11110101010001100110100110000010110011101100110000110110101100111101011010010110101111010111001010011100000010101101011101001101011000110101111110101110100000110001110101010010001010110110000111100000110010001011111011
10000101011011110011101111011011111000101110011010110110000110000101010011111110100000000110011111001110111011101101000111011001111110010100001100100011101010111100010111011000100000000000110011001010011110111000001111
11110101110000011000101101110001111101100110110010111111101100101101111000000011101011110110111000011010110010001101101111001100000110110101111111111111001011100110110110001110101101101010010111101111000111111010100001
10000111000111111010101000000100110000101111111010011000000101100101101011111110001000010010001111000011111010101101100001111001110110110100000000000001101001001111100011011110111000111111111101100001101100001111110101
11010011110000110010101010110110111101100110000010111111110111110111000001010011011101010111011011011000101110111000110100001101111111111101010110101011001100011000111011011000001101110101011000110101000001111101011111
10011001100101111010101010100100100000101111010110100000000011000001111100010110001101110011000001010011100010100010110110111100000000101101010010101001101101000011111111110011011000000000000010111111110100100000011011
11011100110100110011111010110101110111100110011110110101101111110111000001000010100100110111101011011000001011111011100110011001101010000101110111101011000101101111000000110111001010110101011111101010111111101111110001
10010001100110011111000011100111100000110010111010011101000110100110011011110111101110010011001001010010101110000000110011011011001111011100110101111010011100100010011010100101011111111111000001000010100110000000000111
11011011001111000001111001101110001110010111100000111111101100001100111000010000100011111111101101011010100110110101100111001011011101000110110000001010110001101000111010110001001101011001101011011110101110111110110001
10010011011010011011000011111000101100110100110101100111000111100110110011110101110111101101000101001110110100100111001100011010000001010010011101111110011011001011101111100101100000001011101000000000000010000010100101
11111011111011001011111001100010101001111101111100110000010001101100011000110101000000000001101101100010111101110110011001001011011011111010111100001110110011111011100100110100110101100010111110101101101000101111111101
11100001100000011010000011110110111101011000101001100110111011111101011011111111110101010100100111101110001111000100111101101010001000110010110001100010011000110000101101111101100101101000010111100111111101111111011111
10001011111110111110101010011110100000011010000011110100011001011001010000000010010101111110101111000010100001110110111101101010111010111111111011110110111101111010000000100111110101101101000000110000011000000010000001
10101000110000000111101010110000101010110011010110111110111101000011110101101000110100001011111000010110110111000010011001101010011010100011100001011100100000110010101110001110111101101101111111100101001110111010111111
10111111111101011100001010011110111010011011010110000000000111011000110100101101100101100000011110110010100111111110111111101010110011101110110100001101101101100110100010100000000101101100010111110111100110011000000001
10100000000001011110101011000000110010111110011111011010101100011101111101100111110111101111001100010111101100100000000011001110011000000000110101100101101001110011101011101010101101100101000000011111001111001011111101
10101110101011000011101001101101100110010111000110010010111001001101101000110000110000111111111111010011000110001110101001111100110010101101100100111101001100111011001001101010111111110101101111111101111101101001110111
11101100111011010110001011001001110011110000010100111010011011100101100010010110011111110000000001011111101110111000111100000110011110101101110110000111111110011001101111101010001010100101100000000001111000111100000011
10001110100011010011011111111100011000110101011110001110110011110111001010110011011011010111010101001110000011111110011001101100110011101000010011010010001100110011000000101010100000111111101010111111001110111110101001
11011000111011011011000011000001111101100111000110111000011001100001101110110110000001010111011101011011110110001110110011000110000110001101110111011000100110110111101111111011111011100000001010000000011000001011111111
11111110110011011001110111110100011001111111010100110010110011110101000110110011011100000001111101000001100111100000010110010100101111101100011110001101111100100110001000111000110010111111011010101011000010100000000001
10100000011001110011000110000110111100011000011110100110110110110111101110110110000110101100000101101101101101101110111110110110100001100110111100101100110001110111100010001010011000000111001011101111101011110111101011
10001010111100011001010110110100000101010011001100110100110110000001101100010100101100100101010101000101101000000110000010110110101011001100000101100110100101100011001010101011011010101100011000100000101000110000101001
11111111111111111111111111111111111111111111111111111111111111111111111111111111111111111111111111111111111111111111111111111111111111111111111111111111111111111111111111111111111111111111111111111111111111111111111111
