1111111111111111111111111111111111111111111111111111111111111111111111111111111111111111111111111111111111111111111111111111111111111111111111111111111111111111111111111111111111111111111111111111111111111111111111111111
1011001001100110101101101010101010001001011110011010000110110111101101011001101001010100011000110100100110011010101000010100001001011011011001100101011000000000111101100101101000000011000101100100000100010100110100001101
1011101011110000000001000010100010111011001100110000111100110011000101001100101011000111001011100110101111011010101011110101111011011001001101001101010011110110011000110001001011011111011100110101110001110101100001111001
1000000001011110111101111000111010100011100110111110010110110111110100011101100000011101011010110110000110011010100000010100011011001100011101011100011000010110111011111101011001110110000001100000010100000000110111101101
1101101011011111111100111101101010101110101100011000110110010010100001110100001111111000011010110011110111011000101111110101110011100110110000000111000010110011100000101000000011100010111101001011111111111111110000101101
1000111011010011100001100001100010101010101101111110110011011010111011100001101001101101111000010110010011001110000000110001011001110010011101111101101110011111110111101011101000001000111111011111011100011011010111100001
1111111000000110111101110100111010100010101100101010111001010010100000110111111011001100101101110011000111101000101101100111010011010110110101011001000011011110110001101011111111101010000010000000000110110011000010110111
1010101101101100010000111110101010001110101101101000101011011010111011100101011001100110101000010111110101000011100111110101010110000010110001010011011111110010100111000000010001111011111110111111111100110110011110110001
1000000101000111011110011010001010111100001000101011101011011010101010110000011100110010100011010001100001111011111110110000010110110110100111010111010010100110110101101111110111011110011000010101111001110011001010000111
1111110111101101011010111010100000010110111011101010101011001010000000100111110101110110101111110111110111001000111000111110110010010110101100000000000110101100100101101111010010001111001101110100001100010110011010111101
1001110110001101000010101011111011010100001001101010001011101011110101101101010100000110101110110100110011101011100010100000010110111110000110111110101110000001101101000000000110111011011101010101111111000011011010000101
1011000000100001111000000001101111010101111011000000111010100010011101101100010001101110100010110101110110100011111011111110110000011010110000001110101100101111000000011111010000001011000100000000001100011111001010111101
1011111101111011001111111011001100000000000001011110110010111010110000000001110111111000110110000001010110110110111001001100000111110000010101100010100111100011101111000001111110111011010001111110111111000101100000000001
1001101111000001101100000001100111101011010111110100000110101010111101111011010000111110110011011101000110100110100011011001010000110111111111110111110101001110101011111111001111111000010100000010001010010000101111111111
1011000111111011001111011101001101101111111101100001110110100000010000001110000111101000110110011111110000001110001110011101111111100100001010111101111101101010000000110101100001000010111111111111011010111010000100001111
1011101101100001101001110000011100000100011000111100110100111111011110111111110000101110110011010110111111100100111100110100101010110001011010000100101000001010111010000000101111011111101111000001111000101111111101111001
1010001100001101100011000101000111101101111011110110011110100111001100011011010111101010110110000010101100110001110110100001101010010111010000111101101011100000011111010111100000011111100101011111101110000011000000001101
1000111111111000001111111111101101101100110001100011001010101100011001110000010101101000000110110110000110110111010110111100000000110111111011100100101010001111110101111110101111110010110100010100101010111110011111111001
1011101011011111101100101010100101100101111100001111101000101111001100011011110000101111011100010111110010110001010100110001011011100001100000110001101111100000000000001010100001000110110001110001101010110011000011010011
1001101011010100100110000000101100110000001110111100101010100100011001110001100111100000011110111101011010110111010110110111110001101111101111100111000110110111110111111010001011011110111101010111001000011010011001000111
1011000011010110101111111110100001110111111010010110001011110111010011011100001110111110110110011001010010100001010100010000010101101000000110110101011100000000110000011000111110001010101001010101100011111010111100011111
1001111010000000000011011000001111100010101000110111101001100110011001000001111100110100110010111101011010101111000111000111111111100011110110010000000111110111111111011011110100111010101101010000111001110000111111011011
1101011011011011110110001011100110110110101110000011001100110011011101011111110110110110011010101100010000000101101100011111011010001110011110110111101100000000001111110011100101110000101101000111110011011010011011111001
1101001011111010000010101110101110000100000110111111101110110110000101000111010110010011011010000111011110111101101111000101000011011111001100100000101111101111100000011010110000011010101000011101010110010010110010101011
1001101001101111111011101100000011110001101110011000000100010011010001011101010011000110011010111110011010101100101011101101011110011010011110101111111001101101110111110000110111111011101011011000000011010111111010000001
1011001011100101111001000111101110010111111000111110110110110111111101000000000111101111001000001100111010000110100010101101000111000000110110100000001100001000010001111101100101101001000011001011111110000000110000110101
1011011000110001001101110110000111000101001110010111100010110010011101011111111101000110011011111001100011101100101110000000011101011111100110101110100110100010110111010000110101100011011001100000111000110111110111111101
1000001101111101011001100111101101110000011100110000111000011010110100001010101100011111011010000011111010000110001010110101111000000101101110001111110111101110010100011101110100101111011111001111101101111101100000000111
1011011100011000001100110011000101100111111001110111101101011010100101111000101001110110011000101010000011101111011010111111101101111100000000111011011101000011111101110000010101100110000101111100001101011000001011111111
1001110101111111101101111011101101001111010011010011000101011000110001101010100011110110111011111110110111000101000010011111001000000001111111111001001001101111011001010110110101101110110000010110111100000011111111010101
1100110100110100000101111010101101101101000111011011110001110011111101101011111011010110010000010111110001101100011110110101101011111111011100000011011011000001011101000011100100100000011111110110101001101000010101010001
1101100110010111110100110010100101100101011101011010111100100111000000101001101010000011010111000011100100101101110000010101100000011011000110111001011001101111001101011111101101101111001000000010101011111101110101010111
1000110110110110000001111000101100101100011001011000011110101101111110100011001011011110010111111110111110001101011101110100001101110000011100001111011011000110011101011110000001100001100010101000100000010111010000000011
1011100010110111011100101110100110001101011101011011110010101101001110101111101000001010110001101010111011100101001101010101111111000101110101100111001001110011000101000000111111001111101010111010001101000000000101011001
1000111010010101110101100000101111100101110101010011011000001000011000000101101010111000010111100010100000110101100101000000100001101111100000111101011011000111101101011111100101101100111110110011111111101111110111111101
1101100011010000100100111110101010110100110101011011011110100010111110110101100011111011110100001110111010000100110000011111101111101010110110011100000001110011001000001011101100000001110111111000000001100000010010110111
1000110111000110101101100010001010010001100101010001001011101111101010010100111001100001010101111110111111110110110101111000101010000010100011010110111111010110011011111010101101110111100000011010101011110111110110110011
1101100001010110101100111011100011011100110000010100011011000001101010111101101100001101010100101010001101000000100101001101100000110110101111110010000110000011010001101010000000010000001110111010101010111110011100011001
1000110111110100001101100011110110001101110111111110110011011111100010011000101001111111010101101011101101111110001111100100101111111110000000110110111111101110000100000000101010111111111011101111101000001010110001011011
1101100001111111101000111010110011101000010001101010010110010010111011001101101011110111000000001010101000110010111010110101101011111010111111110010100101100110111110110101111011101101011011000011111101111000011111010001
1001111011001010101110101000010110001101110111000011000111011000101010011001000010000001101111111000101101111000010010110101000000110010011001100110101101101100000010110101011000000000001011011110010101110011111010000101
1011000001101010101100001111000011101101100001111011110101010011100011001100011110111111000110101110001101101101110110110000011011111000111101101100000101101001101111100100011111010101100000000010110111011001110000111111
1011111011000010100110111000011110001100001111000000110000010110110111101101111010101010011100000011011101000101100110100101001110101101100100000110111101101011100000111101000001011111110110101010110110010011011110111011
1000101011111010110000011111010011100101111001111110011101000110000101101101100000000010110110111110010101110100110110101111100110101100110111011100001101000000110110001101101011111010010111111110110011010111001100000001
1101100010100000111111001010010110110100011011011011010111101100110101001101101111111110000110110100110101010001110100001011110010100110010101000110111100010101111111101000111111100000111101010110011011010110011101111111
1001111000111101101100011000110000010101111011010000000110101101111101101100001101100110111100000110010101000111010101100001011110110011000001011110110101111111111011111110010011001101101000000111010000000011001000010101
1100111110011101101111001110111110110001101001011011011110001000011000000001100000001100010110111111010101101110000001111100011100110111011111001010100000001010110000010111110111100111001011110011011011010111100011110101
1101100011000000100111100100101000110111001101001010010011101011111111011111101010111111010100101010000001001011110111011111110110110110000101101010110111111000110111110011000000110001101010111111010001111100001001010101
1000110111111101101100110110101110110001011001011111010110000000010110000000101110000110000110001011111101101001100010000011010110000000111101000000000000111011110011011001011111100111001000001010000100000111011111000001
1101100010110101101110010110001000010111011100000101000010111011110000111111111111111111011100111011001001100011111000101110000000111110000101110111101011101000010111001101001110110101101011111010111111111110010101011111
1000110110000000101011000011100011010101001001010101110111101000111110111010111011011010000001111011101100111010110010100111101110000011101100000011111111101011110101100000011010100001100001101010010110110011000000001001
1110100110111101101001111011001110010001100011111100110101001011101100001010101011011011011111101001101001101010100111110011001111111111111101111110110100000000000001101111111010110111110111001010110000110110011111111011
1010001111101100001011010001111110110111110110111110100101101011001001011000001011011011011010101011000011001000110101011111100001111000110101011010100101111111111111000011101010110101100000011010110111100111000000000001
1011011111001111100011000111010000010011010000010100110101100001100011110011111010011010001010101010011111101011100001011110101111001101110001011000001100000000000101101110101010110000110111111010110100110011011111110111
1011000110011011111001110110011111010111010111110110000000111011111010110111101010110000111000101000111011001010101111010010001101101101010111000010111101111111111101101010101010100111100011101000000001100110000000010001
1010011100110010000011100011010101010110000011010111110111101001101000000010100000110111110011101110100001101010000101010110100100101001010000011010000000000000110101000000001010101110001110001010101111110100111010111011
1010110101111011011000110110010001010011011110000001110110001011101101111110110110110111000110101010101111000000110001010000111101101101000101111111011010110101110101011111111010101010111010111110111101100101111111111011
1000110101011001111011100111011101000110001011111101000011101010101000110110000011110101110110100000100101111011111111010110011001101100011101000101111110011111010000001100101000000000000000010100011000110000000101010001
1101100100011011000000001100001001011110100010101001101110001010101011100111111001100001100000101110101100011011101110000011001100101110111111011100010111111010011011111001101011111111111111110101111011111011110100011101
1001001101110001111110100101101100011011101110100011000011101010100000110001101101101111101010111110100110110000100000110111111001100110000010000001110100101010111001001101101011110111011110110000101000110000011101111111
1100011001011011000111101111101111010011000110101010011110101010110111100111101000000010101111111010101100110110001011100110111100101110110110111111010001101000101011011101101000000000000000010111101011100111111101110001
1111001101011011110011000111000110000111011110101111001010101010110010110011001110111110100101100000101110110010111000111110000110100000111110101111010111101011100000010100000011111011111011110110001001101100000100011011
1010011100011001011001101101110111110110001100001101011000101000000110011001100110101100110100111110100110110111111111111010111100001101100000000000000000100000101110110101011111001010001110110100111011000001111101111001
1011010101111101011011001101100011000110111110111000000011101110110000110011110100000101110101100110001100110011000110101000010110111111111110111111111010101101100010100001011110011110111000000001110011011100110101110011
1000010101100001011011101000110111110110101100001111101000001111100111111010110110111101100000110011011110011000011100101101110010101111111000100010011111101111101111110111110011010100001110111111010110001110010001010111
1110110101111100010001000011100011000110101110111001111111100011001111010010010110011101001010110110001100110011001101101101011010100101101101101110110101000010101011010101100110000101111000110011010000100011110111010101
1010100000110001011101101001111011110110101010001100110110101111100100011000110110110000011111100011101110011011101000000100011000001100101000000100100000011110101011000000110010111100011011111001010111111111100101010001
1000110111110111011001111100111010100000001010111101100110100011001101111101100000011011111101001110000010110010111111010001111011111101101101111101101101001100101001011110000110010101110000110011000001011000001100010111
1110110101011110000011011001100000111111100010011001110000001110011001011000111011110011101001100111111010011010011010011011010000000000101000000001000111100110001101000010111111010101010111100111011111010011111001110101
1000000101011100111010001101111011100000110110111100111110111011011011001011101011011010001011110010100000110010110000111111000111011111101011101011011111110111011001011111110101010101010101001101000000000111101100000001
1010101101000111100000111000001010111110100010110101101100111011011001101010101000001010111001100110111011100110100111101100010001000011100001111110001001010100000011011101010101010000000000011001101101010100101101110101
1011100100011100001010001111101010101110001010110000101110101001001100101010001010111000001011110110101010110010101100000001111011111110101111010110111011011111011111000000010101010111101011000011001111111101101101111101
1111110001000111111111011000101010001010111110011110101000101101101101100000111010011110111010110110101010110110100101111101011110100000000100000000000000001010001101011111110000000000101111111111101010011101000000000111
1110110111111101110101001110101011011000110100110000101110001101000000110111101011001100000000000010101010110010101100010111001110101111111101111010110111111000100001000111010111101111111110110010101010110101011111110111
1000100110110101000001100010100010011101100110111101101010100101101111100000101011111111011111101110001010110110000001010011011000100011100000001111111100101110111111011101010101111111011010000110100000110000000000111101
1110110100110001111100111000111010110100110110011000101011110101100000101111100000110110000000100011101000110010111111010110001110101110001111111000011101101100010101010101010000000000011000101100001010010111110111101001
1100000101111011000001111110000010110101110110111110101011000000001010100000111011110000101011101111000011110110010111110000101010100000111110101111000000101001000000000000000101111111111101111001011111110000011111001011
1001010000110001101100100111111010110101100110101110000001111101111111101110101011010111111110111001101110000110110101100101111010101110011000000110011111100011110110101111010100000000101101011011110100000111111001100001
1111111011111011000110101101100000110100101110100011111101110001101101100011100011010011010110010011001111110110000101110111010010100011001011110011000110001110111111100001010101111110100000000000110001010001101011110111
1010100000101001111100101001111110110110101100001111000000011011100101001111001001010110000111000111101001100000111101010010011010101111100000010111101111101110001000110111111100101111101111101111111101111111001001010101
1010001101100011110110101100111010100110101001011101011101110011001101011010011111000010111101110001101011001111110000000110110010100010111011111101100101001011011011100010101111100011000111111000101100101011011011010101
1010111100001110000000001110101010101110101101000101111000000111011000011000110111011110001101110111000011011011011011011110011010001110001111001000101101100001010000110110000001101111101100011011101101101011001011010101
1011110110111111111111100000001010001010101111101101100010110100001101111011100000000010111100010001101110000001011011111010111010111100111100011011101100101111010111111100111111000110100001110011101000000011011001010101
1011000010000010011101111111101011100000000011001101111111110101111100001001111011011110010111010111000011011111011000000000001010000110010111001010100110100000000001011101110110011110101111010110001110111111001101010001
1011111000111110110101010000000001111011010111100100111101100000011001111011001011000000110010010011101010010000001011111111111010111110110011100010101110101111111100010101010111001010101000000110111010001101011000010111
1010101110000110100000011111111011010001011110001101100100111101111100011011100011011111111011010110101111010110111010101101100000000010100110111010100100000000000111010001000101100000000010111110010000111001001011110101
1000000100111110110111000101010010000111011011011000110110100100101001110000001001111010110010000110100110010111110000001100101110101110110000000000001101101111110011111101011101101110101011110000110111101101011010000001
1111110110110000111100010000011011101101111000011110110110110101100011000111011011100000011011101110110111000101011011101101100011111000000101110110100000100010111110101100000100000011101110000111100101101101011000110111
1010100000110111101111011111000010100000101111010100010110110000001001101101111110101101111001100100110101101100000000101100001111011011111100110011101010101000001100101101111101111000100011010001110000101101011011111101
1000001110100110000001111100011000001111101011010110110010111011111111100101101100000101001100110101100000101101111011111001011000000000001111111000111011111110100110001000011100001010101111111100110111101101000010101001
1011111100101111011111110001011101100011100011010010110110011010101100101100000001111111101110100000111110000000011110110011111101110110100001101111111111010111111100111011110101111111101100110001110011100101011110100011
1110110110000111000011000101110111101110111010011010100011011010000110100001110111110110000010001110011000101010110100010110101000111111111111100111101101000000110110001010110000110001111110011101011000110001010000001111
1100000000110010011111110111000010000010101011011000110110011010111100101111111100010011101000101111111101111010000001000000101010000000110011001100000101101101100110111010000110010111011011010101011011100100000110100001
1001011101100110111000111111111011011110000011011110110011010010000110100000000111000110111101111011011000001110101101010111101011111101100110011001101101101111110100011010111111000011011010000101011000101111110010101011
1011110001110010101010101101000000000111111010001100110111000110111100101111111111011110011000011010011101111111111111111101100001110111110010110011111101001010110101011010000001111110000011110101011011101010111111101111
1011000111011000001011101001101011011101110011011001100001110010110110100000010101011010110011111000110000000001011010101000001111010010110110100111111000011000000001000000110101101000111110010100000000100000101111100001
1011110100011101101001101101101110000100011000010011001011110110000100001111110101011000111000100011111101111011010000000010100000000110100100001111101011110011110111101011111101101011110011010101110111101111100010111111
1110111111010001111100101100111111110001110011011011011111010000111101111101100100011110101101101111110101101111010110110110101110101100101101111011000000011000110111111000101111101001011011000100010100000000001110011101
1110101011011100110110100110011011010100011110000011000110000111100100010100110101110110001101000010100100000101010111111111100111111110000100000001101111001011111101011010100111001011010011011101111101111111100011000101
1010101011010101100010101100110010000111111100110110010011010110110101110001110000010111101101011110001101111101010011001101111101011011010001011111000001111000101000001110110101101000011010000100011000000111111000011101
1000000000000001111010101110111011101111010111110110111111010010100000000100000111010011000001001111100100110101000111011100001100010010011011000101011111001011101011111111100001101011111010111101110010110000011111111001
1111111111110100110000001010100010001101010111000000101101110110001011010101010011110111111011011010101101100000010001000110111001010110111111111101000101100010000000000011001111101001101000000000010111111111110101101011
1000101011111110011011101010111000100001010001011110101100100100101011011111111110110011001000011000000001101111111111011110010011110000000000000100011101001110111111011111100010101011101011111111110000100000110101000001
1110101010011011011111000010011111111101000111111100100110001101111111111010101100111001101101110011011111000000011010000011010110100111111111111101111001011010110101111101001110000011000001110110110111101111100101011111
1010101011010000001101111011010111101101101110100110001111100000010110110000100101101101100000110111111001110111110011011111010010110000011110010100001101011010000000110100011000101110010101010110010101100001101100001111
1010101011011111011001000000000100000000101010110011101010101111110010000111101101100000111101100110101011000010100110000101000110100111110011010101111101000000101011100101110011111000111111010111000000001111100101111001
1000100010010000001100011011010001010110101010100110001000100111011010111101101100111101110101110010000001011110001110111101011110101111010110000000001000011011111110110101111001011110011011010011011111111010101100110011
1110111011011110111001001111111111111110101010110111100011101101011000000001000110001101100000110110110111010111011100001000000000000101000011110111111011011000111110010101011011001110110011000111010110011000101101100111
1010000001011010001111111101001010101000000010110000001110000000000011111111011110111000110111100000010000000101010110100011111110110000011111000010111011111111101011010101001010011010010111011110000011011110000101101101
1010110100010011011010101001101010101111011000011111101010111111110111101011011000001101100110111011111111111101000000101000100111111111001001101110100000000100000011010101011010110010110010001100111000001010111100000101
1011111111011000011000101101000010101101010011001011001000000101011100100000001110100000110010001011011011100101011111111101101101000111111011001010101111111101110111010000001000011010110110111101111101100000000001010001
1001011100000011011101101101101000000101110111101001100011110000000110101111111011110111111010111000000000110100000011010111100001011100110011011010101011010101011110000110111011110000000010100000001100110101010101111111
1101010111011110000000101000101111110000111101001101101111100110111100100010010001100110110000000010111011110101111110000010110111010110011011010000001000010101001010111111100000000101011000001010101101110101011111100001
1001010101111111110110101011111011000110011001100100101100111111101110001110110101110110100111110110001011010000000011010110110101010110110000000101111011110101011000110101001010110111111101011111111111100111011010001111
1101010001100011000100000001010001111111011101110110100001101011000110111100110111000010101100011111011010000101111000010000110000000000000111101100011011100000001011100101011111111111111111111101010110111110000000100001
1101011100111001110111111011010101011010001100100100101100101011101110010110110001111000100001001011111111101111101111111111100101110111111110111111110010001101100000110000000001000101011010101000000000100010101101111111
1000011101101011011110011001011100000011101110110101101111101001100000110110011011001110001111100000101100001010000000100010001111111111001000011010011010111111110110100110111111011100000000000010110111101111101100000001
1111000001001010001011010011011001111000000010100100100000101100110111100010110011011000111110111110100110100010111111101110111010000100011011001010111000000000011111101100000111000001110110111111100010000000101101011111
1011111101100011100000011011001111011111101000110110001011101110110011101110110110001110000000000111110010110110100000000110000000111101110001011000000010111111111101101110110000011100011110000001111000101010100101000001
1010111000001111111111011011101110001000001010000000111110100110110110100010010110111000111011011101100111100000001111110010111111111001110111111101111110010101000101000111100101000101000011010100111011111011110101011111
1010000011100110110000000001101011101111111111111010010100101100010110101110110000001010001111110000001111001011111000111110000000101101010010101000000111000001011101011101111111101111110111111101100000011111011101000001
1011110111110110011111101111001010101010110100001111000101101111010110000010011101111110111101111101111010011000011110000000101111101101000110100011011101111100001101000000011010100110111100101101111011000110000111011011
1011011100010100110110000001101010101010100111100110011100000101010000111000110100010100100000011000011010111101001010111101111010101100011110101111000000001110100000010101110000110110000001100100111001110000111100001111
1011000111010110100111111011000000001010110101110111010101111100010111101111100101110110101111111011110010010101100000010111010000101101111010000001011010111010101101010111111011111100111100001111101100010110000101100101
1001101100000000110011110011011011011010110000000010000000010111000001100100110100110100000010101011010110110111101111000011010111100000101010101111110010000011111111111111010000101101101111011010101111110110101111101101
1101100111011010000110011011111110011010011111011010111111110101011111101101110101110101111110101011010000000011000001011110000011001111101000100010111011101110011010001101000110000000000001111000000000110011111011000001
1000110110011111110011000000110111010010111011010000000001110001000110101000100101010000111110001010000110111111111111110110111111100011001101111110001001111011001010111101101110101101101111101011111010011011100001011111
1110000111010100000110011011100011011000110001111101101111000111011100101011101101011010100011100000101111111100110101100000000101101111100000010110111111010001011000111001100010101101100011000000111111111110110111001111
1110110001110001010011110001111001011110011011110101111111101111001110000001101101000011101111101111111001000110110101101111111101101011001111000010010101000100001011101100001111111111111000011010000011010100110001100001
1011100111111111111000111011001100000100110011010001011001001101100011011111001100011001000110100000001100011110110100000000000101001001100001111000110101011110100001101110111110001011111110111110111111000001100100110101
1001110011010000101110000011011111110110111010011100001100011000101110000001100001111011011100101111111001000100110101111110101100011011101111111111100101001011111111001010000011011001101111110010001001010100001101111101
1011010110010110000111011010001100000100011011011001100111001110000110111111110100101111001001100011100011110001100000001011111111011010100000000011101101011011011011101010111000001100000000010110111011011110101111100111
1011010010111100110001110000111111110111011011010011111101100110111100000111000110100101011011101110111000011111101111101011010101010000001111111110100000000001010000101010011111111101110101000010101010001010100110101111
1011011010001111111101111010011001000001011000011000011001101100010110111101101111110101010000000000001011111110101101111010000100000110100001110110101111010100000111100000110011010101111101111111100000111011110010100101
1010011000111001101001001111001101111101011011011011110011100110110110000101000011000000000101111111111000000000000000011010111101111111101100000010000001110110110000001010010110000000001111111101001010000000011000001102
1011001101101101001101100001011001011101011111010011011011001110110110111100011111110110101111110000000010110111011101111000000101101011111001111000101111111111111111101111000000111101100000000000011111011111111111100001
1010011000001101101001101100011101010101010101010111010011100010000010110111010110100011111010010101111111111101111100001101111100100010111100001010100000000101101111001101010110000101111010101011110011000000110100101011
1011001011101000100011111111001100010100000000000001010110110110111110100011010010101111011011000111011000001000110111101001110101101110001110101010101010111100000001100001011111011111001111111000000111101110010101111111
1001011111101110111011010101011111010111111111101111000110000100101010001111011010000010000000010010000011111011100011111101010000000000100111111010111111110001101111111101001011111011011101111111111101111111110101010101
1100001100001010010011000000001100010101101101000001110011110101100000111000000000111110101010111110101000011010110110110000010111010110111100111110000000000111100010000101100000000001010000101110110100000001110100000001
1111100111011011011001101111101111000101001001010111010111100101101111101011110110000010111111111100101010111000000000000111000001011100001101100010111111110000111110101100111011101100010111101000000001111111000001101101
1011101100011001010011111101000101110101101101011110010100110100001000101001110110111000010101010001111111110011101010110001110111111111111100001010000000010111111100111110100000111001000000001101111100001101011111111111
1000000111011100011010011001110001100101000000001011000001100001100010001011011111101111110000000100000101000111101011100101100000000000000001111010111101111111100001110111110111111101111111011100011111111000000000011011
1111110100000111000010110011111101110101111110100001111101110111111111111000000011000110110111111111101101101100111000110100110111111111010100111110000100000000001100000001010000001100011111111001110001101101111111000001
1011010111110011111010011000000000110001110111101111011000100011011011011011111111011100000000100001111100100001111101111111110011010001011110000010101110111011111001111111011101011001000000101100000111100000000001111101
1000000010111001011010111111111110000101010101000101011110101111010000011001000110001101111010001111010110001011001100001011100110000101011011111110100010001111111100000011000101011101101111100001111110101111111011110111
1111011010001100011010011000000000110100010100011100010100000110000101110011011111011000011111111011010000101110011101100000101111011111000000000010110111111000001111111111011111110001100000001011101000101110111110000001
1101110000111111011010111111111110011111010110110110110110111100111111111000010110001011110101111000000101111100110111111111111110000001101111111111100001101101111011110000000010011100101010111110000010000000101100111111
1000111010000111000000100111010111110000000110110010110100010110011011011011110011011000000000000010111111100101110010110001010100101111100000000100110100000000000000000111011110110111111010000000101110101010001110101011
1110001110101101101010001100000101010101101100000110110001110011000001011000010111010011111111111111111010110001010110110111000001111010111111111101110101011011111011011111001010000000111110110111101111111111101010000001
1011101111101101111111101110110001011111100001101100111101010110011111011011000101011000000110111101100000010111000010110001101111010000111001011000011101110000101111000001100000111111100110010001100000000000100000111111
1011100011000000010100000111111100001011001101000110101000000000110110000001111101011011111100000000001011110000011110110111101111000110101011010010110001111010000101101111111011100000110011010111101010111111111111111111
1000001010010111010111101101100001100001111001110110101011101101100111011111101100011000001110111111101111110110111010110000000001101111100000000111111100001110111100100000011000001010010111111110101110011010110111000001
1011111000110100010100000101111111110111010011000100001011111000001101010110100001110011111010000000100000000011101010100101010111101011101111111111101111111111100001110111110011111111110000110000100010111000010101011111
1011000010110111010001010001010011010110011111110111101000001011111101000000001100000110101010110111101011011001101010101111111110100000000000011010100010001011001111011101111000110100110111111101110111101011110000000001
1001101111111110000111111011011010000011010101010011001011101111010100011010111110110010000000011111111111111100001010101010101010101111011111110000001110111011011110001100011111110101110000001101011111000011000111110101
1011111000001010101100000001011011010110010101000111100000100100000001111111110011111010111101000000110100001101111000000000001010000011000000110111011000000000000000111001110110000000000101011100001010011110010000010101
1001011111100000111110111101010001110111000001110011001111110001011111110101100111011110000111111101100001111100000011101111111010111111111110000001110011011011011011101011100110111111101111111001111010110010111111111111
1101001101111101100011110001011101100101111100011001100000010101111110000000001100000110111110111111101100010111010111100000000000000000001111110101110111001011111111001010101100000000111010110011011010010110101111011001
1001100000000000111001011100010101110101010111011011110111111101110000101010100001010000011100000110101111110111111110001010101101111111100011111111010101111110101101101000001101111110111000011010000000110100000000000011
1011110101111011101101010001000000000100000000000000010110101111011011111111101011111111000101110000000001100000000011011111111000000000101000000011010001100100000000000011100000000011101111010000110111110001011011011001
1111111111101111001100000101101101110111111101111101110100000111011011001101111010101111010000011111011111001110101011000101011101011111111111111110000111110101101011010111110110111111100110011011111111011011111111001111
1001100000000101101111011111000111110110100111100001010001101101011010011000111000000001011111111011111001100011111001101100000101000000001111010100111101010101111111110000010010000000110111011000001001010010000001100011
1101111111110000001011010011111100000000101110111100000100111100000000111011101111110111111110110001110011101111111111100001111111111011111000000001111100010100011110011011110111111111100010001011111011011010111111001001
1000101101011111100011011010111001010110000000010101111111100110111111101001000111010000000000010111010110000000100000110100101000001111011011101111000001110001001010110000111110010001111000111000000011000000000011011011
1110101000001010111001010010100011111111010101000001000000110110100000101101011100010111111111110010010100111111101111111111100011111101011010111110010101010111100000011110000011000100110011100011111110010111111111111111
1010101111100010100011111010111110100001111111111100011111110100101111101100000001011110100001110110110101110010000110101111101110110100011010110000111111000010110111000010111001101111111000110111101100110000000110101101
1010000011111000111001101000101110111101101010000001000000000001100000000001011111111010001111010100000000000110111110000100001010000001110010011011101010011110010001101111101111100010011011100000000001100111111110000001
1000110110000011101100101101101010101000000000111011010110101100101110101101000010101000111110000101110110101110111011011101111010111111111000110000000000111110111111111111100101001110110000101111111111110000001010111111
1011100011111000001110001000000000101111111111100011111111100110000111111111101110000010000000110000010010111010100000001000101010101101011011100101111111100010101011001010101101011000010111100000001111011011111010011001
1111110111011111100000100010111110000101000000001000000001101111010011111010111010110111101101110101111110000000001110111011101010000101011000001111010000110110000000011010100101001010110000001111111000001000111011001011
1110100000001101111111111111101011110101110110111011111111111010011110101000000000010101100111011100000011010101011111111000100000111100000011100000000111100010111111111010001101011011100111101000000011111010000011011001
1000001010100000000000010001000000000001100111111011111101110011000010001011111101110000110000000101010110011111000001000010001010010101110111110110111110110110100101010010111001000001101101111011111110001111111010001011
1110101010101101010101000100011111010100001100000000000000100110011000111000001111111011111101010101110011000011010100010111011011000000010000010011100010000000001100000110001100010100000000000010110000111101001011100001
1000101010101001110111110101110000011110100111101010101010001111011010000011111000011010101101111111111001011111010101110110011010011011111011111111110110111111111001010000111001011101110111110110000101100000011011001111
1101101110111101111100110101111111011000101100001010111011100011110011011000000011001000000100101000001011000001010100010011001110111011101000000000000000000000001011110110000011010000010001110000101100101111111110011101
1111100011110111011110000101000000011110111111011010011001101110111001001011111111111011010110000011111111111111111101110110011100001000001110111111101110111010100010110010110111010101111100010101111110000000001100110001
1010001110000000000111101111111111001100011000011011001100100000011011011000000000111111110011101001010101110110101111111111110110111101101100000001111110011011101000010110110001110100000110110100110111111010111101111011
1000101111111111101101111010000000011110111111011001011110111101111001001011101110001101111111111100000000000000000111011001110110000100100110111011000011011000101101110011100100111101111110011110000001101111110101011011
1101101001100001000000011011101101010100000110010011011110000100001101101000100110100000000000000111010101010111111100001100000010111101110010111111011110001101111000010111101110011000000011111111011100000101010101000001
1000111100111100011011000000001001010001010011011001001100111111101101101101111111111011010110110111111111111110101101100001011011111001011110000101001111011000011101110000100010111101101001110101000110110000000000010101
1101111110010001011010011101101101011101011011111011111110000001111000111000011000001001010010110000011100101000000001110111001000001100000011010000011001001101000101111111111110110001111011010001011111111010101111011111
1001001011011101111111111111001001010001011110110000001100101100001110011101000010111011111111111101110110000010101101011111111101101101011001011011111011111111111100000111000011111100011000000111111000001110100111111011
1111101000000001100000000000011101011101001100000101101001111001111111110111111110001001111100000100000000111010111000001000001101100101001011011010101000111000000101010001011001100001011011010010101010100110110000000001
1111000011110101111111010110110001011001100111101101101100001100001000000000000111011100010001110101011010011111111110101011111111111111011111011000000011101110101101011100001111111011001011111000000011111100110101011111
1000011010000101000000010100110111111101101100001111000110111110100010110110111101000101000111110101001111000100100010100000111010000001110101111110111000000110111001000111100101111010011000101101101000011111100111111011
1011010011101111111011011110011100000001100110100001101100001100101011111110000101111111111110011101100101111101101111101010001010111111110000001100001101111110001111111111110000101111001110001100101011000000110000100001
1001111010001000000001111010111001010101101111101111001110101110101000001010110000100111101100111111110000001000100000111111111010000000000110101001011000000000111010101100010101100101011110111101101001011101111010001111
1011001111111011011011000000001101111101001100000001100110111000111010101011111111101101000101100011000110100010001110111101011000110111111111111011011101010101100000000001110100001100000010000101101011000100101010100001
1111101111000001111110010101011111100001101001101011001110001110001110100001011011100000011100001011010010101111100011101000001101110000010000011011001101011100001101010100111111111111011011010111001001101110001010111011
1110101010010111000111011101111010111111111101001001100011100110100010101100000000001111111101111111111010101100101001101011111101011111000111110011111111111110111111110110011011001011001011011111111100111000111110110001
1010000011111101110101000101000000011110111111101101001011110110110111101110110101101101010000000110101011100001111101100000000000000111110000011010111110100111111010111111111000011001011110011000001101111111110110110101
1011111001100000000000010111101011000000001010000111011010000100110001100110111111100000000111011110001111110101001111101111111011010000111111111110101100110001101000000001010011110011110111000011011101101000000110110101
1001011101111111011101111110001010010111100000110011111011010101111011110110000000101101011111110010111110011111011010000000101111111010011110001100000101100111101011111111010110110110110011010111110000100011111100010101
1100000000101111010000011011111111111100111010011000001111010100011001100011010110101101001100110110001011011110000000111111101111101111110000111101111100001100000000000000010100110100011001111101100110001000000101010101
1110110110000000010101010001010110101110000011111110100110010101111111110110011111101101100101110011011000010100101110000000000011000101110111110100111001101110111111111111110101100001001011101001101110101011111111111101
1000111100101110110101111100000000000000101000011000101111010101101111110011000011111000111100010110001101110101111111101011111110011101010111010101101101100000010111101110110000001111100000000011111010111001100010101111
1011100001101000110111101111101011101101101101111101100101110100000001100111101000001010000001110110111101010100011011111000011110110100000000010000000000101011000000000000000101100101110101111000111010001011001010000001
1001101011111110110100101000001111100111101001110101101100110111010100110001101011011111010100000000010000000001001000111101010010110101110111000110110101111111101110111010111111110000011111111101101011111111101110111111
1011001111000000110110000010101000001100001100010101100110100001111110100111001001001100011101010111000101010111100010001111110110110000010110010010111100110101100010001110000000011101001010000111101011010101000100011111
1001101000011011100110110111101101011110101001000101001100001100000111110001011011100111001101010011010111110000110111111010100000100101111111111110001110000000110110100111010111111111111010111110100000000000010001000001
1011001101011010001100110110000111001011101011101101101001011001111101100101001001101110011101011010010010110101111111100000001111101100001011101111111010101101100111111101010000000000000000001010101111101010110111011111
1011111001001111011101100011111100011000001000101101101011011100001000110101101111111011010101001011010110011100000010101111101110101111011000000000001011111111110000000001111101011101010110111010100000111110010001111001
1110111011011101010101101111110001011011101101111001001010000110111011111101100000000011010111011111110000111111111110101000111010000001000010110101100000000000111111010101111111111001011100000000001111111111110111101011
1000000001110000000100111000000101011010001000001101111011011100001000001101101011111111000011001110100110000000000000000010001010111111110111111100110101101010000011111111010010001011011111110110100010101011111110000001
1101010101000101010101111111101101011011011101011111000011000110101011111111111000000110010111100010110010110111111011110111111010100000011101000101100111111110111000011011000110111111000001010011101000000000011000101011
1001110111111111011111100111000101111111000101001011010111101100100000001010111110110100110011001000011010010000001001111101101010101111111101011111111111110110011111110011011100010101101111011001101101101011000010101111
1011100010111100001010110000011101101110010111011000010111100110101011111010100110011111110111101011011111011011011100000000000000001000010100000110101101100011110111010110000001000000111000001111111100111111101011100101
1010001110000001111010111011000101001000110110001101010011001111101000000000001111001000011100101010000110001001011110111110110110100011110101011110101100001001100000000000101111111110011101111101010110000000101001110001
1111111011110101100000000011101101100010010011011001010110011010001101010101011111100011000110001110101110101111001100000010110011101000000001110010000001011100001010111111100001111110110100000000010110111111111100011101
1101100000000100111101110110001101001010111010011101011111000011100101011101000110110111110011101110100010100001101110101111111000111101110111110110110101111001111111110000101100000010000001010111110110000001010110111111
1000001010110101100001000011100101011010001011001101011000011001101101011101110010100000010111000010110110101011000010100001101111111000010000000000111100001100110101010111100101010110101011010000000010110111010010110111
1111101110011101111101101010001111010011011111101101001101011111001111000101111110001011010001110110111100101001101110110100000001101111110111111110000110101110000000000001111111111111111111010101101011100000000110000101
1000000011011101000001101111100011111001001100001101111111000001100110010100001010101011111100010010000110111011001111110110101101000110110101010111101111100010111101111111000110101011000001111100101000111011110011111101
1111101011010001101011100011001001100011011001011001100000010101101111011101100011101110100101010111101100001001100000011100101100010000011100000011111101101010000100000000011100000000011111101001111110001010111111100001
1100001011011011111010001111011100110110011111001100110110110101101111000111001001100000001111111110000110101111110101000110111110110101001101111000000000101011011101010101001001011011000000001100010110101000001100101101
1001011110011001100011011000010101100011001110011001111100110101100110010011111011001101011010101011110110100001100111010100001100110101100000001101101101111011011111111111100011111111101010100110110010111011011001100101
1011000111011111001001010011000101101011100010110011000001100111001111011000011001101101000000000001111100101100110011111110111110010101101011111100101000011110000000000111001000000100101111101100010111111010000011001101
1010010100010000011011011001101100101010001010011001101011001100011000001101011011001101011010101100000110100101111000011000011000110101001000000101101101000011010101010001101010110001100000101101000000001010101000011001
1111111111111111111111111111111111111111111111111111111111111111111111111111111111111111111111111131111111111111111111111111111111111111111111111111111111111111111111111111111111111111111111111111111111111111111111111111
