1111111111111111111111111111111111111111111111111111111111111111111111111111111111111111111111111111111111111111111111111111111111111111111111111111111111111111111111111111111111111111111111111111111111111111111111111111111
1000001101101101010010110101010101000000011011010000101100000001010011000110100000010100110110000000110001101110110100110001010001010110101010010110110100101100010110000110001101010110101000010110011000000000000000101000001
1111011001101001011000000001010001111110110010000110101001111101000111110110111111000110100111111110000100100100010110111101011011010110001011000010100101101101110100111110111000000000001011110011001101111111111110000011111
1101001101101101011101111100011011010110111011010100101101100001110111010100110100011100001101010011111110001101110010100101011011000111011010011110101101101000110101101010001011111110100000110111011000001110101111111111011
1000011000000100010001100001000011000010101011111110000111001100000010000001110111000111101000010110101011100100011010110100011000011100011011000000001001101101100000101010111011010011111111100101000011100000000000001101001
1111011011110001000111110101111001111000000010111011110111011110101011111100100110011100001011000000000000110101111000110111001011111111001010011110101011101000111101100000000001000110000000110100011111101110110110111001011
1010011111111101111111011111000011011111101000010001000001110111111000010110101100110111101111111111111101100100101110110110011001010001101010110011111011000010010100001010110100011111011111110001000000111110010111101011011
1010110100000001000001011010011000000101111111011101110100100101011111010010100110110111000110000000000000110110001010100111001100010111001010011001010011101111000001111010111111111000011010100101011110011011011101000000001
1000000101111101111100000000110010110001010000000000000110110101010101011000101100110001110100110110111110110100111000101101101001110001101010110011011001000001101011111110001011101011111010001111000010110011111000011111111
1110111111101111110111101011111110011100000111111111110100000101010000000010000110110111000111100100100000110001101110101001001101100111001010100111001101011100101110000011011000100010010000111011101110111000101110111111111
1000010110000011010011111110000000111111010110100000000101110000011111010111110100010101110110001111111110111101101010101101011000110011100000001101100000000101111110111111111011101110110110000001100010011011101010000000001
1110110011111010011000001111111010110100011100001111111111111111000011111100010111010001100011111100011000000000001010000101001011100110101110111101101110101111000010011101100010000100000011011011110110111010100010101010111
1010000111000011001111011011111111110111111111011000001000001100011000101111000011011101111010010111000010110110101011110001011011110100100010010101101011111111110110110101001110111101010111001110111111110000001000111111111
1010111100011001101100000000001101100100000111111110101110100001111110000110011000010101000010110000011010100011101010111100010000110110101111110100000001011101100010000000011100001101111101111100101111011101111010010101001
1010010111110011100111111111100000110110101100100111101011101011111111110000111111010101111010110110111010111110000010101111000111100110100101000001011011001001101110111111110101100000111000110001100110001100011111000000011
1000110110100110101101100001111101100011101110101101000000001010011001010111110000000000101010111111100011111110111000101001011110110000001101011011111000011011001010000011110101111010010011110111110000111101110001101111001
1010010100001100101101111101010001111001000000000100011011101111001100000100000101011010000000101011111010000011110010001101010010100101100000001110101111000000011010111110000000011111110111010100000110101000000111100001111
1111010111101110001101011000011101011101111111110111010011111101100111101110111111111111111011101010001111111011011111101000010110101101110110100000000011111101000000011100101111000000000000000001101110000011110010111100111
1101010101000011100101011111011000010101000000000000010110000000101101111011111001110110000001100010100101000000001100001110110000001100010011110110101110101111011011000001100001101111111111111111111011101000011000011111101
1000000001111011110100001011011111010000010101110101111111010110000000111001000011000011111100111011101101111010100111101110100111111111111011011111111110100001011001010100110111000000000010100000000000101011111011000010001
1011010100000000000111101010010000011111111111110100011001111110111101101101111011111011000001100001000101010010110010101010101101100000001000001001010000001111111011010111111111101110111110001010110111111000001001111010111
1111111110101011110101101011011111001111101011000110111100101000100000000000000000001010011101111101110101011010011000100000100000001010111010111011000101100110101110010011000001100010000000101111100011001101111100111000001
1000110000101110110100000000000011011000000011010100101110001111111110101011111111100000110000000000110101011111111110111110001111011010001110000000010100110000000011111000010100111110110111100011111110011001111110001101111
1010000110101000000001111111101010001110111011110111101011101111011000101111100000001111111101111110000000001101101000000011011101111110100011011101011111110101111110101111111111111110010001101000101010111111001010111101111
1011010011101110111111111101111010111011100000111101100001000000011111111110111111101100001101100000111110111001001111111000000000000010111111111101000000010111010100001101100011100010111111111110000000000000011011110100001
1011011111111111100000000001010010110000111110011100111100010111010100111000000000000110100111111010100000001101101010000011011101111111111000100111011111111111010001100000101110001110101110000010101011011011000001010111111
1011111110011000001010111101011010111011111011010101100111111101010101101111111111111100110000001111111111100000000000101011000111000011101011101111000010000000000111001010000100101100000000101111101011110001111011000110001
1110000011011111111111101000010010100001100000000001110010101001010101000000001000000001111111011101010100001010111101101010011111101110100000000001101000101011010001111010110001111110101111100001111000010100111111011100101
1110101001010101110101000011011010111011111111011101011000101101000101111010100011010111100001000000010001011011110001101111000001101010110110101111111101101110010100001010111011010110100000101100011011111110000000000001101
1011111100010001010101111110000010101010111111110000001110001000010001001111110111111100001100010111000101010011000111001111101100000010010010100111010111001100110111011010001111010110101111100110110000000111111010110111111
1011010111011101000000111110101000000000000000011111011011101110111101100101011110011110101001010111101101011110010111101011000101011000110111111101010011111111110111111110100000000010100000111111111010101101111111111110001
1011000000000101110110000000101110101101111110110000000000000000101001110101000000110111111101010100001111111111011100001010010111011010110000111000000110110111011101100111111111111111101011110101111111111101000101001000101
1001101101110000000111110110111000101111000000011111101011110101101100000001111010000101010001011111111010110000010001011000110011111010000111100011111100110000001100101101011011000000101000100000110101010100010000011011101
1100001111000110101101111100001101111011111111001110111110111111100111010100000011110101011111011000000000000110111101111110111000101110110010110111010110000111011001101101010000011111101010001110000100000001110111111000101
1110101000010111111100001111011111000000001101011010110100011010101100010110111110000001010110011011110111110011101000110000011110000110100110110101010110111101111100100000000111110101111110111111110001111111111111101011111
1000101101011101010111101011111011111110101000010000010111000000000001010111111111111100000000111110000110000110000011100101000111010110110000010000000000000000110110101111010000000000001110111011111011101011011100000000001
1110111111111100000000000000110001101011101111011111010000010101101011010011100000000001010110110111010110111111011001101101010001111111100111110111111101111110000000000001110101111111111010000000011110101000000001101101111
1111111100000001101101111110000100000001101011001110000101010101001011011110001101111101110010100000010011111111110011000111010100001011110011010111111100001111111101111111111111000110000010101010110110000011110100100100011
1011101001010101111001000000111111111011000001011011011101010111111011011100100111000001110111101111011110000110100111101100010101100000111000000000000110100001100111000000000001011110111111111110000000101000010101101101001
1000000011111111011101110110100000000000011100000000011111010110111011110110110111111111000110001000010000110110110110000110111101111101100011011010111100101100101111110110111100000000000101100110101101111101111101101111111
1101010110110000000001111111101011111110111111111010110000010100000001100000111100000000010011111111011010100100000011101100100000111111110111111010001101100110001101110010111110111111110000110111111000001111000111000001111
1111111110011111101101000000001010000000100000000011111101011101010101001101100001111111110110000000011110110101101011000110101010000110100000001011011001101100100000000110000110000000010110000000001010111010011111111011001
1010011011011100001001010101101011101010110101010111100001011001010111111111111011000000000111010101010111110000111110010110101011010000110110101001111100111101111011101111111110101011111111010101111111101000110101100000011
1000111000000101011111111111111110001111100101011100001101010011011110000000101111110110110011111111010011011101100000110010111011010101100100101011110001100001100000100011110010111111101101011111000101101011110101111010111
1110000010110111111010101011010111111101111111000110101101010111010000101110001000011110110110101011011000000000110110100110100010011111110101111000010101111011001011101110000111110000000001011001110001101011010101001011101
1000111111100010100000000000000000000000000010010110101001010100011011101100100011000000010100000000011111110101100110110011110111000000011101011101110100011011111000100000101101000111111111110011000100000000000000011000001
1111111101111000001111110111111111111111111010111100101011010111011111000111110111111010111111011111110111110101110100010110000100011011111000001100011111110001010010101101111000010000011110110110011111111110101111001011111
1000000001010010101111100001111111010000000000000110101110010111110101111111011100000010011101110000000000000100011101010010101101011000001011011001001011011111000111100100000011010111000000000110111001111111111110011000001
1011011100011111111000001011000000000111101101010110100111111100110101110100011111110111010001100101010101010111011001011110111001011101111011001101101000000001110000110110110111110001011011101110101011000000000011001111111
1111110001001111010010101011111010101110001101010100110101101110000000010001000000000110011100001101111101010110011111000111111101110000011010011001100011011101100110011100110100011011110001100000001000010101111111101110001
1000000101100010000110111010000010101000111001011101100100000111011011011101101111101110110001111001101001011110110000010001100100010101001110111101101111001111110011000111100001111110111011110110100011111111101001111010111
1111110111101000101111110010101011111110110011001101111111010000001110000001101000001011111111011111000011000011100101011101110101111101111100000101100001100000110111010000110100000000011000010110101000000110001011011010001
1101110110001101111010000110111111010100110111101001000000011101011000110101101111101001010000000111101011011010001111011111000000000100000110101111001101101111111100010110010101101110111011010100101101011100111000001000111
1000000011101101100011111111100000000110110110101011101110110001111110110101001000001100000101110000001011011011101100000011110111101110111110100111100100100010101111010011111111100011100011111101101101010101101011100011101
1111101010000111101001111011111111010010110110001010101111111101100000011101011110101111111101000101101011011010001110101010000000100010001100110000101101101000000011010111011100101011111000111100101101000000100000101011001
1000001110101100001100000000000100011000010011101110111000011111111011001101111000101000001111101101001111011011111010101111011011101010100110011010100100111011111111010000000110111110011110010101111111010101101111111001011
1101011000101110111110110111010001111110110110001100000011000111001110011001001110111111100110101101100001010001100000111100010000101011101111011010101101110000000101111101011110110110110011000111010001110100000000111011011
1001111110101000100000100100011101100000010011011001101110010000011000111111100000100111110110000111110111111100111110000110111011111111111010011010100101000101111100001101000010100000110111110000000111111110101111101111001
1100011000101111111111110101011111110101010110011111111111011011001110110010111101110000100000101111010001100001111000111111110001010110110011111111101111110100000001011001010110001111100000011111101111001100100000000000011
1110111111111011011101111111110000000101011111110111010001111111100011111000000001000110110110101000000101101011000010000110000100000100000110100101000110100101011011111111110000111010101111111111111001100110101111111111001
1011110110010011000000101010100111010101000110110101011011101110001011101111101011111110000010101011010100111001010111011100110101010101111100001100010000110101001011111011000110000000000001100000011011101111100000000011111
1010000111011001111110101000110001111111101100010001011010101011111010100101111110000000101011111110010101111011111100011110100101110000001110111111010101110111011001010001110010111111010100001111110000000001101111011000101
1011110000001101011000001101100111101010101001011101010000000011100000110101010111111101111010011100110101100001100001000011110100111010100110000011011100010011001100000111111010000111111110111101100101101100100011111010001
1010111111101000001110100000001100000000001111010101000101111010101010000001010101111000110011001001110111110111111011101110000110011010110000111110000110110111111110110000011011110000101011111001001111000111101000110011011
1000011111101111011000110101011001111101011110000000010101000000111111011100000000000010111001100011000001100001010011000111110010110011111010000011011100110000111000010110111001111010000011001101011111111111111111111011111
1110110000000101011101110111010011111001110011011010110111101101110101111110101101111010001111110111101100110101000111010001100111111000110010111110001101100110001110111110001100001111011001100000011101000000110111111110101
1000111010110000001111000001111011001100011000010010100001111000000000000000101111000010111000100011001101100111110100011011110001100011111010000011101101001111011000000010111111011110001100001101001000011111110000110100001
1110011111100111011011010100101111100001111111011011101111011110111011111101111011101010001110110111101101110110000101011000010101111000110010101011001111100011001110110110000011000011011001011001100011110101010111110001111
1011001101111100000000010111101111001011101000001110001000000110110010000001100000101010101000000011001100110011011101010010111101000010110111101001100010101001111000110110101010010111011011001100101000000000000011011011011
1011101001011111111101010110101010011110101111011111101101110100110111010100110110001010101010110111011101100111001101111010101101011010110000101011001110001100001101100010111111010001001111100110111011110101111111000000001
1001101100000000000001010110000011011000001101001010111111100001100011110111110011011011111110100001110000110100011111000010001101111010011010111001100111100110111111001010001101010111100000111100100000011100000101011111111
1011000001010101101011010011111000001110100000011000011000001011110110000001100110011011000000110111000101100101011011111010111101100010110011110011110001101100000111101010100001111111001010000101110101111111110000000000001
1000011011110101101010011110000011101100101101001111000011011001011100110111110011111011111010110011110101001101011001101110000100110110011000011011111011000110110001101110101111100001101111101100110100000000010101010111101
1101001010000111101011011000101010000110101001011111101011111111010001100001011110001110000010111001100111011111001100000000111110010100111111110001100001101100011011000010100000001111100000111110011101101010111101010000111
1001101111110110001010001111101111010110111101010000001010000000000100111011000000100111101111101101001100011011011110111010000011111110000001111100111011111001001001010111110110101110101010001011110000111110000101011010001
1011001101100110101011111110000011010100110001111111111111010111010101100001101010110011101110000001100101111000001100011010101000000011010100000111100000111101011101110110000011100000101010100001111101110111101111011110101
1001101000001110111011000000101111010110100101001011110000011100011100111011001111111000000011011011001100110010101110111110101101010110011110111100001010001101001101111111110111111111101110110100011000000001100011000010101
1101111010101000110001101010100001010111110111100000011011011111010001110001101101011101101110011001100110110110101000011000111101011111000110001111011011100111011000000110000000000110111000111110111101101100110110011010101
1100110010111101100111001110101101110100000110110101000011110111011101100100101000010111000011011101001110100110111101111110000101011011010010100001110000110001011010110011101011010000011111101010010100100111110011011010101
1001100111110111111111101000100111111110101100000111101010000000011001001101111101000000011010010001100011110010110000101000110111000011011010101011100101100111001010010110001001110101001101100010110001110000011011001110111
1100110101100000000000001101101110000111111111011110111111110101001101101100111111101011011011011011001011000111100110001101100100011111011010101000110111110111011110110100111100011111100101101111111101011101111001100110001
1001100001110101011010101101111000101101010111111000000000000101100101001101101010111111001010010001111011110110001100100101111101000001111111111011100110000001000110011101100001000000110000000000001100000100001100101110101
1100110111000101010010111001000011100000000000000011111101010101101111101111000000000100011011111011000000110011011110110100000111010100001101100000110011101011010110111000110101101011110111111111011101111111101001100011101
1001100001110111111111111111111111001101010101110110000001011101111111001011111111110001110010000011011010110111010000110101110110010101100000111011100110001010011100101101111101101111000000000001110000000011111100110111111
1011001101000110100000000111010101011001010111000100101011000111010100011000000011010100011111101001010010010110011010010100010110110101101110011000110011011111000110001101011101000001110111101111111010101010001110110000001
1110011001101100001101010000000000011101011100010111111001011100000111111101111010000101110000001101111010110011011011011101110110010101001110111111111011000011101111011000000101101011000001111111011111111110111011100110111
1111001111111101011001111111111110110001110001010100000011110101110000000111111010101100011111011101100010010110011111011000011100110101100010000000011001101001100001001101101100101111111100000000000001010100000000110010011
1000011011000001111101000000000000010101111111110101010110110111111111101100000000101110110000010000110110110100110000011011001111100100110110101011111101001111110111100100111101100000001101010101101100000001111111111011001
1110110000010111100001011011010110111111011110100111110110100110000011000111011010100110011111110111100110010110110110110011100001101101100010101001010111100000110100001110110000110101011001011111100101010111111010101011011
1000011101011111001101010011010100101000000000001110100100001111111000010000010010110110110000000100001100111110111100011110001011101111001111111100000011001111100110100010110110011111011011000110110111111110000000001011001
1110111111010000011001111011011101100011011111011000001101100110111111110110111010010110111011011110100110001100101110110000101000100001100000000110101001100000110110110111110011000110011110010000011110100000110110111110011
1000110011111111010011100011011000101111111111011011101101110000000000000011100010110100100011000110101110111110100000011101101101101111110101011100101111001010110110010000010111101111000111010101000010101111111100000011001
1101111010110110011010001001001101101000000000011111001001011110110110101111001010011111111011010110101100001011110110110000101000100110111111000110100110011010010100110101010100001011110011111111011110000000000111011110011
1001010000000000110011111011011001001011010101001100011011000000110011111000011011011000000001110011101110100011110110011010101101110000000001101100110110111010110101100111110110100000111000011011000000101010111100001110111
1011000101101011111010000011011011101111110101011001111110010101111111000011011001111101101011000111101000110110100010110010101001100101010111000110100100110010110100110000111100110110011010110011011110111110001101100010101
1010010101111011011011101010011110001100000101011111100000110111100010011110001101000001101110010000101010010100110110111010111101101101010001110011110111100111110110011010101110100110110010000110000110000010101101101110001
1010110111000010000010001011001100101111010101001110001010011110111000110000101101011011000111110101111010110110000011100010011000101111011011000111000100001100011111011010000010110100010111010111110110110111101000100011111
1110111111011110111010101001100111111010010101101011011111111100000010110110101101011001110011000100110010010111010110001010110010101011111001110101110110100101111101011011011010110101010011110000011110110000111010111001101
1000011000010000001110111011001111111011111101111011110001010111110110111110100101011011000111101101111010110100010011101110011110100000001101100001100110110001010101111110011010010101111000110101000011100101111110001100001
1110111111011010111000110001111000100000000000110000111100010000100110100000101101011010010011000111001010011110110110000110110110101011011000110111110110011100000000101111111110110100001101110111101000110100001100100101111
1000010111111110101010110101100010001011111111110110101111011010001110111010101001110011011011110001100010111000110011101100100000101001011110110000010011010001110101101011110110010101011001100001101011110101111110101111011
1010110001100000001010110101111011101010000000011100000000000010101000100010101011000110011001100100111010001110010110000101110101101011001100110110111110011100010100000000000011010101001101101011101011011100010110100000001
1110111101001101011110110101000011001011111111001001011110110111101010110110111001110010110011001110100010100011010010101101000100111011011110100110001100111111011110110111011111111111011100111011001000000101000010101011111
1000101000011101001110011111111010011110000011101111111000100100001111110011100011000111111010011010101010111110010111101101110110011011001100101111011110110000000110110011000000011011000101100001111110101111011111101000001
1111101101110001111000111010101111111111111010101110101101101110111110000111001001110101000010110010111110000010111111101001110110110001111110100011001100100101010011111011011011110001110101001100010110111000000011111101111
1101001111111101101111110000101100101000000000000000000001101100100000110001011111100100010110000110100100101010001010101101000110011101110100110110011001111101010111010001011000011011111111101101000010001111101110110100001
1001101011011111101111011110000101101110111011011010101100100111111110110111000111001110110100110010110001101010100000100111010110110000000110011111001100111101010001011011001101000001011011001001010110111000000000000110101
1100000000000011000000001111010001101011111010001010101001111100000000100001011100011000110101100110011101101110110110101100010010111011010011000110011001100001111100001011011111011100000001101101010010110010110111010011111
1111110111011000011011100001111100100011000011011111111011011001010101101011000101011110011100101100110001100010111111101001010111100010011011101111001101111100001111111110011000000101010100101101111111111010100001111001011
1110110011011101010011001100101110111010011111000011000010010011011111101110011111110111111001100110110101101110001011111101010101101011001001101100011001000001100000000011001101011101010111111000000000110011110111101111001
1100000111110101011001100110000000000011110100010110010111000111111000000011010011000011010011001100010101000011111010110001010000101011011011100101001101010100101101011110011001001101010001100010111010011011000000000111011
1001101100000001111111110100111111111000100001010111111101110101000011010110011000011000000111111101010111110111100000011101110111101110001000101111101001011101100101000010111101011111011011111110001111110001111010110000001
1101101101101111101100000110110000000010001011011101100000100101111111010011111111011011010000110001011100000000001111010001000000100110101101100011001101111100110101101010001101110111001000110000100000011101100010011101111
1001111111001100001001110011111110101011101010001100001110001100000000010111101111011010010110010101111001010101100001110101010101101100101111110111100100110001111100101010111000110001101011111101101011111001101010111000111
1101000110011111101100111111100000101010001011011110101000101110101011010110101000001011010110110101101101010100101100111101110111100110100000010011001110110100000101111110011010000111111001011000101000101101101010001010001
1001010000110000000111101010111010101110101010000111111101101000101011011110000010111011011110010111100001010111100110001111100000110100101011110111100010110111011100000111001011011110001100011101101010000101001011011011011
1101111101111010110110100010101111101000111111011101100001001101101011011011111011100011001010110110001101110000110100111011001101111110101000011100001110100110001101111100011110000000111110110001101010110111101011011001001
1001110000011111100000001000000000001011111100011000111101100111001001111000000011111011011000011111011001000101111110110001011000011000111011000110100111110010101100001111000110110101110110110100101010110001101010001101011
1011000111110101001010101111011011011011101001001110110111111110011011000010101000110011001101000011111101101100110000111100001010110010011001010110110000011011111001111010011110010100000010110101101110110111001011011001001
1111111111100000011110101000010001111110000011101010100000010100110011110111111010011011011101011110101100111110011111100001011110011110110011111110011011111000011100000011000011111110111110100101101100010001011111010011111
1110101000001101010111111110111111101110110110111000110101000001111010000011100011011011000111011000000001111011010101111101000011010110110110101010110001100011010001010111101000001100000011101100100110111111110101111000001
1000001101111111110000011000011000000000110100010010000101101011111111111110110110001010010011010010110101100000000000001101011111110000100000000010011101001011110101011101001010111001010110000110110100001111110000001011111
1011100001110110111101110010111110101010110111000111010111001110110110101010000011011110111011011011111100110110101010101101000101100110101101011010110001011000111101111100011010101101011111101100110110100001011010100000001
1111101011000000000000100110101000111010100110010100010110011000000000000000110110000011100001011011000001100100101010101101010001101100101101001110010101010010001100000110111110000101000011100110010100111111011010101101011
1000001001010111101010001111100011100010101111011101010110111111110111010110110011101111101101110011010100110111111011111001110111111110111001100110110101111010101111011111100000101111011000101110111110000000011010101101001
1010101011110100001110101101111111001111111000011001110110110000000100010110110110000000100100011010010101111100000011010011000110110110011011110011111111101011100001001011111110100001001011101100000111011011110010100101101
1011101110000110101100101000000000011101011111111101100011111111110101010110100010101101101110111011011100000110110110000111010000110000110000011000001100000001101111100000110000101011101001100110111100011000111110110101101
1010000111110111111110111010111011010000001001000001101010000000000101011111101110101100100110110010000110110110100110101100010101100101100110111101111111101101100000110110111110111110111011110010000111011010000010010101101
1111101100000100000000011011111011111011101101101011001111101011010111001100001100101001110011100110101110011100101110101101010100111101110111110100000110001111001110011111100000000100011011000110101100011010101111010101111
1001001111010111111011110010000010000010000000001111111100001110010011011001011001101101011000110011100010111001101000100111010110001100110000010110111100100001100011111100001101010001110001101111100101001010100001010100001
1101101001110100000000011011101111101011010101101101010111011000111011001101011101101000011010110110001110100011001101101111011100101110110101110010011001110111101000000111011001010100011111000000110111011010110111110110111
1001111101111111111011011110111101001001111111101000000000010010101001011111110000101101011011111111100110110111101101000001000110111000111111000110111011100000111011010011001111011110111111011010011111111011100000111100001
1101010101011000000001010100000000011011101100001011101010110111100011000111000101100101111001010000001100110001111001101111011111111110001011011110001000110101110001010110011000000110000001001111001101100011001111100110101
1000000000000011010111110111011010111010000001101011001011100100001110011101101100110101000011011101100110110111000011000001011010000000100001000011011011110111100101010111001101010100110101100001100100110111100111101100111
1101111110110110010001100010010010100011110100111011011111101110100011110101101110011111101000011000110110110100010111010111010011111011101100010111110011000010101101110001011001010110111100110100110001100000110000101101111
1111111100110110111011111011111010101111000101100011111000000011101001100000000111011011001011110011100011100101010001010001111000000001100110111100011001101010111100110101011011010100000111100111110100110111111010000100001
1000000001110110101110100001110011101001011100111010000011101011101011110101011100000001111000011111110111101111110101110100011101011011001100000001111111111000000101110101011011111111011111110000010110110001100010101111102
1110110101100100101110110100000110001100010001100011111011001010001111000111001101010100110010111000000000111000000101100101110001011001100101011111011000000011010100010101010000110011000000011101111110110100110110100000111
1000110101101110100000000110110011011110111101101011111001101011011101101100011001110110110110101010101010001101101111001111100101110011101111000000011010111011111111111101011011111000011010110000000011100101100100111111111
1101100101101100101011110111111111110000110001101010000011101001110000001101001101111100110100001011101010100101000001100000111111000110000011011011011110110000000010111111011000101101011111111101111001101111111110001101001
1101001101101110101111000011011101111011111011111111101011001011100110101101011000000110110110101000101110101111101101110101100000010100101011110001000010111010111000010011011101100101010101011000001101100010110000100000011
1001011001100110101000010110000001011111000010000000001010011010001100111001011110111100110100101010111000111010000101000100110101010110101000010101010111100010111101000110001100110001000000011010111111101110111101110101001
1101001100110110101101010110101100001101110111011101011011011110100110111011001100011110110110101010111010011000101111110101100101010100101010111101011101101010000101010010111110010101010101110010000011000110000001010111011
1001111110100110111001010011101101100000000110011001010011001100110110100010011001000111100111101110100011011010100011000101101101110101101010011111001100001011011101010110001100110101011101111011111111101110101100010111001
1100111111110100100011011011001001111110110110111111011011011110110110110111011101010011101100000010101111011011110111010111001100011101101111000001011111011001001101110010111110011101011000011000110001100010100110111101101
1110001100000110111010010011011011010000110100101011001110011000100010110100001101111000111111101111111000001011000001010001111101110001100101101111011000011011100100011010011000111111011111110010000101101010101100000001111
1000100110101111100010111010011011011101110101100000011000111111101010110111011001100010001011000110010010111010010101011011000000011100110000111111001111001000111111110011001110110000000000110110101111101010111110101011011
1110101100111010001111100011001110000001100111111010110010011000001010010100011011001011011000010011000110011110110111010011011101001101100101110001011100011010001011111111101100110110101010011110100000101011100000111000001
1000100110111010111101111011011111010101001100000010010110110010101010110110110010011110001101011011110110110000100001111011011001011000110100000101000110111110100000000001111001100010101011000011101111101011110110111010111
1110111100100000110000101110011000011101011111101110111100011111101110010110100111000111011001001010000110011101110111100001111101001010111101101101101100110111110101111100011100111010101110010111100011111010000100101110001
1000000111110101111010001111001110110001010000001000011001111101000010111111110100010100011101011011110110110001000000110100110001011111100000100111000110000001100101101111110111100010101000110000101000001010111110000010101
1101010011000111000010100000011000100101111111011010111100110101011010011000000110110111000101001110110110011101110110100101111011000000110101110111101100110100110100000010100011110110111010010101111010111011100000110110101
1001010110010111111011101010111011110101100000011110110111100000001011001111101100110110011111011100000010110001100010110100011010010101100100010000111110111110110101101000001000110110100011010100111110011010001110010110101
1101110111110100111011001010110010000100111110110000100000001010101001100110000110100011001100011001101010011011110110100111001111010100110101110110001100000111100100101011101011100111111011010110000111001011011000111111111
1111100001111110100011111110011111110110100000011110111010101010111011001111010110110110011001001111101111011011000010110011111000011101100100010010100110110001111101101011001111110000110001110111010011011110001010011011111
1011001011000000001110010111111100000011111101010000110010101110011001101100010111100011001101111110000011111110010110011000001010110001101101010111110100100100001100101001100000111010111011000001110110001111101011000010101
1010011001111011011111000101010110101011000001011111111011111000111101111101010011110111100111100000101000011000110100110010101010111101100101010000110110101110101101101100110110011110011001101101111111011011111111101000001
1000111011100011110000010000000000101010011011111000010001011110110000110001010110000010101110001101101011111011100110111011101110101101001101010101111110100010101001111001100011000110110011000100001100000000010110001101011
1101101000110110000101010101101011111110111110101111010111000000011010110101011111010110001100101101101000001011001110100001101100100001011111011101011010110110101100011101101010010011111001011110100111010111000011101101001
1001100010111111010111110101001011111000100000000000000001111110110010110101000110010110100110101101101011111001101000111011100110111011000011011100000011110010101001000101111010111000110011011000110110010011010110001101011
1100110110100000010100000101101110101111111101101011010111000000011110110101011100110110101100101000111000001100101010111000110110110010010110000111010110000111101011011101010010001111111001011010110110110111010111011001111
1110110110111111011111101100111000000000000000111011110011010101000110010111110110110110100110111010001101111110101010100010011111111011010111110001110100110001101010011101010110100000011011110010100010100001011100011100101
1000110111110000011011001101110011101101111010110010100111111101010111010110110000100100101100110010111000110100111011111011011010000011010001100101111110010100111011000100010100110101111000011010111011101011011111000110001
1110110011000101110010011001011011101001101111111010001100000001010001011110000101101101101110100110110010000110001111010001000011011110010101101100011011111101100011101110110101100100101011110010001011001011010000010110101
1000110111110100011000111101000010001101000000000011101111111011111011000011010101101101000110110110011010110111011000000101010111111111010101101111000001111101101110000011111101110110001000010111011011011010010110110110101
1010010100100101111010001111011010111111101010110110000001100000001111011110010111000101010110011110111011110001001110110111110110000001011111000001010111010111100011011000011000110111011101111100011001001011010110011100101
1010111110001111000010100011001111111010111011110110110111110101100001111011011100010111010011001100110010000101011000110001100011010100000110011011110000000000111110001101001110100011110000011001001011111010010011001101111
1010000111111011111010101110011000000000000010000111100000011111101111100000000111011110011111011110010111110111011011111011111001111110111111001000111011011010000011011001101100110110111010110011011000011111010111111000001
1011111100000010100011111111001111110101010110101101110110111010000000111010101100011000110000001111010101110111110011000010100011000000000011011011101111011110101001001100100110100000011010111011011011000101010000001101111
1001110111111000001010010011111010100111010111111100000011100000101010011010101101001110011010100101111100000000011011011010111011011101011011011000000001000011111011011110110111111010111111100011011001101100010110101100001
1011000100000010101111000110101000001111110011000001011000101011101110111110111001101100110010110000101111010101011110010000001001110001111001010010101111110111011111110010010011000010000011101001010011101101110011101001011
1001110111011010101101110000000010101000000111110111011010101010000111101000001011001001111011111010100000010101000110110101011100011100001011011010100000010000001100011000110111101011011000101011111011001001100111111101001
1011100000010011101001111010110111101101010110110011011011111011010011001101011011011101000011011010110101011101101100110101110110111110111011110010101011011110111001001110011101101110001011111000001001101011110000010101111
1011001101011000111101000010100011111111010110000110010001011110011000011111001111110111101000001010110101001101111001111100000110110000011000111010101110000010010011011110111000000011011000111101011111001011010101110100001
1001101001111101100000010110111110000000011110101111010100000011001011111001100000110000001101011110100101011000110011000001111111111101011011100011100011010111000111111000001110110110001110000101000110011010010101100101101
1011111101000000111011011100011000101111011000101101010101011111011000000011001101111111011001000010110111001010011011011100000011010001001011001001101011111110010100001110111110010011101100101111010010110011000100001100101
1010100001010101100011010001011101101000001111101100010111111010001101111011011000110000010011101111111110011011010001111101011010000101101001111100111000101010110001111100011000111001111110100001111011111010010101011111111
1010001011111111111011011011000111001101011000001110110100000000101000001111011010100110111011000000011000111111010100110001001111101101001100001110110010000010110111111001001101101100010100101100011000011011110111000000001
1111101110110000000011011011011111011001111101011000110111110110111101011101001110110110110001111110110010010100011101100101101110001101011001111000011011010111110110001101011100001110110101100111111011011110000001101101111
1101111000000111111001110010011100011011000001110010010100000100001101010001011110100100010100001111110111010001011000110100111000111101001100111111011011010110000000101101010001100110000100110000001011110100101111000100001
1000000010111100000011111111110111011001111011100111111110101110100111010111011000101110111110100011100011011011001101100110011010110001100110000011011011010010101010100101011101110110101110110110101000110110100001010101111
1011110111111001101011011000110111011011110000111101001011100010101100000001110010101100011100101000110111010001101100110011011011100101101100110111011111110110101011111111011000110110100110010010101101110000101011010100001
1111000100000011001011000010000000011011000101110001100000001110100111101100010110101111000110101010011100011011001101100110001011001101001110111101000011000110101000000111001101110110101100110110100111000110111111110110101
1101101111101010011111101111101011011001101101100100001010101110101100000111110010100111101100101011001111010011101101001111011011100101100010000001011001010010101101010001011000010010100110010010101111110100000000110010101
1000000110001011010110001000001010001101000111111110101111100010111111101111011111111100001110101011100111111010000101100011001010001101001010101011111011110111101101011011001101110110101100110110101000000111010111111010111
1101010110101010010000101111011011011111011110011000101000001110110000000100001101000001100010101110101100101011101100110110011010100111011010101000110001111110001101110001011000110010100110011111111101101100010111011111111
1001110011101111110110101000010010000110011011000010101010100010111110110001100001101011001010101000000001100011001111110011011011110110011010101110100100000011011100111011110011100111101111000111011001111111010000001111101
1100011011101110000110111111011011010011011011110110111111101010100000011011110111111110011011101010101100111001100000011011010000011100111111100011111101010110011001101000111000110000100110010010001101000000010101111010001
1110111110001000110110100111110011011110011000100110110000001011101101011000110000011000111111101110100110011100110111110010010110111110110011001000011001010010111100001110011011100111111111011000111001011010110100000010111
1000111110101101100011110000000110011000111110001100110101101011111101011010011011010010101000001100110110110001100000011011110011110100000111101111111111011110100110111000110011110000000101011101111101010010100110101110001
1010011000111111111111111010110111011011110111011001100100111110110001010010111001111010001101011110110110010100110110111011000110000001010001100101010111000110001100001101111000110101011100001100000111111011101100100010111
1111011101100000011010100011110101011010000101001100101111110000000101011010001011000011011001110111100010110101110110001011010100101011011011110000000001110110101110101100110010010101011111011101011110000011001101101000011
1100010001101011001000001011000100001010110000011001101000011011011101110010111111101001011101110101101011111101100110101111110110101011011000110110110100011110100011101101111010111101000110000111110011111111101101101101001
1001010101111111100010101111101110101111100101001011111101000011110000111010011000001101000111000000001000101001111100101100000110101001001101111100010101111100101001100101000010000101011111010000000111110000000101101101011
1101010111010100001010111110000110111101101111011000110001010110111010001110111111011001011110010110101010001100000110100110110111101011011100110001010100000101101011101111110110110111000011010110101110000110101101100111001
1001111110000001101010100000101100110000001000011111111101010100010011011000001100001111000010111100101010111001010100101100100100001001110001111011111110101101111110000011000110010110010110010111100010110111100100110110011
1111101011111111111010101011101110111011011101000010110001011111000111011010101101011011010110011001111010001101010110111110110101101100010100011000001100101100000011110111010111011111010111010001111110100100001111100011001
1110100000010000000010111111111000100001011001010110111111111000011110011010100111000001110011110011111010111001010110000011111111101001010101001010101110101101011111000110010001001100010011110100000111110110100000111001101
1010111111000101111010100000010010101011110011110000000011001101000011011011110011101011000111111110101110001101010011010111000000001101010111011011100010101101001101111100110111011101111110000101110011000011101011100011001
1000011100010111000011111101000110101001100110000101011111101111011111110001010110001001110110001100000000111001110111011101110101101101011110011001110111111111100000001101100001000100000011010100010110011110001000111001101
1110110110111100010111000101101110101011110100110111001110000010000001100100011111101100010110100001101101111111000001011001000101100101011000111100010101001010001101011000110101101101101111110110111111110000101011110011101
1100000000110001110101010000111000101000110110110001100010101000101111101101001100000101011100101101101100101001101011111100010111101111001110001101110000011010100111011110110101101101101010100110100110000110101011010110001
1001011011111101100001011010001101101011111100011011001010111010100000101001100110101111011110100111001110000011111001100001110110000111111110101100110110111011101111000011100100101101100000110010001110110011101000011100101
1011010011000000110101011010101100101111100001111001101010100010110101111101101100100011010100110001100110101110110011110101000011010000110000101101111100000001101101111001110110100101101101100110100011100110001101000111111
1011111001101010011101001011111001101000001111000011001010111011100100001101101110110110000101110101110110100000011000011101101111110110011010111000101111101101100000001100110011110111101000110100111011110100111111010011011
1000011111001011000111011111010011111011011000010111101011110000111101111001100110100011011111100101000011101110111101011000111000000110110010011110000000100100110110100101110111011100001101110110001000110111111000011000001
1101110100011110010110010101011000011001110011110100111111000110011100001011101111110111011010001101101110000010000111111101100010110011111010110000111111101110100011101100010000000101011000010011011010011100000011011010101
1111010001011000111100110000000010111111000110000001110101110110110001111011000000110101110000101101101100101110111111000000111011111001001110110101111111111111110110001101011011010101011110111011011011000110111010001010101
1000000101010010000111111111110110000111110011010101000000000110110100011010011111100000011101100111000101100110000001010111110000101100011000110100000000010101000011111001011001010101010000001001011011101111111010101111111
1101010101011010101100000000000011011101010111110111101011110110010101110011000000110101011001101110010111101100101101010100000101100001110010110101010111000001110111011101011011011111111011011011111000111101000010111101001
1001010101001110111110101110101001110000000110100001101111110010110100011110011010100101001101100011011100101101100101111111010100111100011110110101110001101101100000001111111011001011000001001111000010110001101010011000011
1101011101111000111010111000111100111111111110111011111000000110110110111111001110101101111101101001000110000111001100001010010110110001001110100100011101101001110101100110101001100001010101101101110111111100001011000011111
1111110001101101101010111101100110011100000000000000111110110010010010000001011111101101100001101011011111010001101101011000110110011011100010110101001100111100011100110100001111111101110101100000110011010001011010011000001
1011000100001111001011100000110000110110111101101010000110111010110111011101010011000111111100111011010000010101100101001101100011110010101111100101100111110101001101100001111110001100011100101010111010000111001110111101101
1000011101111011101000111111111110000110110001001010111100011110110101011101000111010110000001100001010101010101101101111100101010000110000001101100110000000101111000110111111011011101110001101010001111101100011000110100101
1111011001000000001011101000000000111110110111111110001110110110010001000111101101110011010100110111010101010101100111000001101011101111010100100101100101110100110010110000000000000101111100111010101100001101001110000101111
1000001111111110100001101110101010000011100100000000111000110000110101010011000000010110010110100001010101010101001111111011001010001100010110110111110100110110110111110110111111111111010001111010100101100111011000101100011
1011011000000000101100000000111110101111101110111110111110011010010101011001101010110100111110101011110101010111011000111001111011101101110110010111000101110010100011000100000000101011000100001010110111001100001110101111001
1010011011101101111101101010110000100000101010100000000111010010111111011011001010111110110000101001111101110011111110000011100010000101100011110001010101011111101001010101101110000011010110111010110110011001011000100111111
1011001110000111010001101110110101101010111000110101010011111010000110001011101010001100011010101100011000011001101111111000111111010111101000011011111100000001101011011101000010101110010110111010011111011011010010110000001
1010011111111110000101100010110101001010111110111101010110000010111111011110101011011110110011100111011101110011000001011010000101110110001010110001100001111111111110011001010110111110110110001010110000011010010110011101011
1010110000000000101101001010100101101010100000100001010100101010000001000110001001000110010110001100000100110110010100000010101100000100101010010101101100000000000011011011010110000010110011011010100101001011010110110001001
1111111111111111111111111111111111111311111111111111111111111111111111111111111111111111111111111111111111111111111111111111111111111111111111111111111111111111111111111111111111111111111111111111111111111111111111111111111
