11111111111111111111111111111111111111111111111111111111111111111111111111111111111111111111111111111111111111111111111111111111111111131111111111111111111111111111111111111111111111111111111111111111111111111111111111111111
10000000011011010010000011010100110110000000001101000000000010100011011010100110001000110000110000000000011000000001100001101010100101100001101010000001010001100000000011010110011010000001010110010011010101011010001011010101
11110110110001011011111000000110010111111101100101101011111000111011001010110111101110011110111110101111011111110100111011000010110000101111001011111100011011111111111010000011001010111111000011011000000100000000101001010101
11011100011101010000101111110111000101000111110100111011101110101011100000100101101110110100010111111010001101011110010000011000011101100101100011001111011010000000000011110110011000010001101110011101110101111111111100010101
10011001000001011110101011000011011101110110110001111110000000000001111110110000000000110111010011010011100001011011011101111111010101001101001111101010000011101011110110100011011111000101000011000111010001010000010111010101
11011111101100010000001011111011010001010110000111001100111111111100110000011111111110000111000110011001111101000000000001101110010001011001011011001011011001111010010100111010001101011101010111110111000100000111110011010101
10000110111111011111100001011011011101000000101101011001110000001001111111000000000011110101110111000011010101111101011111101011011101001100001001100010011100001111010101100011011001010111110110010101101101111101010110010101
11110100110000000011111100010010001101101110100101001111011111101100011011111111111000000000000001111010000001011111111000000000010101011111011011111011110111011110000000001000000011010010100110110100101101001001010011010101
10100101111101011000101001011011101001111111110101011000000110001110110001000101111101111101010100000010111011010110110011111111000000000110011001010001110000011010111111011111010111011000110110000110000111100011000110000101
10110000110111110010000011000011101100110001000000001111110111100000011101110001001111110111110101111000110011010100011010000000010101110011010011010100011101010011110111110000011101000011100110111111110010101110011111110101
10011110100010111111010111011000000001100101111011100110010100111110110000111101011000000011111111101111111011010110111111111110110101110110000110011110110111011001010100111111001101010110110110001101100110001011001010010101
10110100001010011101111110011111111100111100000010001111000110000000000110000000001111111001011010001101000011000100110101110111110111000110111111011010110110001100000110101010011000011110010100111100110010101011101011010101
10110001111010110100011011010000000001111001101010100011110111111011010100101111100110111101010011101101111011110101110001010001011111110000110110011010110011101110110000101011001101111100110110011001100111101010000011010101
10011111110000110110110011111011101100101111111111111010110101000011010110111100001100101000011010001100110000000000011101000100011000011101100011010010100110001010100110000000011000010110110111001101110101101000101110010101
10110011011110010110011001100011111101101111110101000000000101111111011111100111101110101111011011101101100101011111000001111111001111010000110111011010110111101011110110110101001101110100010100011100110101101011111011010001
10111010011011010110111101001110110000101001100101101111110101000000011001110010000100000000000001001100111111010000011100111011100101010110000101010010000011000000111111100111101101010111010111011001100000101000011011011011
10100000110001000000000001111000110110101101110100111101100101110111111100011011110111111101101101101001111011111111111110001010110101011100110101011011101011111101101101110110100101010110000000001100110111100011111000001011
10111101110100010110111011011110100100000101000001110000110100111110001111000000000011011111001000001011100000101011110111101000100001000111110000011011001110001000101000111100001101010011101110111101100011101110001111011001
10000000011110110100100000000000111111110001101101011101100001101010101011111111011000000011111111100010101110000000010100001110111101101110000101011001100111100010001101101001100000010110100111100100110110001011100111010011
11111101111100110101111101111110111000000100111000010101111011000010111010000000001111011001010101111010111011101111010111100000100000000010101101000011001101111010100101101111111110110110110011110001100011011010101100010111
10000001110001111111011111010100000011110110010011010000011001111000010011111101111100011100000100000000110000001100010110111110001111101111111001111011011100001111110001001010110110110010100110011100110110000010100101000001
11111100011111011100000110000001111011000111000110011011111101011111000110110111101001010001110001111110000101011001000100000111011000001101011111101011010101011110011101011010100000110110110010110001100110111110101111110111
11111111000111010111110000101011000011010101111111000010010101001110010000000010101111111111111011110111010111111111110001110000001101100101010110000010010111011011000000000010111110110010110110111101110100011000101100000111
10000000011101010010100110111111111011011101111011111000110001011010111111111010100110110110000011000000011111111011000100011111011000110000000010111000110011011001010110101000000000000110110010101100100001001110000111110101
11111111011001011010111111110101000001010000000001000010011100000011101011000000001110100000111010011011111101010011111101111110011011111010110111101101110110011011111111111110110111011100010110101110110111111011110011000001
11000001011101010010000000000001111011111111111101111011010101111011000001110110101010111010011111111110000000010110101111000000111110101110100011000101100100111001100001010111111100010110110110000110000001100000110111101111
10011101010101011011111111101100111110000110110000011110010111100001111011011111100010110011110100001000111011010000000011111010001100000111101111110000110101101011101100000101100001000010110110111111101111111011100011000111
11110000010100011001000001111110100111110000000110110111010110111101100001011010001000011110000111101111111111011111110110111011011111010011001111111101100001101010111111110100111111111010110110010101001010101000110111011101
11100111000111001101111101010000001100111111111100000001010100101000110100011011011011010111110101000101101100010111010110100001110000011000011011000000110100001000110000000001100010101010100010110101100000101011100010000001
10111101101111100100001001011111100110101111111111111100010110001110011101001001111110000001100101110001100111010100000100110111111111011111011001011110111111101011111111111011111000101010101110100101001101101000111010110101
10001000000000110111101100010101101110000000000000011111010000100000111111100011000111111101110001111100110010000111110101111110001111010000000011111010011000001010110010000001100010000010100110101100011111101011110000011101
11100011110111110011100111000000001010111111111111000000011111111110110010111001110100000000111011010001111011110001000000011011101001111111101010100000110011100010011011111101111111011000101100000001110011001010100101011001
11101010010001100110101101111111101011101001110010011111000011100000000110100011010111111101100000000111010000000100011110110010001101101111111010111110011110111010111010000100110101111110001110111111111001101010001111111111
10111111010111110110100101111101001011001011011011010000011000001011101100001000000001100000111111101110000110110101010000111011101001100000110010110111001100001000110010110110000101101111011010010101011011000010111011001111
10011000000011010110110101000101101011101000000001111110111101011111100111011011010100001010100010101011011111111111111110000000000011111110111000010101101111100011111011110111110000001011011010110101011001111000000001100001
10111111111010000000110101110000000010101101111011101111100001111000101110011011111110101110111000100011111001101011001011111011111010100000011111010101000011001001010001100101111111100000011000010100000011011110111011001111
10101101010010111010000101011110101000101111000010100001111111101110000000110010001011111000000010001110101011000001100001111110101010111110110001000000010111111011010111110000000010001111011011110001111011000000001111100101
10101000011011111111010000001111111110101011111000111100111010000000101010011111100010011110101010100110000010010100111011000100000010111000011101110101110100110001010101011111111000101001011010100100011111111101111101101101
10001111011011001101111101100000110110101010101101110110000011101110101010111110111011001111111111110011111011111101100001110111101010001111000000000101000001100111010101000110101111111100001000101111110101101000000000001101
11101010000011011000110111110101100000000000000101100011110110111100101110110000000001101001010110011000111010101000111101010000001010111011010110110111101100110110010101101110100001100111100010101010110101100010111110111001
11000000111011011101100110111101111111011011010000110111000010110110100011111011110100001101000011001110000010001101101101011111011010110001111111111100000110100011000101101100111100110110110111100010010101111011101111101101
10010101100000001100110110101000010000010010010110000001111000010111110111111110000111100000011011100111111011100000001001001101110000011101101011011111101110110111010001101110010110110100000011001110110000011001000001100101
11111111111010100110110110001111011011011011011111110111101111010101111110110111101101101111110000110000000001001111101101011001100111010101100001010100101000010101111011100011010100110111101011100000011011111011011111001101
10001010000011110000000011101000011111111010010001100101000111010100101000000000001101111101111101111010110100011000000001011101111100010101111101010101111111010100110000101111000110110100001110101101111010110000010111011001
10101000101111000101010110101111001100000010111100001101110000010101101111101111111001010000010101011110110110111111011100010000011111010101010000000000110000000001100111100101110000000111100110100100110000011011000000000011
11101111101000011111110110001100011111111111111111011100011101000101100000111101011100011111000001010111100111111100010001011110110000000000000101111101111111011011110001001101011111110001101110101111111101110011111110111001
10000001101111111011000011101111010110000101010000001001111111110001110110110000010111010111111101010011001101011001011101001010111111110110101101000000011000010001111100011001011010011101101100101011011000111010010110011101
11110111111110000011111000100000010011010000011111101011010011000101011110100101000010000100000000000110011000000011111111100000011010000110111111111101001111111100110111011101010011010101100001101001010011101010110111010111
10000110011011110110001110111111000111011111010111101001011001101100011000110101111011110110111111110111110010111110000000001011000000110111111000001101111010100001100111001000011011000100101111100011011010101000000011110111
10110010110011010011100000010101011101111110010100000011011100111001111110011111101000000111100000100001100111110000101011011010011010011100000010100000110000001100110101101111011011110110000110101111011000000010111110110101
11111010100110000110111111010100001100110011010111111000000101110011110111001111000011110100111110110101111111011111111111111111111110111001101111111110011111111110010100101000011010000011010000100101011101111110000010110101
11010000110011110110100101000111101101111010010110110010110000011011010011100101111011000101100000000111011010010101010101110101000111100011111101111000111010010111000001101111011011110111110111101101001101001111011110110101
10000110010110100100110101110010101000011011000000000111111111010011010110101100111111110001111111110011010011000101010000000101110101110111010000101110110011000101110100101001011010110110000110101000011000011011110000110001
11111111000000110110110000111010000011110000010101101101000000011011010100101110000110111101011010000111010111110000000101110000000100011101011110000110111011110101111110000011011010000011110110101101111011110001111101100111
11011101111110100000111101101010111010100111111111101101111111010000000110001011110100000000001011110000000011000110110101110111110001111000000011110000000000000001011011111001010011011001100010100100110000100101010101110001
10000000111010111110101000101011100010110100011011001000000001011111110111101011100001101010100000000110111011011111111111010100111100110010101001111101011111111100000000111100000111111011001010110110011011101111010101000101
11101010000010101010101110100000111010011110111001101101101100001100100101000010110100111110111111010100110011111011011011011110000001111011111101011111011000000001011110100001101101100000011110010110111011101011010001011111
11111111011000000000101100111011101010110010001101111111111111100110110100011000011101110111111011111111111001101000011000001011111011001010010000000000011111110111110000111111000101001110110111010110010000000011010111011011
10010100011111110110000001101011000010011011011000011011010101110000110101111110111111100101101010101101101011001110111111011011000001101111011111110101110000000100011110110011110001111010110011000110110111111110010110011001
11010111110100000111110100001011101011011010001101110000000000011110100111100000010110110000000000101001000001100000010101011011111101100110001110110111111101101110110100110110000111100000010110011110100001010111010011011011
10010011100111111100000101100000111011011011101101011111111011010000110010111110110100000101110110001101111100111110110000011010100000110000100000011111011111111000010110010011110110111010110110110100101111010011011010001011
11011000110101101111010111111011100010010001100101011000011111011110111010110010110111101111100100100000010101100000011111000010111110111111111111011000000010111011000111011011010110101110110010000110101011010111000000100001
10001101100000000101110100100010111011000111110100011111001100000000000000111000000001111010110110110111010000111111000101111000111110000101010010011111111010100001110100000000000010101100011000111110100001000001101110111011
11100000001111110101111110001000000000010011110101110100011111011111111110011010111101010000000100110100000101100000010000101101100011110001011011010110100010111111000110111010111000001110111101101100101111011111100010111111
11111101011100000001001010101101110101011001100101100111011001111000011010110011110000000101101110110111011100001110110110000000111011000100010001010110111000110101110011111111101111100000101101000001101101000101001111101101
10110111110101111101100000111111000111111100001101110000001100110011000000011111011110111111001011100100011111011111111111111110000011111101000100010010101010000100000110001111000110111110101000011111100101011100011111100001
10100111110111011100111010011000011110111111101001011111101110111111111011001100010111101111111011110110110000010000000000000000110110111001111111010110001111110111110011011010010000001000101111000011001101001001111010101111
10110101000110000001101111010010110000011011101101010101001000001101111111100111000101000101000000011111111111111111011111011111110000101100111000000000100011100000010110011000111111101110000011101111101101011011010000000101
10010101110111111100000000010110110111011000101101010101101101111001001100110001110001110101111101001101100000000001111011111001011110101111100011010110110110110111010111011101100000000111101110100011001001010000000111111101
11000000000010111111101010110110111100001110001000000101101100011101101001110111010111010101101111011000001101010100110001101101011000000110111111111111100000011110000000010101001101110101100010110111011011000111011101000101
11101111111000000000001010100100101111011011101111110000101001110101000011100001000010000101001010011111111111110110011011000000001111110010101110101101001011000000111111010111111001000100110110010100011001011111000000011101
10001100011101011101011111110110100001011010000000011110101011000001111011001101111010110001011011010101010010111111000000011111101110011000000000001000011010010111111000010110010011110110000011010001111011011101111111110001
10111001000111010001011001010011101100000000110101000000000001111101011011011000100000011101011011000101011010101101111111010000000000110011101010100011001111111111101111000011011111010111110110011011101001000000110111111101
11111111110000010101001101011011111111111010100101010110110101000000000011111110001110111101011000010000000000101001010100011011110110011110001011111110011111101000000011110110011100000001100100110010101100011110000000011101
11101010111101010111011000011110111000000010110101111111111101110111111001101100111111110101001101011110111110001100000111011111111111000110111111011111110010101101101000000111010111010101110001100110101001000010110101110101
10000000001001010110011110110100000010111010011111101000001001011111000011000111111011010000011111111100111111100001010011010100001101101111111110010001111000000001111101110100000101111101011101110000000011111111111111000101
11110101100011011100110010110001101010100010110000001101100011011000011001101101000011011101110110110111100000001011011001110001101001101011001011011100011111111101000001110111010000001100011101010111101000000000001001110001
10000100110110000110011000100101001011111010011111100001001000001010111100101101110110010000110110100101001101111001011101100101000011000001101000010110110001011111111111010011111111100110110101010001111101011111111011010111
11101101100011011111111110001111101111000011110000001101101111011111101110001101000111000110110110110101111111111101110100101101110110011100101111000000111100010110111010000110101100110000000000010111010111000011010000000001
10001001101010010101011000101011001100010110000110111111111000001101000011101001110101110110100000110000110111001101100001111111100000111110000000011110010111010100001000110000000001110110101011000000010001101000000111110101
10101111111010110000000010101000011001010011111111111011011111101100011000000011010100011100001110000111110101100111001101100000111011110111101010110011010011000111100010011010111100000111111110010101000111111101101110010111
11101000010011110111011110101011111111110110001101000000000000100111110011011000000111011001111111011101010101110110011000110110000001100000111111111000011011110100001111111011110001010011011000110101010000001101100000110001
10001011000110000011111100101010000011000011100000010101010110001101111111111111110100011111110010001101010100100100111110011111111101001110110110001111011010100111111100000011000101010110000010010101011010111000110111111011
10101001111111101110000001101111111011110111111111110101010111100000011000100000000001001111011011011000010110110110100000111001010111111000000011100000000010110111000101011010010101010111111010110101001010001011100001011111
10111111100000000011111011001101000001111100001010000111111101110101001110001110101101100000000011011111000000110011111110101101010110111110101000001010111000000101110001010011010101111101100010011101011110111111001100000101
10100000001011010110000001111001111101010001100000101110000000000101100111101000111101110110101000001101111110111011010000000100010100000000111101101111111111110000000101010110011101101000001010111111001110010101111001010001
10101111111110010011010100011101100000011101001011111010111111110111110000001010100111011111111110100101110000000000000111010001000111111110110001111100000111111011110111111111001111100011111110000001100011000000001101110111
10111000010111010111111111110101111111001111101010011011100000000110110111011110110011010000000000110001011011010101101100010101010000000010011011010001110100000011000010101010011000001010000000101011001001110110111111111101
10001101000000010100101011010101000001101010101111001000111110111100000110010000011001000101010111110100000011111111111001010111011111011000110010000111110111101011110110000000111111011110110110101001101100010100010111011001
20111001101110110110000001000101101101101010111101101101100000110001010011110111111101111111111110000111010110101011011101011111010000011110011111011111000000001010000111011101110110001110110011101011100101011111000000000011
11111111001000011111111101110101111000000010111000001101110110100101111011111111110101000011101011110110011100000000001111110000011111001100110101111000011011011011101100010001100000111000011000101000101111111010010111101111
11101001111101011101011000000000011010111010101111101101011111110101000010001100000000011001000000000100111111010101100000000110111000011110100001101110110010001111000110110101111010110010111010101010101000000011010001100001
10101011001111110000010010111110111011100000000000101001011011011111111111100111111111001100010101101110000111111111110101111111100011110111111101000000111010101101101100110101000010011010110011111011100011010111010111110111
10000000011010111111000111110000001111111101111110101100001010011100111101110111111100011001010101000111010100101011111111000001111011110101010101101101101010101100000110110101111011110010011000110010001110010001010001010001
11111110111000011001111101011111100110010001000000000001100000110110000000000100000001001101111101111100011110000001101001110100111010000000000000001111000011101101010110110101000001111011111011110110101111111111110100011011
10000000101111000011000000001111110011011111111111111011001010000000110111110001101011011111000001100001111111111011000011011110001110101011111111100111111011001101011111111111111101001011000000010110100010101010011101010001
11111110101001101001101110100000010110010111000000000011011111101011111111111101101001111000010101001011000110100000011001001011100000101010000000001101100011100111000001101010000001100011010101010011101000000000111101010101
11011000001011111100111111111111010011010101111111011010011000001111011000000000111111001110111101011111110000111101011100011001101011111111010110101000001001110100010111101011110101111011011111011011001011111110000101111101
10000011101001010101100011000000011011010101110110011011011111101000000011011101110101101011111101011000000110000001010001011011001010000100010111111111011111000101110110000000000101000010000011001111101000000110101100011001
11101111101100000101111011111101000000010100000000110001110111111111011111111111100000000001010001010011011111010101111101001011011111110001011100000000000111010101000011010101110101111011011001100110101011010011111111111011
10111110101111110000010000000001111111000001101010111011100000110111111101000110001011011100000101111010010001110111000001100000001100000111111111011111011100010111101001111111000111000010001100110110101011010111110111110011
10110000000000111111011111111111000000011011101110100000101010000000000000010011111010010001010111101111111101110100010100110110111111111110000000010000001101011110101011101011110100011011011101100100001011010000100100011001
10000111111110101110000000000000011110110010001100111011111111101110110111111000000010110101011110101101000000000110110111100100001100000000101101011110111111010000001011000000000110110001110000110111011111010101101101111101
10101111000000000000111111110101010000011111011110111110110001101000100100000011011011111111111100001001111111110111111111111110111111111111111111110100010100011010101011011010101100100100011011110100000001110100000000001101
10111000011111101111110000000101111110110000011011101110010100111111110110111111111011000000110111101101010010011101101000111000110000000000011000000001000111010010101110010010111110110111001010000111011011110101101101101101
10100011010000001100000111110111000000011111010000000010111110110111000110100000000001101010000000000000011011011000001110100010100101011011000011010101110011010111100011011110110000110111011111111110011001011100100111111101
10111011011010101111110111100001101111010000011010101000011000000001111111110110110111111111011111111111011011011111011100001011110101111111101011111101100110010100001111111111111010110100000110001011001100001101101111010101
11111011111110101000000100101111111100011101011111111111010010111100000000000110100111010101111110000000000000000001011001011011000101000000001010101001101111110110100110000000000011110110101100100001011001111101101000000101
10000010000000111111111110111100110111010001110101010110000110100001011101111100101100000101100011101111010101101100000011010001110101111101011010000011001100000110101110111011101001100110101001110100001100000111000010101111
10110111111110110111111000010101100011111101000000000000101111110111010001000001101111010001111001111011011100111111101111011011000111111101011111101010011110101100111010100011101011001100111101100101011001011111101111100011
11111110000000110000000011000100111010101001101101111111111101011111110101111011000111111101011101010001111001100111100110001111010110000001010000001110110000101101111011111110101001100110011001110101001101011100100000101001
10000000101111111101011111110101101010100011111111111111010101010001111101000011011101101101010000000100000011110000001111011100010011111101011110111000111101101111100001010000001011001100111011000101011001000001110111111011
10111111111111011111110000100000000000001110000100000000000100011100011111111001111000000000000101110110111011000101101101000111010110000001001111111110011000111011001100011101011001011110110001101101111101101011010000011001
11110011100000000110110110001110101110100011110111110111110110111101110111000011101111011111010101000110100011110101111100010100011111111101101000000010111111100001111111001001001101001100011011001100001101001000010101011011
11010110111011110100000111101000101100110110000101011111000110110000110101111110000111110000010101010100111010000111000001011111001100000000101111101000110110110100000101101111011111011001010001101001011111101011111111111001
10000010101110000001111101111010100111100011010000001101110000111101100100011111110000100101110101011111110011010110011101001100011001011111111101101101100000011111110000000000010100001101011011111101110100001000000000001101
10101000000000101011000000000010101100001111111010100000111010000000110111000001110110001101000101110000000110011100111001011001001101110000111000001100111111011011011101110101000101101111110011000001100111011011110111100101
10101110111010101111111101011110101111101000111111111110101111111011110001101100000011011001010111100101011111000110100011001101111111000110000011011101110000000010000001000101101100111000000110010100001110011000111111111111
11111111110011111110110001111100101011111110010000000000001100000001010111111111110110001101111110110111111000011111111011011111100111111110110111011001000110101000101101010100100101100010110011010110111000110010001000000011
11000001000111111000011111100001101000011011011111111010100111110100000011010110000111111111000000100110100011010101011011011000001100001000110100001011101110101110101001111101110111111010011011010100001101100110100010111001
10010100011110100011000110001011111111000010011010000010110000110111111011010010110100000110010110001100001011010000000011001110100101101101111111011111111011111100111011000000110011000011001001111110101101101100101110011011
10111110110000001111110000111110110001111011000000111010110110000001100011000111111111101111011100100111111011010101010110011100110001000001100000010101010001110001111011101110011011111111011101000011101101100111100011111111
11101010011011011000000101110100000100000011110110100010110111110111001010010001000110101011111111111100000001110101010011011001111011110100111101010000011100100101000000100110110010000000000101101001001101101100001111110001
10000000110011111111101101000001011111111010000110110111111100000011101000110101101100001010110001010111111011000101110110010011001111111111110001111101001110001101111010101110111011101101011100111100011001101001100000010111
11111110111110110110001111111111111011111011010110011111101001110110111010110100001111100010011100010110000001111101000011111111101101011011011101000001100000101000011011100010100011001101110001110110111101101101001101000001
10000111101000000000101000000010100000000000010111111010100011000100000010011111100011111010110111000100110100000111101001100000000000000000000001110111111010101010110010001111101010011000110101100100001100101101101001011111
11110101101111011011111110111000001010101101011100110000001110010101111110110000001000000000000011110111110110110011001011111111101101111110101011111110000010111110111010100001101011001101100100110110101001111101001101000001
10000001101101111111011010100011101010101101111101100101011100111111001000111110101011101010111001100000000110111001011010100000000111000000101010000000110110011000001010101100101111011111111101100000111011010111101101101111
10111101001100101101010000101010001011111111000000001111110110011011101111101110101010001011111100001011010100001011111110111110101111101010111011011101110011011101011010101001111000000001100001101010001000000011001101100001
10100001101110101100000111111111011011010111111011111110100000110001100000000000111111101111100001101011010111011110101110110111101101101010110010010001000110010101110010101100110010101101101111001111011110101011101100110111
11101100000000101110101111010100011010010101000011100100001011111101001110111010110110001000111111101111110100001100001010000101111000001111111011011101010011010001111010111001100110100101111100011110000010101010000110110001
11111110101110101010101000000001111111010101101110110111111111100000011000100011110000101110000000000110000110111111100011110000011101011101101001111111011010010100001011100011001100101100110101011000101011111111101100011011
10010110101000000000101101011111101101000000001100010100010100111111001110101011010111101110101101010011110011110010110111011110110001110000000011000000011010110111011000111011011110100101100001010010101000110101100110110011
11000011111010101110101111111010000000011011101101000001010110101100011110111010000111111000111001011111000110011000000000000000000101000110110110010101010010011100001101100011011010111101001101111010111111110000001100011001
11111000000010111110111010000000101010110011001111101011000000000001011000001111010100000011111011001101101111011110101011111010110101101100111111010111011011000110111000110111010000001111101101000010000001011010100110110011
10111011101011110000011000111011101110100111100110111110011110111101011011011000010110111111000001100001111000001000101011000011110111001110100000011111111011011110111110100110011101100110001001010110111111011110110110110111
10001111101110000101111101110010001100110010101100000000110000110001001111111101111111101101110111110111010010100010101001101010000011100111111101110000000011001100000110101111001101101111101101110100000100000110111110110011
10100000001000101101100111011010101111100110001111111011111111111111111001111111101010000000000011000110000111111011101011111011101001111101000001111111010110011110110011100101011000101100001101111110111101110010011000011001
10101110111010101000110000000010101000001100111011110010000000000000101101011000001011111110110110010110110110000000111110110011001101000000011101001101010110110100010110001101111010100110101101001010000000011010111010110011
10111110011110101101100111110111111101100110100000011111101011011110000000011111101010000000110011010100110011101011110110100111111111010101010001100000010100110001110110101100100010110110100111101000111011111111100010011001
10100000110000111000110100000011000000110110111111000000001111111000101010110101000000101110110110010110110110001001100000001100000011111101111011110101011110011100011111101110001010110100101110000010011000010101111011001101
10101010111110110010011110101110010101100010100000010101011000000010111110110000010101101000110011011100010010101101110110100111111000101000101010000101001100110001000110001000101011100110111100110111011101000000001001100101
11101111101111100111010000101000111111101011111110111111111101010111110000011111010111001101100110000110110111101101000100110110000010000010100011110101011110011011010100111110111011111111100001110100000111010111101011001101
11111000000011110011111110111101110011001111100000100000000001111110010111000000010001101000110010101100100011001111101110100010101111010111101110000101000011011011110110100000110000101101110101011110110001010111111001100101
10110010111000000110101110111111011001111110111110111101011111000011000100010101011011001110100110100110101011011010100111101010101000010011001000101101011111010000010011110101100101100000000111000010100101110000001101101111
10011111100011011110001011101010001101011000000111110111110011111000011111010101001010011110101100111100101011110000001101111011101011010111111101101111000110011101111110000101101101001111010011101000110111000111111001000001
11001101111111010011101011000000100001011111101101100010111000000011110000010111011111011000101110011001101010000111101000010011001111110001100000111000010111011000101100110101000111111111011010001101100001110111111111110111
11100001011101111010000001111101111101010110000101001000001111111111100111010100000011010010100011001101111010111100001101000111101000000101111011111111011100001010001111100101101100000000011011101100111011000000001010110001
10111100000000101000111011010111100000000111110101111101100111000000001110010101010111111010101111101100111010100001100111110001111111101100110011101000001101011010101011001101100110101101001010001111100001011010100000110101
10111101111110000010100000000110001111110000000000000001110101110101011000111111010101111110100011111101100010110101101100000111011010000111111010000010100101001010100001101101101111111001011110111000001011011011110101111101
10100001000000101110101110110011111010000111010110101101000001111111001110011000011101010100101001100000111011100101111111101100001000110110011010101010101101011110110101001101001000000011000011111111101001011000110111000101
10001101011010101000111110011000000000110100010100111001010100000000011110110010111101000001101011110101100001101111010101111111100011100011011011111010111111010110110101100111101101010111101111100000001111001101100011011101
11101101111011101011110000111110111010110111111110110011011101010101010000011110100000011011001111000100110101111010000000010101111111110110000010000011100000000011100101101100001001010000111100001011100011011000111000000101
10000101100011111110000101100000100010111110111111111111011101111111111111000111110101011011101100010101100111000010101101000000011110000011101111101000111110101000111101001110101101011011110111011110001111001111110011011101
11010101110110111111101100111111110110100000010110000101110111111010110111010011000111010001100110110101001110011011111111111111010000110110001100001010110000101101101111100110101101111111100000000111100001100001100111110101
10010111000100101011001001101011010010111011000011110101100011010000000000010110010111111011110011110101011011110001011010111100000101100111101111101010010111100100000000110100111111100000001011010100001100101011110000010111
11111111111110001001101111000000000111100011101010000000111000000111101101011100110100000001100110000101010000100100000000000111110101101100000110001011111111001110101011110110011000001101101111110101101111111000110101000011
10101100011111101011111010011011011101111001111011111110000011111110001111001111111111101011110011010111110110111110111101010000000101100110101111101000011000011110101000011100111110101001000110100101000011011011111101101001
10001110110101100011011011110011110000000011011000000000101010000000100001101000001011101000011001111110110100000000100001010101010111001111101101111011110010110100101101111110011000111101101100001101101000001000000111111011
11100000100000111011010011100110111111011010000011011110101111110110110111001111100000001011110011000000111111111010101101011101110001100101001100000011111010000111101101110110110010100001000101101101001010111111110000111111
10001110111101110000000110001100010111111111101010010000111101111100110001111110001010101000011001101110101001111110101001010001000101101100011001101000001010101100001100000110100111111011101111001101011010110000011010000001
11011000000000000101010000101001000101100101101011011110110001011001111011100000111010111011110011111010101011001110101011111111011111000111111101111011011111100111101111101100110100000010000111100101111010000101110011010101
11001111101111101111111101111011110101110100001011111110011100000011100011001011100010011011100110000000101000011000101011000110000110011111110101000011000110001101100001100111111111111011101100001111100011011100011111111101
10011000001000001100000000111110000000000001101010000000110110111000101001011110001010111000110110111110001101001101111111110000101111111100000001101011010011100001101011001100000000111110001110100011001001011101010110101101
10111110101110111111111101101100111011011011101111111101100000100011111011001111101110101101111111110011011111100000110001000110101100000001011011001110010110001011001001101110101010000000100011101111111101000101000000000101
10100100111111111011100001000111110011010011001110101100111010111000011011011000001000000101101101011011011010001111100101110110101001010111110001011000110011101001101011111000101011010101101110001100000001011101011111111111
10110001111000000010111011010001000111011011111000000001100011100011111111111111101110101111000101010000000000101000001100000100111011011100000111111101110111001101101000110010111111110101000011101110101101000101000000000111
11111011000011111000010011111100011101111110000010101101111111111000011110000101111000101011110000000110101101101101100111010110100001111111010000110100010110011101101011100110001100000101101010000010101001011111110111010001
11011001111111000011011110001111011101100000101110111111011000010011001011110000010010111001111011110110111101101001111111010110101011000000010101100001010110110001101000110110101001101111001111101010101101011100100001110111
10000011011101111111010000100110010000110101111000111000000011000111100011000101000110011101001111000110100000101101000000010110101001101010110100110101111100100101101010110100111101001000011000101110111111010110110100110001
11011110000000001000011111101100110110000101100011101111111111010000111011110111101111110001100000010111101011111001110101010110101101001011100101111101100110111101001110100110100111101110111110000010110100000000011111110101
11111111111111101111010111000001100111010101110110000000000000011010110000110100001101000100111010110000101000001111000101010110100111111111001111101000001110110001011110110110110111111110011000101010100110110101000000011101
10100010100000000000000101110100110100010100111100111101111011001011111011110101011000010110000010011011111101111100010101010010101100000000011010101101100011100101000010011111100001000000111010101111110000010111011010111111
10001000001011010101010000000111110110110110011001100001000011011110011000010111001101011100101110111000110000011001010101010110101111011101011000000000110110001111010111111011111100011010100010100101100110110011011010000001
11011111101010011111110101101100000111100110111100111101110110000011000011111100011001111111101000110011111101001101010111110110111000011001001011111010110011101100011111000000110001110011111011101100111100111111111111011011
10001111001110110000000101101101010100001111100001100001000011010111111011011001001101100000001110011000001111011001010011000100011110111011101110110010010111101111000110010110000101100111000011001110011110000101110100001001
10111000011100011011010101001101011101011011101111001111110110010101000011010011011000111011011000111101111000001101010111110111110000001110101100000110110110000011101100111110111111110001111011101011000000110001010111011111
10011110110001111111110101101101010001110000111111111000000110110101011110000110011101100010001110110000011111011101010110000100000101111110101001010111100111101110001101100000110000000101111110001011010110111100000110000001
11001111111011000000100101101101110111111010010000011110110010100101111111010011010000111011011100110101110000000111110011110110111111000000001111110101110011000010101100110110011010110101000000100011010110001101110110101101
11111011100001110110001101001101111110001111000101000000011011101100100000011011011101100010010001100101100101010010111110000111100000011010101000000000010111101011111110111111011010100101010101110111010011011000010010100111
10111010111011100011101101101111001011011000011101011101001111111110001101011011001101111011011011110100110101011110101010111101111110111010101111101110110110001001011000101000011010110101010101000110010110011101011011110111
10000000101110111110001111111011100000001110111001010001111110011000111001011011011111000001111111000110110101011000000000100000000000100010111000001111100111101011011111100011001010100111011111010011010111000101110011010001
11101010000110101011111011010001001111100000001101011011111011000010110011001010000111110101110100010110110101001110110110101111101101101010011010100001110011001000001111111110011111110110010000011011110001101100111111000111
10001111010000101010100000011101111111101010100111111011000000011010011010011111011100000111010001010100110101011000110111111111100111001111011011101100011001101101011000101111000110000011011010110000110111000110101110010001
11111101110110000010001101000101110000001011101100100001101011001110111111000101010001010100000101010110110101001110100100000000001111111110001110001101111101101001010010000000011111110110001110011010100001101100000010110111
10000000111110101000101001010101011010101010000110001011001001100110001101011100011111010101010111010110100101011000110111011110101100000000111000101000001100111011011111010111010110000011011000110010110101100110101011100001
11111110101000111110101101110000001110111011010011011001101011110110101000000101011000011111110001010110101101011101111111111100100111110110011111101101111110111001111110011100000011110111001110110110100111110100111111101011
10111010101110110100101101000101100110001011011110011011001111111110101010110111001111111011000111110110100101110111100000000001101100000010110000001100011000100011110000110001101001110100011110110010110000110110000000101001
10000000001111100001101101011101110000111111111111011011100001100000101110110110011000000000010001100110101111000000001101011101101110101010111110101101001010110110000101111101101011000101110000011010111010100111011011111101
10111111101011001101101101010001000110111110100000001010001100101010101000110011001111011011111011101111101011111110111001110001000011111010001100100101101011100011010100011001101110010100011101111111100011110011011000111001
11100000000000011000111101011101010110101010001101011010100101101111101011100110011111010011101010101100001010101100011101000111110110000010100110101100101110001111111111110011101100110111001101111110001000111011011111101101
10001111101101001101100001010001010100000010101001110010101111101000001010001100111000011110000000100101101000101001001111110001100110101011111100101101100011011000101011100110000110100001101000011000101010100011000000000111
11011100001101011000110101111101111101101110101100111111100000111101101010101110110011010000101010111111001010000011011000000100110100101000000110101100101111111110100000001111101100110111111110111101101011111011101010110001
10010001111101001101100101100001000001100010100110100000001111110001101010111010110110010110101010001111111111011011111110101101110110111011010011100110101010100000001010101010100110110000110000110000111111110000101110011011
11011101000001011000111100101101101011101010101100101101100000011101101011100000110011010011111010100101010000010010100000100101000011100001111111001100101000001110111111100000101100110101100110011010010110100101100011001001
11111101011101001111101110111111111011001010101110101001110110110001101111101010011111010110000010111100000111010110001101101101101111110101101100011110101101101000110000001101101110011111110100110010110000001100101011011011
10000001111101111110000011110111010001101110101000111101000010110100111100001111011000010100101011110001010110010110101001101111001100000100000101011000111111111101100101011001000111000110000110011010011101011001111011111111
11111100110001111000101001100001000100111000101101100101110110010101110101011001001101110110101011000101110011011111101111000011101101010110110101001010110000100001111111001101101100010011010100110010110001011101011000000011
11100001111101000010111100001100010110011110101000110001000010111111000001111101011111100011101111110101100111111101111011010110101111110010111101011111111110001101001011011001000111010110010101111011110101001100011010101001
10001011100001011111110001101001010100110000101111111101110111101011010111000000001100001011111110100100110010100000000000011100001000000110000111010011011100101001100000001111101100010100111100011011100101100101001010101101
11111000111101111101100101101101011101100110101110000001100001100000011111111101011001011010000000001101100110001111111111001101011111010011011100000110010111111111111010111000000110110110001111110010001111001101101110100101
10000010011001100000001100111001001100101100111011110101001111111111010000000001001111110011010110101100110111111111110000011001010000011111000101010011000011010110000010001101101111110111011000000110100001101000111110111101
10110111001111111101011101100011100101100111110010100101100010100000010111101011101111000111111110100101100100000000000111011101111111000110010101010111101000000000101110101101101100000101001011010100101011111010110010001101
11110001111110000001011000111010001111101100011000001101001000101010110100001111001000010001110000101101111111111010110110001100110000010011010111010100001010101010111100101101100101010100011011011101101000110010000111011001
10000111000000101011001101100010100010111101000010101111101011111011100111100001111101111111011011100111011101100010110111011110011101011111010001011101011110101011100001101100110111111101011010011000101010110111010001111101
11110011111010101010011000111010111000010101010110101000001000011001110111101011110000110000000011001110000000001010010100001011111111000110010111001101010000101011001011000110110011000001001111011011101010010100010100001101
11111000110010101111010011101010110011010001110011111011101101011011011100001011000101100101011011011011101101101010111111011010010000010111010011011111111010101111101001101100110111101011011100011001101011011101011101111001
10000010011010101100011011100010111001011011000111011110001101110011000001101111111101110101111010000011101111001010011010010011011010110011011111000011000010101000001100101001100110001111000111011011001001000111000100001111
11010110111111101001001110001110011011010011010100000000101100110111111101100101000000010111100010111110111000011010110011011000000010100110000001011111111011101101011101111100110011100001101111010001111101101111101101101001
10010011110100001111101111011000110011110111111111110101100110100110000000110001111101010100001010110000011111001110011000010010101011110011010101001110100000111111011000000110110110001101001000010101100000101100000100111011
11010110000001011000000011011101111000110110101011100101101110101100111101111011100001011110101010111101000000011000111111011010101000011001110111111000101101110110001110110100110111100101101011010101101101100111101110010001
11010111111101111101101001110000110010110110000000110111001100100110110001101010001011011000111110100001101101011011100000011010111101111101100000011010001111000100101000010101111101001111001010010111001001111110000011000111
10010100000001000001001111111010100110100111101010000110011110101110011011000010101011001110110000111101111101111111110101010011110001011001001101011010100111110001101010111101000000011010011111010011011011000000101001010001
11011111010111011011100101011010110011111101111111010100110000101000110001111010101110011000011101100000110001100000000101011011000100001111100101011111101100000111001010011001101101001011001101010111011001111010101101111101
11111111111100011001101100000011111000110000010000010110011101101110110101000010101100111101010101110101100111110110110101111001101110100011001101110000001111010001101010111101101111100001011100011100001111110011101100000101
10000101101001001011000110101000110011111111000111011100110001101000011101101010100110100001010000011101110000111110110101100011001010101111100111111011011000010111101010001101001000001111110001001111101000000110001101101101
11110000000011011001010100101101100111010100011110001101111011101010110001001011110110101011110101001111011010100000110111001001101000100001101111011010011101010100001111011001101111100000110101100101111010101111101101111001
10111110111010011011111111101100101110000001011011011001010011001010111101101011000011111001100101111000000011110110100011101101111111101101000000001111001111110110101100001101101000001111111101110000011010100011001000001011
10100000110011001110101010001101111011111101010000001011000111011110100001101110010110000011110101111110101001100011110110000101000000000101101101101000011000000100101110101100111110100000000101010101011111110111101101011111
10001010011011011000000010111000110000000001110110111011011100011000111111001100110110111001011101001100101011110111010100101101011011101111100101101011011111011110101000101001100110110110101101000101000011100011000101000011
11101110111011001111101000100011100110110101100100011011011001111111111111011110100111111100011001101110111010000110000101101001110010000011001100101010001110000010111110101100110000110111111111101101010110110111110101011001
10001100110011011111111110111000110110100101001111001001111101110111100000001100101100000001001111000000011010110011010101101101111010101011011001101111011011011110100000100110111110100000011010101111011110000001100101010011
10101001100110011000000000110010110110110101101000011100011001000000001010101001101001010101011000010101011010100110010101101001000010101011001101101100010000000010101010101100100000101011000000101000000011010100110101011001
11111111111111111111111111111111111111111111111111111111111111111111111111111111111111111111111111111111111111111111111111111111111111111111111111111111111111111111111111111111111111111111111111111111111111111111111111111111
