11111111111111111111111111111111111111111111111111111111131111111111111111111111111111111111111111111111111111111111111111111111111111111111111111111111111111111111111111111111111111111111111111111111111111111111111111111111111
10110100010100001011000111101010100110001000000011000000000110110010101101000011000000000001100001101100101100101010001101100110101000001100000101000101100110001101010001010010100010011011010110101000001011010101001101000010101
10110111010101011011110011001000101111101111111011011011011110000110001101101111111011011111101111101101100001101010111001110010101011100111110000010000110011011100000111011000001110110000010110001101100011000001011000011110001
10000011010111011010010111101101100110101101101011111111011011110011011001100010101110001011000010101101101111000010101100110110100000101110000101111111100110010110110110001101111010011011110011100000111110010100001101110010111
11110110010110001011000001101000001100001001000001100001011011000110011100101110100011100000011110100000001010011110101110110100001101111011101100001100110011010110011111011001010000110010011010110111110100111110111000010110111
10010111010111100011110111001011111111101101111011111100010011110111001001101100101111001111111010101010100000110110100110110101111111010011000111111101100110010011001101001100000101110110110000000000000001101111110011110100001
11000000010100111001100111100000000110000001101001100111000110000101100011000110000110011000101010101111101111100110101100110101001011011001110010011000001111010111100101011001011111000010111101101010101111000101011011100001011
10011111010101101100110001101111011111101100001100110101110111110001101111110010111110110010000000000101111000110100001001100000011010010011100110111101111010010110101100011011110110011110010101111111111111110101010000001111111
11111110010001101101100111000011111101111001101101100000110100011011000011010110101100000110110111110000110011100111011011101110110000110110001110011001011010110010101111011010100010110110110001010110011001100000011011111010101
11000011011100101001101101111010110000011111101101111110000101111000011110010100100110111110011100111111111000110101001010100011110111100111100000110011001010110110101011011000101110110100010111010011001101001111111010111000001
10011000001101100011000100011000011011110111001000110010110000110010111011010001101100001011111110101101101011100001011010001111000000110001101110011011011010110010101011011011101000000101010010000111011101011000101000001011111
11011110100000111011110101110011111000110001101101100111111110000110101001010111001101111011010110000000100011111101001010111100011110111100001011110010001010000110001011001001101011111101111000101101001000000011101101111010101
11110011111110101010110100111001101110011011000001001101011111101100000011000101101101011001010110111111101110011101011000010111000010101101111000111011101010111110101001011011100000001000101011111101011011111110000000011000001
10100111100000000000010101100011001110110001111101011101010001111111111001101101101000001100000010011010100100110101000011110011101111101000000011101011001010111011101011011000001111100010000011010101001011100000111111111011111
10110100111111111011110000110110011010011101001000010101011011010011101011000100101011100110111110110010001101110001011111010110101011000011111000101001101000001011000010010011011111001010101000010000011010101111110110110001101
10000110010100000000110111100011001010110101100010110101010001011000001010011101101001111100001100011000111100100101010101000010100001111001001111101100000011111011111011010111111001111110101111000111111000001101010000011011001
10110011010111111101100000111001101000100000110110010101011101001111101010110100000011011001111111011011100001101111010001011110001111000011011101100001111111011001100000000000101100000010100111111101101101100000000111000001011
11111010000011110000001111111011101110111101100100110100010000011101001000000001011000010011011011011010110111000110000100000010101011111000011000111100111100000011001101111010100001011111111101101000000000110101101111111111001
10001011111000000110100101101011001110110000111110110111011101110101101011111111111101000111010000011000100001011111011111111110111001010011110011100001100111110111011111101111101111111011010100101011111111111101111101101011011
10100001001111111111110001100010011000011110011000110110000000110000101010111000101001111110010111111011101111001100001010101010011011011000011010111100101101000101010011000101000000100011000101100000000000001111011001100000001
11111101100111011101010100111000111110110010111101100111111101110110000010100010001101110011000101100001000000011101111010101011001001011011111010100110000101110100000110011101011101101111011101001011111111100110011011110111111
11011101110100000000011110101011111010011000011000110101010100011100101010101110111111011010011100101111011111011001101010001001101011000001101010110110111101100001111111011100011111101100011100011111010101110011000010100001111
10000001010111011101001100001010110011011111001101100101000001111111111000001110000110000000111001101001000001011101100000111011000001110100000010100110010100110111110011000001000011000110110001110101000000011111111010110100001
11111100000101110111100111011000011011001100011000110001101111010100010011011011110100101111110011100011011111110001110111101001101111100110111110110010110101100000000111011111111110011100110111110000010101001101011010010111111
10000111101100100110110101001101000011101111001101111100001011000111011011110001111110111100011000001000000001111100110001101011000110101111110100110110100001110111111101011010101011010101100000000111111111100101001010110011001
11101101000110110100110101011111011001000110011100110110100001110101011000011011001010010001111101111111010101011001100111000001101100000101100110110110001111010100011001000010000001000100110111111101110010111100011010011001101
11101001110110110101100001001011001101011100110001110011101111010101010011110010011010110111011000010111111111001100110001101011001001111101101100010100100101010001011100011000111111011101100011101101011000110101010000110011001
10001101010100110100111100011011111001010110111011010111001110000000000110100110110010100101000011000000000011101101100111101111100011011000001110110101110101000111110101111010001101011000001000001100001011100101111011111000011
11101101010101100001101101110001101100010110000011000010011011011111110000001110011000001101011111110110111110101001101101000110111000000011111000010000111101011100100000001010100000000011011110101101111010110100110000011011111
10000000010101001100001101100101100001000010110111111011001001011110110110101100110011111101011010111111100100101101101100010010100011111110011110110111101101010110101111011010101011011011010111111000001010000001100111110000001
11111011000001111111100000001111111101111000111100100011101011110000100011111110000111111000010000000000110110001101101101111110111011000100110110110110101100000000000001001010101001110001000001011011100011011111110010011011101
10011111110100010111111111011011010001111110000110001110101010111110101111010110111100001110110101011111110110111001100100011010100001011101100110000010101001101101101111111010101100111011011101000001111110001010100110111001111
11010100111110110100000000011001011011000000111100100100101010010100000110010110111001100110000111111101010010011100110001110010111100010100110011011110101101111111000001101111100110011110001100011011011111100010101100110011011
10000110001010110101101111001101011111011110110111110110100000110111011111010010101011111100111100110000011000110101111011100110110101010101111011001100000000000001101100000101111111000011111101111110000011001000000101111000001
11110110100000100111111000011101001101010000000001100000110111100110001000000110101010110101110110110101010011100101100000110000110101110100101001100101110101110111111111110001000001111110100111101111101111101111111100110011111
11010110110110001110111111010101011001111111011111001110110110110111101011101100000000110100000000010111111010110000110111110111100000110110001011110100010100011101011011011111011111100100101110001010100101000010001110111000001
10000111111111011000001100000101011100101010011010011100110100110101000001111001111111110101110111000010110010110111100011010010110111100100111010100101111111001000000000001110010011001101101011011010101100011110100110001011111
11010001011000001011100111101100000110100000111010110001100001110001101111011011011101010101110001111110110110000001110111010110100110110001111000110000101011111010101101011010110111100101101010011000101110110010111100101001101
10011011001111101111110010001101111100111101101011111100110111011100000011011000000100010000011011100100000000111111000101000010110010100111101011100111101000011011111111000000000010101101100011001101100110111010010101111011001
10110001100010101100111011100100001101101100001011110101100001011110101110000011111101110111111110110101111110101001110101101110000110101111001010101101101011110000000011111111111110100000001111101100110100101010110100110000011
11111011111010101110000011110001111001100001111010100100110101000111100011111000011100000011110110110100110111100011110101100011110100100001101010000101101000000111101110110101100010101111011001001101100001101010110101100101001
11100010110000000010111010011101011101111101101000110001110111011101001001101011110101111110010100110101100101001011010000001110000101101111001010110000100011111110111100010000001110000001011100011001101111100000000000001111011
10111000011011110111101011010101001100110001001011111101010010010101011111000000010000101000110101100000110100011111010111111011110101100110011000010111101111111100010111010111111100101011001111001011100010110111111011111011111
10001111000010000011000001010101101101111101011001100000010110110101001101111011110111100010010100110111110101110110000100000001100001101110111011111101101100000001110110010011010101101111111001101010101110000000011111010001111
11101101111110110111011100000000100000110000001100111111000010010101101100110001100011101111110101100001100101110011110001110111110111101100101001001000000001111011100111010111000000111100110011001010101011101111110100000111011
10000001010111110101110101101110111101111111011101100000011110110000000101100100101110101011100000110111110000011010000101111111000111001110101011011011101111101110110101000001011110110110010111101000001001101101110001111100001
11111101010011010101100101111110110001011010011000111111001100111110111101001110000010101010111011110010111101110011101111001101011101101010000000000000100000000110110100011111000111100011010101101111100011000101000100000110111
11011101010110000000101111010000011011010011001101100111100101100100001101011111111010001010011011100110010101011011000010011000010101101000101011111111111101011100010101110001010101110110010101100010101111011101011111111110001
10000101010100111110000011011111011011011000011100110000001100110110111001010101101111100010111010110011010101011001101110111101110000000011111000000000000101010110110100000111011100100111010100111010100110010100000001101010111
11010000000110100000101110001101000011001110110101111111100110100010101100000101000100101110110000011011010100011100000100101001011011110111100011111010111111110010110101111100001001101101010001101010101110110101011111000000001
11111011110000101011101011011001111011011000010000110100101110101110000101111101011101101100011011110001010101110001101101101101001000010000101000001111101010110110110000001001011011001101010111001010101010000001000011110111111
11111010000111111111101001001100000011001111011011110110101100001010101101000000000100001001110001111011010101011011111101101101011011011011101010111101000010000110110111100011111011011101010101100010000000101011111001100000001
11010010101110010100001101011111110110011010001001100100000110111010111101011111011101111011111011010011010001000000010100001100000001110011111111100000011110110100110000101010110000011001010000110110111111101010001100001111011
10011011111011000110101100011011010011001010100011110111101100110000010100001011111000011011010011010110000111011111010101101101111101111110110101101111001010111110000111111010100111111100000111110000000000101010111111011111111
11011111010011101111101110110010011011011011111010100101000110010111110101111000110011110001010111010000111111000011110111101001110111000110010101101011111010101010111111011110110000011110111101100111110111111110000111111000101
11010101011001000001000100011010110000011011000010110001101111000001110001101011100110110111010110010110101101011110110011001011000011011111010100000000100000000000000000001100011011001100110101101110111110011000111100101101101
10010101001101111101110110110010111111011011111000100111100101011111000100100011110110110110010011010011100101011010011001100000011111010110010001011011101101011010111110111110111011111001110101100000001100111110100101100100001
11000001100100000000000000011010011011011001101110110000110100000011110111101110110110000010110110000111001100001011001100110111011100000011010111110000000111110010000011100110110010111100010101101111011101110110101101101101111
11101100110111101010101111000000110010001011000000110111100001011110110011000000010011011110100111101101100001111000011001100011110110111110010000011111010000011110111111001100011000101111000000000001110101010010101101100000001
10111110100001111111111101101110011011100011101010000111001111110110110110011111010111001010001101000001101111101011111101101000100110011011000111001111111111110010111001011001110011100110011111111011110000000110000100001101111
10010000111100010101100000111111011000101110111111110001100101100010110110110001110101011000111001101111000110000001011000001011101100110010010101111000000000110111101100011011011010110011000110001000000111010000110001101100001
11011110110111010001111110011010001110101000010101111011110000101110000000000111000001001010001100101101011100111111011011111111000110010110110100101010110101100101101101111011011010010110011100111111111111111110010100111110111
10001010000000000101001000110000111010100011110000000001011101101011110111111101110111011010111110101100001101111011011010100100010100110010111101101011110101110101100001100010000000110010110101111000100000101111110110010100011
11100000110101111101101110111110101000001111011110111011000001100001100000110101010110011011101010100101101000100011011010101101111110000110011000000011011111010000111011001110110110000110000000001101101010000000011111000111001
10110110100111110000000000010000001111100101010111110011111011001111001111110100000110111001001010001100101011101010001010000000001100110000111011111111001010000110100001100000111110110000111011100000001010101101111101111100011
10110011110110011111011111000110100011101101010011011010101001101011101001010110111110101101101000111101111001101111011000111111111101111010001011101101011011011111111011001011101011110101101111001101011110101111010000011111111
10000111111111000000010100010111111000101101000110000000100011001000000011000110100010100101101011110000110011100101001101101101110100110010100000001001010001000101100001101110000001100100000101100111111111100011000101110101101
11010100101101011010110001010100000010000000010111111110001111101011110111010100101110001100000000010111100110101100011001000101010101100110101011111011000101011100110111000110111111110110110000101110101011101000011111000000001
11111110001101111111111011010110111110111111011101111011100110100000111110010110000010101101111010110000110110000101001101011101000000111111111000101001011111001101110001101100000000010110011111111000000000111011000000011010111
10101011100000110101000001111111110000100000001100001000110000101110000011011100111111100000001111110111100010111111101100011100011010001001011111101011000011011101010111001101111010111111001001100011111111111011010101111010001
10000011110110010101011100011100000111101101100111101010111110100011110110001101101101001110111101010011001000000011001101000110111111111011010101000000010111010101010110011101011110110001111011110110111000001110011100001111111
11111000011111000101110001110111011111111111101100101011101010001111111111011000101001011011111001010110011011110110011001010000000001110001010100011010111101010100000011000100000110011011100000110000000010101111111101100000001
10101101111011110100100111100000010000110111001110000001000010111000011000011101100011001000101101010111001111011110111011111011111111010111000001111110101100000101011111101101111111111011001111110111010111100001110111111101111
10000000110001100110111111001111111110100101101011011101111010110011111110110101001111100011100101000101011101001100001010011111101010000110010100110111101110111101110110101100111001010001100001000001010001110111000000000100001
11101110111100001110011101111111100000110101101001111101100010000110110100100000011010001000110100011100010101011001111010110010100000111100110110010011101010101000110010000101101011011101101111011111111100111111011111011111111
10001000000001100000110001010000001010010101001011000001111010111110010110110111111011011111110001110101110000000011100000010110001111110110011111000110101000000010011010111100000001010101101000001010011001101000001111111011101
11011111101100110101111101011011011111000001101011111011010000010000110110110011101001001101100101100100110111101010110111110110111011010100111101111100101111011111110010100001111111010100000011011000111100000010100000000000101
11111000000101111101010001011111110110010100101001010010011111000111110110110110001101011000001101001101110101111010110100000100000011000001110101110110101010010101000110001111000011000001101011000010010101010110101111111011101
10101110111111101001011101010100000000110110000011011011001101011101010000010000111000001011111111011001010000001110000001111101110111101111100101010110101011010101011100111101011111011011001001010111000111010011100000001001001
10000000011010101100010100000111111111111111111010000001101000011100011101110101101101111011011010000011010111111100110100011101011101000000110101010110101011010000010110000000000000001111111011111101110001010111101010111111011
11010101010000000001000001101110011011010000000011111011101101110101110000110111101100010000001011011111010101011001111101000000001101011111110101010110001000000111110000101010111110111101011111101000010111110000111010000111011
11111111010111111111111011101010110011011111111001101010100101010001111101100010001101110101100000001010000000010011101111111010111000000000010101010111100011010000000101101010000010000000000011000010110000011010011110110000001
10110000011111110110111010000000011010011011011100000000001100000111001100101110111101110111111011111010101111000111000110101111110011111111110000000011001111010101110111111110110110111010111110010111111111110011000110010110101
10111111011100000000001010110111000000110000010110111101100101110000011001100000100101010111111110101010111111111101101100000101011011001000000101111111101101111111000000000111100010011110011010111101000000011001101110111111101
10100101110111110111101111111111111110011111010000110001110000010101111101101111101101000101100110100000011001111000100001010000001000011011111111001010000000100011110111111100111111110111000000000000010111001111000011101000111
10110101100110111100100110001000000000110011010101111111010101111111000100000011101001011100110110001101001100000010001011010101100011110000001011100000101110001110010011110101111100000001101010111101010001011101101000000010001
10010100110110011110101111100011111110111011011101100111011100011111010001101000000011000001100011011111100001111011011111111111101110011011111010001101100011101110111000000000000101111100101010000101111011110101101010110111011
11010110000000110100000110110111000000000011001111110001001001110101111100111111010110011100001110001010110111111110001111111010111111001000011010101101101000100000001011011110110000000110101111111111111110110000101111111100001
11010111101110100111110110111101111110111001101011011101101100010100100110010011111111000111100011011010010000000011101011010000010011100010111000101000101010110101011001000010110110111111101101011111010110110111101101011111101
10000000111110101101010000101000010011101101000010010000000101000110101100110110110010011111111110001010111111101110111000000111110110101111101011111101111110010101111101101010111111110101111100000101010010000000111101010110001
11011010011000000000011101101111011011100001111011000111110101110110001101110100011010111000110100100000111011111110010011111101110110001011000000011001010100110100010111111111101000000000111001011101010110111101111000000011011
11111111001111111111000000101000000000001100101001111111010000110011100100000001111010101011110101111010010000000011000111001001010011011000010101001100000110011101000010110011100011101010000011000000000000000111101110111111011
10101101101101101101111101101111111111111110001011001101000110011110110001111111110010000000000000001011000111111111011101100011010110000010111111111111101111110001111110110110101111111011010110011110101010111110101000000001001
10100001000001000000000000101011011001100000100001101000010011001100110111010001010110111101011011111111101110101110000001101111000000110111101000010111111100110100000000000000000000011001010011111110111010000000000010101101101
10101101110100011011111110000000011100111011111011101101011111100110100000010111010100011111011000000100100000000000110111000001110111100000000011110000011001111101010110101101101010111011010110000010001111110110101011111111111
10111101011110111110100011111111010101101111000010101111111010110010101101110111000101110111111010110001111111111101110000011111000000111101111001100111110011101101110110100100101010001111111100111111100100110010111111011010111
10011000011011110110111001000000000000000101111000001011000010111000000111010101011101000000001110111100000001111111000101000000010110000111011111110000110110101100111100111111111111100001100110000011110001111111110010001000101
11000011010001000000101100011010101010110000000010100001111010101110111110010100000000011011100110000101101100000001101111011110110011010010000110100111110110100110000110011011010101101100001100111110010100101101100110111011101
10011111011101101010000001001111111111100101010111111100011000001000101011010101101101110010110110101111001110111100111010000010110111111000101100101111010110001100110111011010000000100110101110000110111101101000101100000001101
11010000010000001010101011111101010101111111111101011001111111101110000000000000101100011000011110100111100011111111111000101011100001110010100001100001000000111110011100000000110111101111111010111110001111101011100001010111101
10010111000101011110111010111000000000000010011000001101100000001011011111110111111110111011001011110000110111100000001101111001111100011010101011101111011111110111000110101011110000100001010000000000111011001000110111111110101
11111100011111111111111110000011110101011010111111100000111111101010000000011111100111101111100001100111111110101111111000001100001110111010101000101000000000000001111111111000011111111111010111010101111011100011110000101000001
11101001010011101011101111011010000111110000010110111110110110000000111111111000110101000001111111110011101010001100011111111110111010001011101010000011111111111111111101011101000000110000000001111111100010101110000101100010101
10000011111001000000000011111111110100000101000000100000100000101110000000000010000001011100000001111110000000100001001011011010000011011000101010101111111000110110000000001111101010000111010111101011001010100110111111101111111
11110110101101101010111001000101000101010111111110111110110110101110111111111111101100000111110100101011011111111011111010000010111111110010111011100000000010000000111110100010111010110101111100000001111010101110111110000000111
11111100000001111111111101110001110111110100000000010000000111101000011111100001111101010011111101101011010000001000010000111010000000011010001110001101101011011111101111111000011011110000111111011111010010001010000100110110001
10011111011101010101000001000100000001111111101011000110101100001101000000001100000111110110001100100001010111111111110110111111101011111010100011100111111011001000000000001010111000011010010110001100011000100010111101111100101
10110000010001010101101101110110110111010000001111110111100110101001011111011101010000011100111101101100010001101101010111101101111110001010101111110010001001100011101111111111101111111110110000111110111101111000110000000111111
10100111111100010101111001100011111100011111111101000101101100111101000001010111111101001101110111001111110111100001010101000000010000101111100000011010111011110111111100010001000111100111110111111000001100011010010111011101001
10111110110001000100011101110111101111000111100000010100001101111111011111110111001111111100000011100110000000001111010000011011000101111101111111110000001000010000010101110111011100001101000001101110111001001111000001111101011
10001100111111110001110000011110100001101100111110111110101111101010001110100001101010110101110110101110101010111100000111111111110111010000011101111010111101011111000000000101011101100100011111000110100011100011010111100000001
11101110101110111101011101110010111101001110001100101100111000000000100000001100000000000001111100000000101011110001010000000000111110000111110100011010001111111111101010110000000000111101110001101100001000110110010000001011011
10000010101000000000001000111000000001101011100001100001111101011110101101111110111110111111011001101010111000000111110101011110001010111101110101110010111000000001111110011101010101110100000111101001011010110011010111111111111
11111000000010101010101110101110111101000000001100111011000111110000111000000111110010110000000011111110001101110000011111000010100000000000000000111011111011111100010011000101110101010001111110101011111110111111010000001100101
11010010111010111111100000101011100100010111011001110011101110111110001011011101000111100111011000000110101100010101000001101111111110111101010101101000000001000111000111101101111100000100011010101000001110100001010111111001101
10000110100010100001001010000001110111010111001111100110000100000000111001000000011101101101111011111100101101111111011111111101010010000101110111101110110100010011101110001100001111010111110000000010111011101011111110101100001
10110010110110101100011111111101010000011100011110101111110111101010001101101010111100000000101111011111111100000001111011011000000111111111110000001111100101111000111011111110111011111110100101111111111001101110101010001110111
11111011100110101001011001101100000110111101010000001101000000001010100101111010000101110111100110000101010111111111101011000010110101010110011111100011101100001011111001000111101010111100110111101110001100100100100010111000001
11111111001111111111011100000001101111100001011011111000010101101011101100111010110000010000001100111100000000000000000000011011110000010000111011111000111101011011001100010000101000010101100011000011011101101101101110010010111
10110100011000011000001111110101001100001101001111111111110111101110000110001011111010111010100110000001101011010101101101010001011111110111100000001110010111111110011110111101100010110101001000011110000100100101101011000110001
10000001011011000010111011000101101111101101111000001010000000101100110110101000001011110011110100101011111111011111000111111111000001010110101111111111000011001100111010101111001111100000011111111011101101101101101000011111011
10111011001110010111111000010101101000001101001111101011101011111110110111111011111000011110010001111111010101111011110010101111011111000010001010110001111111100110101010000111100011001111110100000001000100100001100011000011111
10100010011111111111101111011101001110101101100000000000001010011000110011000000011010110011011111110001010000000001111000001000000011011010111010000111110110001100000000111101001111100001110110111111011101101111101111111010101
10101010111000101010000000001101111000101000110101010101111000110010111001101010111110100110000000100111000111101111011111111011111111001110101000111101010011101001011011100001101010101111010000000000011100000110001100001000001
11101111110010000000101111011111110010111101111111011101000011110110011101101010000110001110111111101101101101111101010111110000101010011100000010000000011001000011001111101111100000000000000101011011000001010011100001111110101
11111101010111101010111000000011000110110101000000011111110110000110110001101010111110100000110001000000000000010100010100010101101010110101011011011101001011011110011100001110110111111111111101110001101101011000001100010110101
10010100011101111111100010101001101100100001111111010000000110101100011011001010001011110110100100011111111111110101110001110111000000000001111110000111100000000011110001111000000100000000000111111111001101001101011111000010101
11010111011000011000001111101111001001101111101101011010110110100110110001101011100000010010001111111111100000010100100100100010011111110100101111110010101011111001111011001101111101101101010000000001100101011111000001101010101
10000000000011000011011101100001101100111100000000011010110100101100011011111001101101011011100000000000001111110110001111101110110111111110001010011110111010011011010000011000000001111111110111101111111101000011010111111111101
10101110110111011111110000001101001111110111110110110011100101111001110011000011000111011001101011110110100101000000111010101010100000000110111010110000011111001110000111111101111100000110110011111101000101010111010010000011101
11111111111100011101110110101111011010100011000100011000110111011101100110011001010001001101101001111110110000011010011010000000001010101110111010011011110100011110111110101000001101111110011000000100011111111100011000110110111
11011011011111110000000110100001111000001000010110111101110110000000110100110011110101101111101100011011100110111111110000111111111111111011101000110001010101000010100000000010100100001010111101010001111010101101001101110000011
10000000010111111101010110110111101111011101010110110001100100110101100110011001111111111000001101000000110010101101010110000000000000111011100010010111000001011000001111111110101110100000010111111100000000000111100100011011001
10111111010100000001010100011101000000010001010110110111001110100100110011111100000000011011011001011011111010000001010110101011101111101010101111000000010111011010111000000110111010111011000000101111110101011100101111111111101
10111110000001010101010101010000011111010101010010111110011111110110111010000001011101011011001111011000101111011111010011111011100000101000001111111110111111111010000010111110111011110001110110000010111111110110111011110001111
11100000110111111101110111111101011000011101010110100011010100000100001111010101000101111001100001110010000110010000000111010000111111100010111010110111101101110010111111111011100011011100010011111110101010110010000000010111011
11111101111110110000110001101001110011001101010111111000000111010110101100010101011111100011101100011011101111000101101100011110000110001111101000000001000001011111111101100001001110000111111001101010000000011000101111110101001
10100001100000011101100111101101111010011111011101011110111100011100101101010111000000111011000110110001101101101101101110111111011111011001001011101100010100001101000000111011011010110000111100000000111111110010111110100101011
10001011111011000001111110000001000011001100011000000000001111000110101101010001101111111111101100011101111001101100100100000011000000001101100000111110110101100101011111110000001010111010011001011101101111011011111000101100001
11011110000011101100011000110111011001101101011011011110111000010100101101011011000000001101001111000100000011001110110001111011101110100000101011111000010101101100001101010111111000001111011101110111000001010001101101100001011
10000011111110001101011010011100001011001001110010011000110011010101101101010001101010100001100011011111101111011010111111111001100110101010001110001111110101100001100000000000000010100011000100000001101111000100101000001111111
10101001100000111001111110111110101111101101111011110010110110011101101101010101111011101100111010000011111101011000001111001011110110111110101100100000111101101011001101101111101111101111101110111111100001011111100010100000001
10101011111011111100011000110000111111111101000011111110110011011101101101110100111000101101111111011000000001001010100000011000010010000011100001101111101111111001011001100001100000100000100111111011001100000110101111101011101
10101010011110000001111101111110111011010001111010000000011010000101001101110110001011111100001111011010111101011110111010111101010111011011001011101011100111011111111100101100101101111101111100000000011111011100000001111000101
10101011001111010100011001101100101010000111000011101101110011010101101101000011011000000111111010001111111111011000011010110111111101111110011000100000101101000001101101101110111111011111111001010111001011110110111100111111111
10101011100000010101001111100001100011010110010111101000111110010101100111010111011010101111010010100000000001001101011010010010101000000110110011110110000000011011001101100011111011000010100011110011101010110100000101100110111
10111110111011010101111111001011001000011111010110001101100000111101101100010001011011111101000111101101010101011001011011000110000010101110011000110110101111110001011100110111101001110110101110111110100000010101111100110100001
10100000000011010100111000011110011011001100010111101101111101100001000111111011111011011001011101000101010101001101011011010100101010100010110011111100100000011100010111110110101011010000000000000000110101000000001111100001111
11111101111010010111100011010000110011011110110100001111010000101101010110000001100000001101000101101111111111101001111011010001111010101010011010101110101011000110110011000000000001010110111110110101100101101110100110101111111
11111111110011011110001011011010110110000110111111100111000110100111011100101011110101011000010001100000000010111100001010010100111111101011110000000011111001010010000111110101101111000010000011100100110100100110110000000011001
10100110000110001100101011110010100011011100100000001100010110110100011111101000110111000011010111001111011110001101101110110110101101111111100110111111011111011010101101111101100101101111101000111110110110101100010111101000011
10101111101110101101101000111011110111110101111111011110110010110111000110001011110111101110010001100001110100111001101100010110000000000110111100000000000001111010100000000100110000000100111111111111111111111110110101111010111
10000101001100101101001010100010000111100001000000000110100111111111011100101011010100000011010100111111100101111101100110110111011011010000000101011111110100101010101111111110011010101101110110100101011000000110100000011111101
11110001100110101101101110111111110011001111010111010111110001011100011110111000011101101111110110000000110000101111101100110100001001111010110101000000111111101111100000011011111010100000010000001100000011010110101011000000101
10011100001110111001101000110000000111101000011100010011000111010001000011110010110001101100110110111010000110001010111111100111101100001110110101101111101011000000101011001000001011110101000110100001010110010010101001111110001
11010111100010100011001010111111010001111111010001011111110011000111011111000110110101000001111100001110101100101000010100111100000110111110010111000000000000011111101111100010101010000111011110110101110111111110101100111111111
10000000001111110110011010100000011011000000011101011000000111110110000110010010100101101100000110111100100101100011110001111001011110000010110001101101011011110011111100110111111111010011111011111101110000000111100110000000001
11111011100001100011010010111111011001110101010001011010110001100011010011010110101111001101101100000110101101101000100101100011000011101111111011001101011000000110110001111101010101111000000001001111011111111100111111010101011
11100011001011110110011011111000001011111101111101001110011011001110011011010011100001101101100110101110100101001010001100111011011000100011011111101001110010101110110111011100000000110011101100011010001000011001111011111111111
10111010011010010011011010000010101011001000110001011000110011100011011011111001101101100111001100100011101101101111011111100001110010101000000111111011111010111000000000000001111010011000111001110000100011111100100000000000101
10000011011000111111111010111010101011100011110101001101111110101111010000101100100101101111101101111011001111000101000000110100110110111110110011000000011010110010101011101100011011001010011100010111101000110110101111010110001
11111010001011110000000011111110101010110110000101011000110000001100010110101001101111100001101111011111100011010001010111111101100010000010111001101011001110000110101011111111110001101110110111000000111111100100000001111110111
10000011011000011010110110000000111110011111101101001010111111100110110011101100101000001011100000001100101110010101110000011000101010101111101100101001011000101100111000010111111101111110000001010110001110110001111011100010001
10101011001101110011111111110110000111001101000111101110100000001111100110000001101011011000101101100110100111010111111010111101111010100000000110101111001110111110100010110100010111011011111011111111100000000100001110001111111
11101011011000010111101010000011011101100100010001100011101101100000110010101011111010001101100111110000110011010000001010110000001010110101011110100011100110001111111110000001000011011001001000000000110101101110111100101100001
11001001001101111100000000101111001100110001010111001111111001001101100110101011111011101111110000110101110111010111111110100101011010110111000010111001101100100101000011101101101000000011011111111011110100111100000001100001011
10011011101101101110111011111110011110000101010001101100000011101100110011101001100010000011000101110101011100010000000010110111001110100110010110011011000110110000011011001101111101011000000000001000010110000110110100110111111
11011011001100000011111111100000110111110101010111000101011110000110010110001011001011011001110100010100000111110101101010110001100010101111011111011001111110110101110010011111000101011110110101111111111111110011100110010000001
10010001011110111111000110111101100011000101010001101111110000101110110011101110011001001100111110111101010001100100101010011011001111101000000011001100000010110100011011010110010101010111100100000011011001111001101100111010101
10110101001100100000010000000000001110010101011011100011000101100010011000100011010011111110000010101101011011001111111011011001100000111111011111111001101010010101110010000010111101000000110101011000001100001111000110001111101
10110101011111111111111111011101101000110101001011001001111100110110110010101011011010100100110110000111110011011000001111110011001010000011001101110011111010110100011011011010000111110110011111001011100001100001010010100101111
10100111000011000101100000011000111101100101011011011011000001100110011010101110011000110001111111010000011011000011111110110111011111010111100001011000110010011111111110011000110011000011000001011000110111001101110110110001011
10110001101011010000111101011101110000111111001011011011101011110010111011111000111101100101011011110111111010011000110000111110010101011100001011001011110111001000110000110010011111110110011101001101111111111111100110110100001
10111011101011011010001001001101100110011011101010011000111110000110001001100010110001110100000000110001101111001010010110011011000001111111101000011000010101100011111101100111001011011111000101011000000000010110110110100101101
10011011001001111111100011101001110011010001001111001011110000101111011101101010110100111101010111111011001110011011000011110011010100000110001110111010111100001000011000110011100000000001101101111101101101110000010110110100101
10110011011111110000001110001111010110010100011111101001100101100011000111111010110101101001010001011001100011011010011111011011111110101100100110001010001101101011111011111001101111111111100100010111000100000111110011110101101
10110111001100011111101110101000000110111111000011001011001101110110010000011011100101000011111100001100001111011011000000000000000011101110101100111010111000101000101011100011000000000000101101000110010111101111111001100101101
10100110011001000000001000101011010011101011011110011111100111000111011110110000101101101000011001011110100001110011010110110101011110000010100101111010111101111010001000101001110110101011111111101111010000100000001100110100111
10110110111111111111101011111110011001101000011110110001110100010100000110011011101101111101111111001010110100111010010010110101000010101011101100001110001100011011011110111100010110111000000000101010011011101011111111100110001
10111111101010011000001001010000111101000011000011111101010101010111011111110011000101000000110111011000010110001010111110110111110110111011111101111110100110111010000010001110111100011101011011111000110000101000000011111111101
10101000000011000011101011000110110101101110011001100000000111010100000001111001101111101010000001001101010100111010000010010000110110111010011000000011101100100011010110111010101001000101001000001110011011101011111000000011001
11101111111000010111001111101100110001001000111111110101101111110111010100001101100011001111011101111001110101111011011010111010110110100000111101101000100110110110010010110000001101011111011011011000110000101000001011110110011
10000000000010110001100001100110011101011110001111111101101000110011010111011101101001111100000111001111110100101010001010001011110010110101100000101011110110011111011010011010100111000011110001111010010110101011011001111111111
10101101101010100111110111001100110001010000100001100001101110000110010001111000111111000001010001100000011101101110101010111000011011100111111011101000011111111100001111010010110011111000011011001110111111111111111101011001111
11111111001011101100000011011110011011011101101100111011001000110011011011000011100001111011011111001011011000001111101110001011110000110000011000101011001011110001011101010110011000001011111001101111111101111110101111010011011
10000000011110000111010110001100111110010000100111100001111101111111011011101001110100000001000000011110001010100000100110101111011010110110110011111111100000011011000001010011011010101000101111000000110000101010001011010110001
11111101000011010110010100111110110111111110101110001011110000001100001010001100010110110101110101010111011110111111110010101100001010110110011000000000110101001111010101011011001110101011101100011011100110000000111011000000101
11100001101001011111110101100000110001000000100010111110000110101111011011011101010100011100010111010001010010000001011010100001111110110010110010110111100111111100010101011011011000111000000001111111001100101010000000010101111
10001101101011111010000111110110110100011010101010011000110110101000011110011001110110110001010111000111000111101100001110111011011111110110110111100111110000000111011101011010001101110011111111000101011110101010101010110111011
10101001101001101000110000111110011111111010111010110010100010101011000011011101100110100101110001010001101101111110111000001000001011011100100000110000010101011100001111011110101000011000000001011101010111101010101010010000001
11111111001011000010110101100011110010000010011110011111110110101011101011001100101100110100110101011011000000000010001110111011100001000110110110010101011101001110100110000110111101001010110100000000000001111010101011010101101
11010111011111110110011101111001011000101011000010110101000111111001101011011001101111100101111101001010011011011010111000011001110100010011100110110101001101100111101111011111110001011010111111101101101111011010111111010100101
10000000011000000111001100111100000010111011011111110000010011011101001001011011000111110100011001011111001011111010111111001100011111111110001100110111011000110011111101111000011011001010000000111111100001001010000001110111101
10101011011011011100011111100001010110100010000011100111011000000101101011001001101100000110111101000110011000001010001010011001000000000110101110110001001101111000000000000011110001111011110110000000101100011110101100110001101
10101001111110001110111010111101010100110111011110110100001010101111111011011101001101010110011001111111001101111010100011011011011111101100100011100101011000001101011011101000010100001000111111011010111001110110111111100111001
10101111000100100110100010000001011111110100000000110111011110100011000001000111011111111110111100111101111100111110110110011011000011111110101000101101001101011101011011001111010110111010001011111010001100000011110000110001101
10100001110001101111111000110111011101100110101101110100000110101011011011011110010111000000000110000000000101100011110010110011011000001010111011111001011101011001011001100011110100001111100010101010100111111011000110110100111
10101011000100101100000011111111110000001100100100011110101111101010010011000011010101110111101100110110101100001000011010011011001010111011100000011101010111110011001100101010111110100001101000001010111100111110010011111110001
10101011010101101111110110000001111111111001110110111010101000101010111001101111010000000011000110110010101101011111110010111011011010000001111011000101000000011011011110101000001100101011111101011110000110101110111011100011101
10101010010100111010000011011101010001110011000010110000100011111110111100100110011101110110010110110111100111000000010110001011001011111101001011011101011010110011000010101010111111111000001101000110110100000000001110111000111
10101111011101100011010111110000000100000111101011100110101000111000011001101111011001100011010011100000110001111111111111011011101001101100011001001101001010010110010111111010000001100010111001101100100001011110100110101010011
10101100011000111000011110100110101111110101001001101111101010001010111101101100011100101110011001110111111111111101101101001000101100000111110011011111011010111111011100000011101100101010001011111111101011000011111100000011001
10101101011101111010111000001100111000000100011100111000001111011110101001100111001101100010111101000011011101000100000101101010111001101111111111111000001110001001000101101011100101111110101000011011101001111110000001101001101
10101101001101000010001101011110011101110111011110011110100001001100100011101100011000110111110001101000000000010001011100111110001100100000010001101111011110111011011111001010001100001100101101111010111100101011011111111111101
10101001101001010111011001010100110001100100001100110110101011011110101000100111111101100000011011001011011010111111000001110111111101110101000100000001111000000001001010011111011101100110101101100000110101100000000000010100101
20111100101011110110001101110111110100110110111110110000101111010100101101101100000000110111011010011011111110000001110111100011110111011101111101011101101111011111111011011000000111110011101001101111100000001010111111110001111
10110001101010000111111111100001000110110100001010011011100101110110101001111111101010110001001011010000101111011100110000001110000000011100111111001111101111000000000001001101010001100111111101100000101101111010000001111011111
10100100111111011100000010101100011110100110111011001111110001100000111100001101101010011011011010011010000011000101111011100000111111110110000011100110101001101101101011011001011100110000011000001010101000001010111111011010101
10110111110001111101011010111111001100111110000001011000000111101101100001011000001011010011001011011010101001110111111000111110111011100011101000110000000011000100101001010011011111110111011011011010101101111110000000000000001
10110100011100000001111000010110011110100000101111110011010000111001111101111111011110010111111111011010111011100000110010011110000000001001101110010111011111101101111111111011000000010001001110011011111000000010110110101011111
11110111010111111011110011000000111111111011100000111011011010001101000000001100000110110011000101001110001010111111110111000011011101101111000110110011000111111100000011000011011011111111111100110000111110111111111111101000111
10000100000010011111000111110101111101000001101111101110011011111111101010111001011100011001110000011110101000000000010001101001011000100101101110010110010011000101101111110110010000000000100110110110001100001101100000111011101
10110111111000110101111101100100011000010101000000000011011000011010001110100011001101111111111101010010111010101101010100101011001101110000101010110011011000011111111100110111110101010110001100011111011110111000001010011000001
11111101111110000101111101001101011011010101101011111111011101000011100011101011011000110000011101000110001010100111110101101110011000011101111011110111110011000000000001110011100101110011011110110000001100000011111110111101101
11010000000100110001000000011101011111110101001000111101010101101000110110001011011011100101000001101111011010111110110100101111111101110000110000010000011001101111110111010110001101111001000111111010101001011000000011110101101
10000111010001111100011010111001110101000111101010000001010000111010110011101111011000111111101101101101111110001000011101100011101100011010010111011011110011000111110000011100101000001101110000110010111011001101101111010111101
11010110011011101111110010001011000000010110001011011111111010001010011011000001111110100000001101000100000110100010110000101000000110111111000111111001100110010000010101000101111101111000010110011010110001100100100000000000111
11110100111110101000000110101111111110110011101110001110100011011010111111101111101110101101100101010001111100110110011010101101111111111110010000101101101111010101010101011111000000001111111110110010110101001101111010101110001
10111110110100000011011100101100100000111011000111100000111001011111111101000000000010111111101101111011000111100010111010100101111101011000110110001111100011011111010101110011101010100000011011111011110111011100111110111000101
10010000100001010110001101111110111101100011010011001011100011000000011000011011010111110110001101100000011101111110110010101100000000001101100010100000111010001001111101110110111010110101110000011011011100000111100110111111111
11011111110111111111011111010100000000110110010110011000111011111101111101011001011101100000101000111011011000101111111111101111010101011000110111111101111111100011110000000000001110100100010111110000001110101110001111101000001
10001110011110101010011000000001010101100011010011010010110000000100011001011011000101001110111101100001000010000000000001100001010111110010100000000111000110001011011101010110111100101101000000011011100011101000111100000011111
11011011011000000000111101111011010100110111110111010110100110110101111111001001101101101000110000111101011010111111111111001011010000011011101101111110010011011001011101110010000110101001111011110001111110000010000111011110101
10011010000011101010000111000001110101100110000001010111110110110101100000011011111000001101111011100001001010011000000001111110010111010001100100000000111001111100000100110111011100101100111000011011011100101111110011000000001
11000000101011101010101111110101100100111111101101111100010110010100110110110000011010101001101011111011011011000010101100000011010001110100101111011011101011101001101110010001001101100110001011110000000110100000011000010101111
11101010101010001010101100000101101110110000001000001101000011010110110110110101001010101011000010000001011010010110101001101001010100010101100001001000001000001100100110110101011000101100101000010101010100101010110010110100001
11111111111111111111111111111111111111111111111111111111111111111111111111111111111111111111111111111111111111111111111111111111111111111111111111111111111111111111111111111111111111111111111111111111111111111111111111111111111
