111111111111111111111311111111111111111111111111111111111111111111111111111111111111111111111111111111111111111111111111111111111111111111111111111111111111111111111111111111111111111111111111111111111111111111111111111111111111
100101001001100100110010110110000101101101001100000001010110101010011000110110101001100001011010110001100100101100110001010100011011010110010010110000111101101010110011011000001100011000110000001010110110101000000100110100000001
101101100011001101100110110111011100101001100111110111010110101011001101100110101101111101010010111101110001100110100100010001110001010011000110010110011000101010011000000011111111011101111011111010010110100011111101100111011111
100101001111101100110010110011000101100011001100000011010100000000011000001110001101011101011010001100100111110110101111110111011011011011010111010011111011100011011010101000000110001101101000000010110010101111011100110110001011
110101100101100101110110110111101100111000011111110110010001101110110011111000111101010000000011100110101110100110101010100101011001001001010011010111010000110110011011111111111111100001101011111110011000000010000110010110101001
100101001100110101010110110011000001101111000111000111000101111011110110001101101001011101111011001100000010101100000010001101001101011011011011000000000111100010111001010100010110001111000001101011011011110110110100110111101011
110101011101100100000010011001011111001101011101110011011111010000000000111100001100011101101010011111110110101001111010111001011000000000001111011111111100110110110011010001110011101011101100000011011000111100111101110011000001
110100011000110101101110111100011110011000011000111000000011000111111101101001111001110111000000111011000010101101101110101101011110111101100110000110101101100100000110000111000110101000000111111010010010000110001100011011101111
100001011011100101111110011001110011001111001110001110111111011110000100101101011101000111111110101001110110101100000110000101001110000111110110110100101100110001101100111101101100000011011100001111000111010100111101110010001101
110101001001110100011010110011011011011011100111101000110101001000111101100001001101011100011000001100100110001101111110111101011010111110110100111110000001111101111110110101100111011111111110111101011101111101111000010110111001
100111100011000001110000110110001010000010101101001010000000011011101111111100011000001111010011101110110011101000101000101101010000000000010001101010111111001000001100010000001110000000110110110000000000101101100011010000011011
110110001000011011011110010100111010111110101101101110111011111011000011011001001101111010011111100010011001101101101011100000000101011110111011101000100001101101111101110111101000110110000010100111101010000100111111000111110001
111100101101111000000110110110001010110000001101101100111110101010011110010011011001111000110100111011011011001100000001101110101111001111101010000011101101101101010100110101111101111110111110101100111111111101100101011111010111
101111111111110011111100110010111010011111101101000110100110100011001011011111001101001110010110010000000001101101110100000110100111111001101111011111101111101100000001100001011000000010001010100110010101010100110101001100000001
100000011011011011010110110110101000110110000101101100001110101111101001010100011100011010110011011111111101001000010101010011110001101011000110010110100011000110111111110111011011011111111010101111010101010001100000011111011111
111111000000010010000110110010001101110111110101101110111100101010001011010111010111010000110110000001010000011011111111111011011011000001101100110000001110011100000001100101000001110101011010100110010101010111001111111101001101
101011111111011000111100110110111001100101100101000100000110000010111001010100000111000111100111111100011111000000011010001001011000011111100110011101111011010110111111110101101100100001011010101111000100010101101011001001011001
101010101100001110010110110000001100110101001101110001111100111110100011010111101101110010110000111001001111110111110010111100001011110110001100110100110010000000000110110100101111101111001000100011011101110101000001101100000011
101010101111101010110110111011111101100101101100011101110110010110101110010111001101100110010111101111101000000000000110011001011111000011100110110101110110101010110100110001100010100001101101101110001000010100011111001101111111
100000100111000010110110011001101000110101101110111000000010110110001011010101101100110010110110000110101111110111110111001111010101011110001100000001100000111111111110010111110110101111001100101011011011000001001101101000001101
111110110001110110110010111011101110010101000110110011101010110110111011010101101101111010100111101110101011010101011100011011110100000010100111011101001010000000101010110001100000001101011101101000000011101101101101100010111001
101010111011000010111010010001000111010100011100011001111110110010111001000101100101100010110011001100000001000000000110111001100001111111110000000111101111111111101000110111001101111001011001101011011000101111111101001111101101
101000001001101010011010110111011101000111000110111011010100011010101100011101110001101110011001101111111100010111111110101011001111000011011110110011000101110001101110110011100111110011001011000001111110101010111001100011001001
101111101011111010110010100011011001101101011100110011000111001010101001111100111100101100110011100100101001010000001100000001100000010110000110110111110101010111000110111010101111010111011001101111100111111010101101001001100011
101000000001010000011000110111001100101000000110011001110101011000001101010110011101101110011010110110000011111101011110111111001111111111110100011101000000000011110010100000000000000000010011000000101101110000001100011111001001
101111110111011110110011100010011001101110111100111011010101001011111001010110110101100011001010010000111000011111111000000011011010101011010001001101011111111001100110110111110101011101000111011111101100100111011111010101111011
101010100011000100111000110110111011001010101001101001010001011011001101010110100000110110011011011111101011110010001101011110011000101010011101111000011010111111110010000000111111111101011110001100000110101101110100000000110001
100010110111110101101011100100101001100000101101101011011100010011011100010110111011100011011010001011001010111010111101110111011011100011011000001111000000000010110110111110001010000111111011100101111110000000110001110110110111
111010110011010101101010110110001011111101101001101000000110110111000111010010011000110110001010111011100000010000010100100001000000110111001101111000011101010110010110000110111010111111110001101100101100111111111100010011100001
101000110110000101101010110010100010111000101101100011011110000001101101010110111101100011011010110010110111010111110101101111011111110101011101101111010111111111000110111111111000000001011011000001100110111001011001111111101111
101110100111110001101000100111110110100011101000101111110000111111000101010000110000110110000000011000000111110101010101100000000001100001000000101100010010101111110110111011100010101111001011011100101100101101001100011100001001
100000110011011101100011101111110010111010100011101111111110001101110101010110111101100110111111110010110101100101010101101101011111111011010110000111010110100110100000001010101111111101101010000101100110001101011001110111101011
110110110110001101101111100010100110000010111001101011000000111001010100000011101000110110110110011111110000110100000000000111010010110001011111101101010110001100110101111010000001010101101010111111110011011101001100110011001001
111100010011011001000110101110110010111010110011000001011010101101000001011000001110100000110011001101000101100101011111111111111010011101011000101100000000111110110111000000101111010101101010101010111010000000011110100111011011
101111000110001101011100101100110111101000111011011111111110101101011111111011111010110101111001100001111100110001110001100101100000110101011011111111011011110100100011011111111000010100100010000000011000111110110110101110010001
100101011111011000001110000110110011001101100000010010110100001001010110101110110010110111101100110111111001110111100111001100101111110000001000011010001110010110001110001011011011110101101110101110110011100011100010100011000111
110100001010001101011010111110011011011000110111000110110111101101010110000100110110110011001110100011001101100010110110011101101110011101111011110011011100110110111010111011000011100001100110111111111000001111110110101110010001
100111011010111111011010001010110000011101100001111110110110000101000010111101100010110110011000001111100100001110000110111001100011011001010001100110010101100000000010000001101110110111101110011011010011111100100100000110111111
110110010000001100011010111000111010110001001100011000010111010001011110101000101110000010111111011010110101100000110100001011001010011011000111001111000001110111111110111111000110000000000011011011010110100110110001111110000101
100011010111111001001010011110011110011101100101111101000101111101001100101110000011011110111101001010100000101010111110100001011110110001101101101011011111000001110010000011101111011111111110001011010000001100000111111100110101
110110000011101111011011001100110100110000101111011111110101100001011110101011101111011100011000011010101111101111101100111101010100011100100001101010001001101111011010111110000011000110010100111010010111101101111111000001100001
100011011110000110011001100001100110011110101010001100000000111101011110101001100110000110111101000000000001100110000110111111010001110110001111000000111011000101010000000000101110010011010101111011000101111100011100010100110101
111010011011101100110011101111001100110100000000111001111101101000001100101011101111011110101111111011111111110011010100000011010111010000111111111110001000010000000111111111111111010110000000101010010001011001000110111110010111
101011001000001110000110001010011110010101110101101111011101100011111110100010100110001100000011000010100000010111011110111110000001010111111000111011100010110101111101011000110011011111110101101010111111001011111110011010110011
100011011011111010111111011011001011000000010111000110010100111001101100001010001111101111101111111010001101111101001010001100111111010100101101100011001111111111111000000011100110001011000111000000100001100010111010110011111001
111010011001101000001101011011011010010111111111101111010001100011000101111111011011000110001011001010111111001100011010111110000110010101101101111001100011111011001011111110101100111011110110011111101111001000000000010111101111
100011001100101011011000000011011011110010101101001101011100101001110001010110011001110011101001100010110111101001111010111010111111010100101000110011001000110001101000101010101110000010100011001000000000011101010101000000000101
111001100110101011111010101011010001100110100101101101001110111101100111000011011011000111001011111000010101101100110010001010110011010101101110010110011011100100000011100000101010111110001001101011011111111111111111111111011101
100011001100101000001111111000010111001100101100101000011010011001110011011111010001110001100001010011000100101001111011101010000110010000101100110000111110111101110110101111101000000011111011000001000000101011001010100001110101
101001100110100011111111010010110010011110101101100011111000111100111000001110000111010111111011011011101101101100011000101000110011010111100110000111101110101001111110001100100010111110110001101111110110000001101000001111110001
111101101100001000011010011110111000110100101101111010101110010110100011101011101100000100011010011010111101000001001110101010111111010001101100101111101010101011011000100110001110011000011100000000011100110101000011100000011011
110101100101111110110000110100001101100110101000101000100110110100111001111001100111110101111011010000010101011111111100001110001010010111000001100000101010101000000011110000101111111110111001101110111110010100010111111111110001
100101110101000011111010010111011000110110101110001110001110110110001101010011001110000000110011000101000000000101100111100100111011010101011011111111100010101011111111010110111011001100001101111111110110110101110000110110010111
110000100000010111011111000011010011100110100011011000111100100111101000000110011010111110011011110111111111011100110100110101101010010000001001011010111010100001101000010100110001011110111000000011000010110101111111100011000001
111110101111111110010101110110011010110110110110011110011001101100001011110011001011100000111010100010000001110101110101100101101011000111011111011000011010101100100011111111100111000110001101111111011111110111011100110111101111
100000000010001011010101100110110010100110100011000010111100100111100000011111100001101010101010101110111101100101100100110101101011101111110110001110110000000110001000101000110000011110100000001000000001011110000110110011000001
111111011110111011010100110100011000001110101001111010101110001101101111111001101111111110101010000000111100110100110101100000101001100000000000101000111011110011111111101101100111111010111111100010101111001100110110100111011111
101011000100001011010110010001110011111010001111011000001010111001101101100011000000110000101011011110000111110101110101001011101011101111111111111110011010111111110101101100110100101010011000110111111101011101111110001101000001
100001110101111011000011010101100110110011100110001010101010001101100000111010011111111010001010000011011111000001100101101110001010100000011000011011001010101000010001000110000001101010110010111101010101000001101010111001010101
111100000101011011110110011101110000110111110011101011111010111001001111101010110011011111100000111111110101111011001101000011101000001111111011110001100000000011110111011100111111000000000111101101000001011100000000101101011111
101111110000000000110011011001010111100110111010100001010000011101100011101010011011001101101110000001110101100001101101101110000010100001101001100111001111111110010110000110111010011111110101101000011111010110110101101100001011
100010100111111111110111001100010110110010100010101111000111010001101110100010110001101101000010110111010000111100101101100011010111111100000011001110011011010110110111011100000000110111111101000011001110000011111111101101111001
111000110011101011000110011111010010011000111010100001110111111011001100110110011100101001011111111110011101100001101101101111110001011110111111100000110010000000000011000110111010110000001101101111111000101001001010101100001011
101110000110000011011111001000000110110011100000001111000000110011101101100110111001101101010101101011011000111101100101000001100100000010000011001111100110111110101111011100011110100110111001100110101010101011011010000101111011
101000101111101111001111100011110000110110111111100101101111111001101101101100101100101000000000101011011011100000110101011111001101011111011111101000110110011111101110010001010011110011110011101100100011111110010011110000000001
101111101011000001100110101111111011100000101101001101101001100011000001100110101110101011111111100011011000111110100101001001011111111001110110100011110011000000111011000111110111110111011010100110001011001111010111110111111111
101011000010011111110010101000010010110111101001101100000011001001011111110010101010000010001110101111011011101100001100011011010110101011100010111001011000011111100000010000110010100001011000001100111111011011010110010001011011
100010011010111101100110111111010110000000001101101001111111111100011010100110001010111110111000000110000010101001101111011000000000000000110110111011011011111010111101111011100110101100000011111001111001000001010011010111000001
111011111010100100110100011011010011101111111000000011100011010001111010101111100000000110001110111100111110101011111011001101101111111101100000101001011010110000011000101110001110000101101000000011101100011011011010010001011111
100001101010001101110110111001010110001000111110111010101110011011101010100110001111011110101000000110100110000011010001100001101110101111110111100011010000010111001101101100100000111111001011110111000101110011011000110111000111
111101000010111001100100001101010011100011101011111000101100110010101010101111101101111010111011111110001111111001010111111011100000001011010001101111010111110101101000100101110101111011111000011101011101011110001011100100011101
110101101000001100110101111001000110001010101001000011100110111010101000101010100000101010111001111010111101100011010000111000110111111001010111000110010000000000111110101101100111000001011110111000000000001100101011110001110101
100101111011111001100101101100011100111010001101110110101100011010001011101000101111101010001011001000010100111010000111100011111101111101010101110011000111101010010100000000111110010101000010100011110101011110111010100101100001
110101010000001100110001101001000110001111101001010110000110110000111010101110100101000000101001101011110101101000101110101001011000001101000101010111010111111111010001110110000011011111011111111000010101001100011010101111111101
100001011101111101111100001101010111100110101101000110111110000111101010100010101101010101111100001001110101000011101100111101010011011000011101010110010000010101111011110011111111001010010101100010111101111110110010101011001101
110100001101011000110001011111011101101110100101010000011011110011001010111000100000011100110001011011010101101000111110010000000111110010110101000000111011000000101000011111110110011010110100111011100111101100011010000001011001
111110100001001110011101111010001101101100110101111111011011100111100000101101101111111111100111110011000000111011100100110111101110100111110001010110001111110101101011111100000011001010100001101000001110101001110000111111010011
100011111100011000110000101011011101100110000001100011000000110101001010101000101010110010101100111001110111100000110110000000111010001111010111011111111110111111000001110101111110011000001111101011111000101101010111111101000111
111001010101111110110111100011011000110011110111111001110111110100011111101011100000011010000001101011110010111101100110101011111000101010010010011000111000000110010111010001100011001011111010100000010011101101010000000000010101
101101000000011010000110001110011101110110000001011011000110000110110101100000101011111000111111101001011000011000110110101010101011111000110110110011101011111111011111010111001111011010000000110111110110001000000101111110111101
101001111111011000101111101010110001010111101101000001110011110000000000111011111010101101111110101011001101111101100100101010000000011010100110011011101010000110001101010101100010000000101101110011010011101011011111100010000001
101101011010001011111010001010011101010101001111111011011001011110111111101010110010001000000000101011101100110000110101111111011111111011110000110000000000111100100000000000001000101011111111011001010110101111011010101111111111
100000011011101001011011101000110001010101101011010001010011010100110011000000011010100011011110101001101001111110110100010110001100101001100111100110110110110101110101111101011111111111011011011011000010100110000000000000110101
111111011001101011010011000011111101010100000000011101011011000110010111111011110000111111110010101011001011011000000001010011011001101011110000001110110010110101111111110111110111110100011011001011011110101100111010111111100001
100110011100000010010111101111100001010111110111110101011001101111000010100011000111111010111011101001100011011111011111110110001011101010100101011010111111110100101011010010100000100001010000011011000110101001111110000101101011
110000110111111011010010101110111101000011010011010100011011000110011110111001101110101010101001000011110110001100000000110011011000000000001111111010101001100001101001000110101010001011011011110011011100101100000011010000001011
100110110100111011010110000000010101101110010110010110110000011111010010110011101010000000001011011001010011011001111111110110001010101011100000101011101011110111100011011110001111011111110000111000010110000001010110010111111001
111100110110100011010011101111110100001011000000110000011110111100010110010111001000111111111010001111010110001100110001100011011011111000101111101001000001100101001000000000111101110001100111100011010010110101111100110001011111
101110010100111010010110101100110111011001101110111011110110100111000110110101101010000001100000111100010111011110010111110111000000001101111111001100011111110101011111111110000000000111001110111011111010111101111111111111001101
100111000110111011010010100110110001011011111110010011010000001101110010100000000010110101001111100111000001001100110101010100011111111111010001101111000110010000010110101111111111111110011100101000110000000111010111101101011001
101101110010100011010110101110111100000011010011000110011110101001010110001011011011110111101100001111110111011110110001010101111101101011000111000101011110110111110010101011100110110011010101101011100101011111000100101101001011
101101011000110111000110101100101001111111010110011110110000111101010111011110011110011110101101111000000101001010100111010000000000000000011111110100000100010001111000000000110100010110000000101000001111111000011101101001011001
101000000010000101110100000110000011101101000011011000111110011001010101011111110111001010000100111111110101011000110001000110111111111111001101100101111101110111011101111010010101110110111111100011100110101101001100001101000011
101111111011110101100111101111110110100101111011001011100110111100000000001010100011011000110101101101100101011110000111011111111100001001011101110000101100110011001100011111010100110110000001101111101100001111011001011001011111
101010001110000000110011000001110010001100010011101010101100001111110110111000101010001101111100000100110000001100110000000101100101111011111000111101101101110111011001000011110001100000111111101100101101111010011011111101011101
100011011111110101100111110111011000100111011010101010101111011010000110000011101110101001101001111101100111111111100111110000001100011001101010101001100000000000000011011110100111001010101100100001111101011011010000101001000001
111011011000110111110110000011010010111110000010001010100111011011110010101010100110111101101011011101110111000000110000011101111101111011101011101011001111010111111001111010001100011110100110001011011000011001010111101011011111
100001001110000110100011110111000111100011101000111010101101011001100110101110101110011000000001000101000101101101100111001111110001100000100011000001100011111111111111110010111101111111101110111111001011000011010001100000000001
111101011011110010110110000101011101111010001110001010101100011101001111111110001010110011111101011101110001100111110001111010011011101101101110011111101110111100001101011010101000101011000100010101101111111000000111101101010111
101100010011000110100011110101000100110011111111101010100110110101011011011010111010111000111111000101100111110111010111111010111010001111000010111011000000010101011000001000000011100001101101110001000110110011111110100111110001
101111011001110100101110000000011101111010110000000000001100110001000000001010101010001101100011110100110010110101000000001010101010111011101110101001011011110001000011111011110111101100000100000111011100111010101000001110111111
100100000011000001101011111110110000110010111111010111100110111101011111111010101010111001101110100001100110100001110111111000000010011001100110101011001001100111011011101000110110100101111101111110001110010000000011111100001011
110111111000011101101010011110100111111010011011111110101110101101011001101010000000001101101010110111110000101111000010100011101110110011001100000000011111101111111110000011111100101111010100110010111011010111101110110101111001
100001101101111100000010110000001110110000110010101010101010100100011011100000111111111101101010110101100111101100011110101111111010110111011110111111111110001100001110111111101110000011010001100110110011000000111100000000101011
111101000111110111110110011110111100011011111000000000001010110001110000110111101000001000000010100001110110000111010000000000111010010110001100110000011011101001101000000100100111011110000111110110100111011111110101011010000001
110101101111000000010000110110110110110001101011111111101010010111100111100001101011111010101110001111000011011101010111111111100010110011100101100101110010000011111101101101101101000010111110100010110110000000010101111111011101
100101000101111111011011100010010000110111001110101000001011010010101100110111000000000010111111011011111011001101010000011100110110110110110000001101100110101110011000111100101101011110001010101110010010111101000000110101000101
110101101101010000000000111010110111100101100110101111100001000110101101100000011101110111100011011001010000011001010111010101110110000000000110100111101100111111010010110110100101010100111000100011011000000101011101110001010101
100101101101011111111011100010010000110000110000100110111101011100001101101111111111111101111010001101010111111101000001110100000000111101011110110010100110110010000110000010110000010001110011101111011011111101001111000111111111
110000000101010110110010111010110111111011111010110100010101001101111100000000000110011000110011011000000001011000011111110101110101110111111011111010101100011000111111010110100111000111010110101101011010101111111011010000101011
111010101101000110100110001000110000110001101110110111000001011000110101111111010110111101100110001101111100011011000001010101111101000110100000011000001001000010011011111110110011101111000100000101011000000110111001010101101001
101111101001110000110011100011100111100101101110000011111100001011110000111111111110101101110011011000111110111111011111000000000101110110001111110010100011010111000000101010111000111000010101111101000011111100101100011100001011
100101001011011110100110001110110010110111001011111010101111101011010110000000001100001101010110010010000111100110000001011111111111110000100000110111110111111100010111101010101011111011111100101101101111000110101001001101111002
110101100011011100101111100110011000110001101000000000001011000001010111110101011001111101010011010111111101001100111111000001110011010111111110010000110010111111111110100010100000101011011001101101100101011110100011100111101101
110100111011010110000101101110110011110111101111111111101010010100000000010111111100000101010110000101011001011110011011011111000110000001011111111110111110010110101100001010001111101001010011100000101101000010001111110010101101
100110101010010111101101100010011000010011001010111000001011011111011111111110110001111101010111110100001101001100110001010101011111011100000000101111101100110110100110111111011001101100000110110110001001011110111101011110000001
110100101011000101000100001110111101110110011000001111101010001011111101011000011100110001010010100101011001011101111100000000001010000111111111100011001101110010101100100110001100001101101110100011111011000000000101001110111011
100110101001110001110111101010011001100011001111100011100011100001110000000011110001111100000110110101111101000101011001111011111011011111000001001110011101010110100110101111011001111000101010001001110000011111111100011010101111
110100000011110100010110000000110011111011011101111000001111001111010111111110111101011111101110010000101101011101011011110011101010010000011111011111010101010110001110101101000011101101111000101011011011110110110101111000000101
100001111110011111000011011101100110110001010101011111100001100101010000011000010100010110100011000111101100010101000011011110101011000101110100001010000000000010111100100100011000000000011011111010001010100010110000101011111101
111101010011011011111011011111101100010100010101010100001111001101010111111101110101110100001111110101101101110100010110001110000000011100000101111011011110111110010110001101111010101111111000001011100000001110000111101010001001
110101010110011010110000010011000101111111000101010111100110011000000000101101010100100101101011010000000000000001111111011010111111111111010000001010000011111010110110111000101111100001010011111111101111011000111110101000111011
100000010111000000010111010111101101101011101101000111110011001110111111101101000101101111001011000111110111111100001010000000110101110111110111101000101111100010110110000010000101110101000110110110101111111101100000000011101011
111111010101101110111110000011000001101010001101110000000110011000010000001101011101100110011001011110111111011001111011011111110101010000111101111110111000111000110100111011111101011111011100000110000000101100001101101111100001
101100000000111000011000111011011111001011011000011010110110111011110111111001000101101111001101010100001101001111010011010101100000000110011000011010001011100010110001110000000101001011011111011100111011101001011111111110001111
101111011111100010111110001010001101101011011101110010100100000000010001110011011101101010011000000001011101011011010110010100110111110011111011110000111010101111110111100101111101011011000011000110011110000011111111010000111001
101000000110111010010000111111100101001011010000010111110001101011110111011001000100101011000010110111110100000000010011010101100001111001010000011101110010000001100000110100010101000000011111110110110111101110101101011011101101
101111011110101111011110001110101101101010011101111101011101111111010110001101011101101010011111111100110110111111110110010100001111001111010111110101011000111011110111111111010100010111000001110000010011000000101101011001100101
101010011000101100001111011010100101001011010001011001011100010101000010111100010101101011011001101001110000000001100110110101111000011100000110100100011011101110100011101011110101111101111111010111110111101111101100001100001101
101011001110000110111011011000110101101010011011001101000001110100011110100111010101100001011011101011010111111101001100000000011011110101111110101101110010100110111000101010110000011000000110000000000011000010001101111001111101
101011011011110110110010001010110000101010110010011001111011000101110000001100010101001111011001000010000000000101101111110111110001000000011010000000011000001100001010000000000111111011111111101101101001101110111100101101010101
101011010010100010011011011110111101100000011011001101100001101100000110111111000101011110001011011110111111111111100011000000011011011111111000111111111011111001100011111111111101101010001001101111101011101100011001101000010101
100011010110111010111011001100101101110110111011101101001011101101111111110100011101011011011010001100010101101011001111101111110000000000101110001101100000000011001001100110001100000000111011001010111111000101111100101011110001
101010000010110000110001011110001000111100001001101101111010101100101011010110110101000000011000111001110100101010011011000111000101010110000100111000001111101111101100001111011001111111101001101010001101011100001110000000000101
101111110110111110111101000111100011101110111011000000110000001101100001010100000000011111111011101100110001101000111001101101011111011100101101101011100001100000100101111010001101011010100011000000111000011001101010111011011111
101101110010011000101000011100001010101010001001101010111011111100001011010111010101110100101000001110000111001110101011100101000011111111111100100000111111110101111100111010111100011010110111101111111101110011111000101111111011
100101000110111110001110111111111010101010111011101111100001010101111111000111011111110001100011111010110000011010101000101101011110100101010110101101110110111100000101100000010001110000110010101101101101011001010010000000100001
110101110100110111100000000110110000000010101010100001101011000000010101101101001011010111111000100000010101111010100011100000001100001101000110000111000000011111111111111101110111011011100110000000101101010011000111010111101111
100001010110000101111110111100111010111010101010101111111001101111110001100001011000000001100011101111111111010010101111101111100110111001011100110011101111110110000110110000010001000001101111101111101001010111011111110101000001
111101010010111100110100010110011110100010101010100000111100000000000111101011011110111101111010101010101011011000000010000000111100010011001001111110101111000011101100011011110111011111001010100001101101000001010110111101011111
110000011010000110110110110010110111111010101010001011100001111101111110101111001100001101000000001000001011001011111110111111110001010111101011000000000000011001100110110000010001010011011000101111100000010111000000001100001101
100101011010111100100100111010010011000000001000111110111100010111111010000110011110111111111101100010111011011001110000001001000101000000000000011110111111111100110100011011110111010110011011101000001010110011011111111001101001
110111000000110110110110011011000111111111100011100110001101000011000011101100110000010110101000101111110010001011000110111011011111101010110101000011100000010111100001110011100011010011010001000011111111100111000011010011111011
111110010110010110100000110011011100110111001111001111011101110111011111000101111110110110000010111101011010111010011111100010000001111111100101101111001101000110111011011010111000000110000100011111000100101100011110010110011001
101011111111000100111010011011010110100000011100011010001000011101000101011100110110010111110111110001011000111000110001110110111111010101111111111110011111101110100000011000011101111111101110111100011101111110110011010100111011
100001101011110001101111011001000000101111000001111011011011111000011101001101110000110010100000010101011110100011110111010010000110000000001011000000110010111100001110111101110000000101101011110101111100110110000111010101110001
111101001010111011000001001100011111111100011111110000000000001011111101011101011110010110110111110111001100001110000000010110111100110111111010011101111010010101111011110100011011011101000001010101010110100110111101010001011011
100000011000001011111101011101110110110111011001011110111110111011010100010101000111000000110000100011101001011111011111000000000001111100000000111111101000110101110001010101111001001100010100000000000000101100101001011011000001
111111011111100001101100010000000110100100001011001110011111100000000111000001011101011011100110001110000011110010001011101101111011011001101010110110101011110000000111010101010011101001111110101101101110100110000011001010010101
100000001101111011000111010111111100110111100001011011000000111010111101101111010100001000110111111011011110100110111001111111011111011011111111100010000000000111111111000101010110111100000010100100100111110110111111101010111101
111111011000001001110101010000011110100110001111001010010111111011110001101011000110111101100000101000010010101100101101011011000100000001011001101110111111111111100101110000000000011001101110101110111101010000001011000010101111
110000011111101011010000000101110100001111101100011000111101101001100101100000011110010111001111101011110110100110100000000000010001010111001101000000000000001100110101011011110111111011111011100011110000011011111011101010000001
100101001101000001011011011100000101100110100110110010101000101011111100110111111010110010011011001000000010101100101111111111110111111101011000011011010101100110110001010001110001101011010000101111011101110011011010111010111111
111111100101010100001110000111111111101100001110111110101011100001101110110001110010110110111001101101111000000101100000000000011110101100001101111111110100111100010111010111011111101011010111111010001101011010001010110010111011
101010110101111111101100110011010110001111011100001100001011101100101010110111011010110100001101001100001010101100101101011111111100000001111100000101111110111111000110000000001110100000000000011011011100011000111000100110000001
100000000000101011000110111111000010100000000110111001111000001111101000110011001010000001111101011101111111111101101111010000000110110101110101111101011011100110010110111111111010110111111111111011001001111011101011101110111111
111111111101100001110100001000011111111111110010110011101011111001001110110111101011101111011001000000010101010100000011010111111110111111000101000000001001101100111110000010010010110010000001010011011011100000000001100000000101
100000000000111101010110100010110101000000011000011010100000101011011100110011000000100010001100011101000001010101101001110101010000001001110101011111111011100110011000111110110110011010111111000110000010101111111111110111111101
110110110101100101000000111011100101111111001101110010101111100001010001100111111011101110111101111111111111000000111100100000000111111011010000000101011000110110111110101010110110111000000101101111011110000000011010110000000001
110110111101110101111110011110001101000000011001011000000010101100011100110111101010101010011000110110110101010101110110001010110011101010010110111101011011100010110000000000010100010010110101000100000110111111111010011011111111
100111101000110001011010110111101001101111001101010011111110101111110001110011000000000010111101110000000000011111010011011111111110100011010111110101010000111000011011111101110101000111111101110001110010010010110000110000000001
110100000010011100000000000011001011111100011100011001100010100111011100011011011111111110110000000111111101111010000110001101011000101110000000000000010111101101110001010111000101110101011001100111111110110110010111100111111101
100110110111001001011011111001011011010111010111001011001110001100001111000011001011011010010111111101101111100000110011111100001110101000110101011111000110101101010111000011110101111101001100001111001010100010110110101100001111
111111111101101111111010001011011001010110010111100001101100111001100110010111011001001011010010110000000000110111111001110101111010100010011111010111101100101001000100011110110001001000011001011101011000001110110110000001111011
101011000000000010101111101011010011010111000101111100000101101111101100111100011011011011000110010111111110100000011111010101011000101111111011110000100110001100010001000100010111011011001101110101011011100000000000110100001001
100011111011011010101110001010010110010101110101001101010001100110101110111111001011001011011110110000001010101111110110010101011010000011100001100111111111101101111101010101110110000001111100100000000000111111111111111111111011
111010100001110000101010100010110011010001100000011101111101110000101010010100011001100000000000110111111011101011010110110000000011111110101111101101011011000000101111110101010010111111110110001101111110000001110011100010110001
100010111011111110101011111010010111011011111110110100011111011011101000110111011011001111011111110000000001100000000010110111110111010110001011001100010000010110000010111100011000011111010110111111111111101011011010111000000101
111000001010000000000001000011000101011001100000100001110111001001101101100110011011100011000010000111111111101111111110010000111101000000100001101101110110111111011110011001111011010001010000011011000011111111010000011011111111
101111101011011111011101101011011101001100111110001011010001101100101001001111011010101110011000110000000000100011111010110111101000011111111111001000110111110001110110111101101011110111011011010011011110111001000111001000011011
101101001111010000010001111010001101011110101010111001010111001101101100011100011000100011111111111111111110001000000000110001100011000101010101101011110101011011110100010100000000000101010001110110000000001101011111100011110001
101001100101111111111101010011011101001100101000001111000101100101001101110111011110001001101101101101000111011111111110000111101111111101010100101001100100000011010101110001011111111101000100110011011111111100000000101010110111
101100001100110101101000010111011001011110101110111100011101001100011000110110010111101111100000000000010011110111000110111101000000101101010101100011110001111110010001010111110101001101011111110110000101110101111111111110100011
100111011110100000001011000110011011010100000000010111011101100101111110010111010101000100001010101110111110110101110011101000011110100101000000001110100111010011010111000010100100011101000011010000111101010101110010010010001001
101110001010001110100011110111011001010101101101110111000100101101101110110011000101101101111111100010011110110001010111000011111011101100011101111000101100010110000011011110001101111001011010000110001101000101010110110110111111
101011100011101111110110000000001100010111111100000001110110000000101010010110010100100000000011111111010010000111010101011000000001000001111111011110000110110000101110001000111001101100011110111111111101011100000000000000000001
100001110110111011011111111011101001110110011001101011110010101101101000110111011110101111111110111101111010111100000000001101111111011111010110001010111100010111100111011011110011100001110100000000010101010101111011110101011111
111011010010110000001101100011000011010011001101111110011010111111101110110011001100000000111000000000110010100101110110101111001010000000010111101000010101000000101101000000011010110111000001111111110101010100001000011101000001
100000000110011011100000111111101111010110011000010111011010010110101010011001011111011011101101111101111010001101111111111001101010111101110011000011000001101111111000010101111000110110010100001110110100000001111110111111011011
111111010000111111111101101110101001010100111101110100000000110100101010110011001010011110100101101111010010111000000011011011000000001111010110011001010100111011001101111100000010000000111111100000000001010100000011110110001001
111111110101110100000001101010000011000110011001100111111110010001101010011001011011000000101100000110011010101011111110011001110111111011010000110011111111100001011001100101011011010101101011111101011011010101011111010011011101
100000011101010110110101000011101110011111001101110101100110110111101000111011011010010111101101110011000000000000000011011011100000011011010111111111101000111011001100001111001010010101100000001101011001111101000000010110000101
111110110000010111111101111011000111010011011100110100110110110011001101110011011010111100101000110111111011111110101110011000101111111011010001010101001011100001011001111011011111010100001110111111110011101001111101000011101101
111000110101010100101000000001011100010110000101100001110000000111101000011011001010101101101011100001101010111011111010111110000110101010000111000001100000001100011011011001000101110110100010000000011010101100001111111111111111
100011111111010101101010111100010111010000111101110111011101011101000011010001100000000000000000111111101010000000011010101010111110000000101110010101001111011001001011000011110100110110101111111111111110100101111010110010110111
101001101010010001101111101111010110000111101100100110001101001101110111111011101111011111010111101110101010111010110010101000110100101101100000111111101111111101100001011110111101111110100101101011110110101100000000010110100001
111100101011011100101101100000000011110101001101101111011111011001100010100001000110001111111100001010101010111111111010100010000001111111111111111011000000000101001100000000101100001010110000000000000000000111111011000010101111
110101101001010101100101001101101001010101101101001010010110001100001010001100011110100000101001111000000000000101011010101011011111010110011101010001011111111111100110101110000001111011111011101101111110110000001111110110100101
100000101100000000001101011111111101000001101101011010110100111111011110101111111011110111100011011110111101011101011010001010010000000000110101010111010000010110001100100011111100011011001011000100000010010101011100111100001101
111101100111111111011001110010110101111101001100011000110101101100000111100111000001010100001000001010111111110100000000111111110111110111110101000100000101000110101111101000011111110000011111101101110111011101000001101110111001
100000110100000111001100111000010101100001011110111101110001001110101101001101101111010101101010111010000001110101010101110100000000110000010101010001011101111111111011111011000010110101000110000100110001111111101100000110110011
111101110111110000011001100011010100111100010110011001011101011011100000011101100111011101111111101000111100000001111100000001010101111111110101011111111100001011011010111111111110110111111110101101111111100010100110110000000111
101000100110000111011100101010010101101001110110111100010101011001001110110101101101011001010111100010000111110101101101011011110101101101100001011101110111111010000000101110000000000001111010100100011010101110001100011101110001
101110101111111100010110111111010101101101010010110111010101001101100010100101000000011100000010101111010111111100000101001011111111100001101111000000000011010000111110000000101011010100001011111111110000001011011110111111111111
101010101100011001000100110101010101100101011000010110000001011100001110110001101111110101111110100011010000000101101101101001011000110111100011011101111110000110000011110111111001011111111011011100011011111001111010000111001011
100000100110111111110110110100000000101100000011110011011111011001011111100111000000000000001100001001111011110101111001111011011011100010101110001111101010111111111111110000001011000011100001000111011011011011101011101101101001
111110101100110100000000000111111110100111111010110110000111000011000011001101011111111111111001011100011111111111011100001010000001110110101011011010101000101011100000011111111111101000001011011100011010001010000001100001000011
100010100110100110111111110100000000101100011000010011011100011111011001101101010110110100000011110111110000011011001111101110111111010100000000001000000010000000001101001110001101111011111111010101111010111000110100101100011001
111010101100101111101110110110111101101111010011110111000111011101111111101101000000010101111000000010010111110001011011111100001101010101111111100010101110101011011111111010111000001011010101000000000010000011111111101001001111
101010001110101101001000100111110001100110011000000100011101000000101111001001011111110000001011111110110011100111000000011001011101010101011111111111100010111111111010110000111011011110010100011011011000101111101000111011111111
100011100110100101101110001101011100101111010011111101110101011111101001101101011101010111111110000000010110101101011111011101111000000000000000000011110111111101100000000111100001000111000001001001001011111110100010110000001001
111010101100110101101111101001011110000011011000111001110101000110101011001101000000000010101100111011110010101101000001110101100010101011010101101000011101101001001111111100101101110010010101111111101000000000001010011010100011
100010000110010100101010101101010111101110011101101100010100010100000011011001011101111000000101111110011010101101011111100101001011101001011111001010111100100011011011001110101100011000111111110110111011011011011111111110101011
111011110110110110101000000000000000100111001000000110110001111110101111010011000100001111110000000011001010101000000000110100011111111111001011111111110110001110000000011010000101010010011111000010011001111001110000011000101001
100000000000010100001111111111111110101101101011101110011101111010111000010111010101011110110111011111100000000011111111110101110100000001011001010000000110111010111111110000110101111111110101101110111100101111111101111101101011
101010110110110111101010000011110100001101101010111011011000010000111111010000011111110000010011000010001011010111111011000000010101111111011011000111111110000000010101110111111111000100000000000000010111100000011000001111111001
101010110100000111000011111010000001101000000010011010011011110111101101000111111010110111111111101110111111111100000001110111110000000011111011011110101100101011000000000000001011110101111101010101000010101111110011100000110011
101110011111110101110110000000110111101111101110110010110011100001001100010000010000000000001101111110111001111101010100100010110111111110110001011010000001101011011011111111100001100000000101110111011000101101100111111010110111
101100111011010101000111101101111110001010100010011010011000110111011001111010110111111010111101011010101101010101111111101110000000111010010111000000111111001001111001000111111111001101010100110111111110000000101100001010010001
101001100000010101110011001111011011100010101110111011000010010100011100011010000000011111110100001010001101000000101010000000111010000000110100011010000001101101101100010000000001011111111110110001101111011110000101111111011011
111111111111000000100111011011000001111010000000101010010111000001110101110010110111110101100101111000101000011010000000110110001110111010010001111010101111111000000111110101111111000000101011110100000001000011010000101101001001
111000000000011010110101110001111101000000110111101000110011011111000001111111111110110000110100000011100011001010101101111111011111111111000111101111100001011101110001110100101111011111101000011101101011110111111010000101111111
101110110111111010000001111101010100011101110110001011111111111011011100001101000000000110010001101000101111101010111000000001000000000001110000000001101100000100011100010110000000001101100011111111111000010101101111010000110101
101000100100000011010100000000010111110001100000100000000101101011010111111001011110110011110101101110100110111010001011111111101101010111110101011111111111011101000110111100101011100100101111010111011010110000000001010110000001
101111110101110111111110111111000000111100110101111010110100101000000011101011000010111000000100100010110000001111011111011110111101110000010101000000000011111101011100011110101000110001100000000000001111111110111111111111111111
100011010111000110001011110000011010000001100100111011111101101011111000000000010111100010101111101111111101011110011100000000000100011011010101111011111110110111001110110110101010100100001110110111100000000011111010101101111001
101000000011110011101010000111011011010100110110101111101000100000001011011010111101110110111111000001101111000011001001011010101111111111010100001000001000010001100110000010101011110101111011110000101011111111000000000000000011
111111111010000111100000110100011111110111100010000000000010001110101001011110000000110110001101111111000111101001100011111111111100000001111101011011111011000111111111011111111110000100000001011111111110000000010111111110101111
100010111111101110001011111110110100000111110110101101101011100010111011000111011110010010111001011100010001111111001000001111010111011111100101110000000001010101011010000011010111110110111100000001010110111111010001000111100101
101000000100001000101011011100110001010100010010101101111001101110001001010011000110111111101101010001111100110111101110111010010011000111001100011010111011010000000011010110010010011100000111101100000000000011111111011101111101
111101010001011101111110000001111101011111000111101000011011000010101011010111010011101101101101010111101110000001111000001010110110010000011101110010111111111111111111110011010110111111010001101101011101011000101110000000011101
100111011011010111010111110100011001110000011101101010111111110111101111111101111001101000101100000000000010101111001110100000000000110111110100111110000001101111101100011110010000000101111111111101000101001010000000101101000001
110111110001110010000000000101111111111111000000101010010101111110000110101001101101000010000001111011101111100000011011111011010101110000100111101111011111000000001101111011000111010000101010111001101111011111010101111111101111
100100000111111000110101110111010111010111010110101011000000000010110000000011000111011011111100001000100011101011001011001111110100011011101110000011000101011101111100010000010111011111101000001111000011000001110100000110111111
110001111111011110010101000100000000000000010011111111011111101111110111011110010111001000000101011010111000111111111000011100010101110000000000111110010000000111110001110101110001111111101011100001011010011100010110110000000001
111011111000000000110111010101010111101101011000010100000001101101000001010100110000011011101101011111111111110101101011110001111111111010111010001111010101010011010111010111111100000000000000101111001111000111010111100111111101
100010000010110110010110010101010100001001011010110001010100100001010101000001100110110001101101000000000000000000000000000100000000001010011010100001010101011000000000000000000110110101010101100001100110010001010000110000000101
111111111111111111111111111111111111111111111111111111111111111111111111111111111111111111111111111111111111111111111111111111111111111111111111111111111111111111111111111111111111111111111111111111111111111111111111111111111111
