1111111111111111111111111111111111111111111111111111111111111111111111111111111111111111111111111111111111111111111111121111111111111111111111111111111111111111111111111111111111111111111111111111111111111111111111111111111111111
1101010110101010110100001010110101100101100000000010001100000000000101001001010100000000010000010101011011000001001101000011010100010100110000001010011000000010000011000000000000001101010000000000011010000101010010110000001010001
1001000100101000010001100000010000110000111111111010100111010111110001101100000111111111011110110001000011111100011100011111010101110001100111100000110010101000111111111111011101111000000101011011111010111100010110010111111010111
1101110110000011011111111111011110010110001110101011110011111100000100000111011100110100011000011100011001101111010101111100000000110111110000101010011011111111100010101100000100000010110111111110110000010101110011000011110010001
1000100011110110011100110000000000111111011000000001011001101001010111110000000110110111011111000110111101000111010000110001010111110000110111101111111001010110001110100110110101111111111110101100110111110101010110011010011010101
1110111010100111000110000101011010011010011110111011011011001011111100000111011100110010000111011100000101110000010111100111111111011011100010111111100011010011100010101100010100000000101100001101110000110101000000111000110000111
1000100000001101110111111111111111001011001111110011000011101110011111111100010110011011110100010110111101000101000000001110011101001011101000011010111001011001001010101101111111101011100101111100100111100100010111101010000110011
1010001110101000000011100010111101100001011001011001111001001110110101000111010010110011010001000110110111111111101111111000110101100000001011001010010011001101011110100000101000111110110101100110001101110101111101101111010011001
1111011110101111110110111000011000110100001100011011001011011010110001101101011010011011011101010000000010110000100100001101100000101110101001111011000110011101010100110110000010100110000000110110111000000000000000101111111001011
1101110000111110000010101111001101100101100110110001100011001010011011000100000010110010000111111110111110011110101101111000111110001011111111111001011111010101010101110111101111110110111111110000000011011101010111100010101111111
1001111111111011111010101101101000001111110000100111101001100010110000010001011000011011110010101100010110110100000101101101101010111001001110001100001011010101000101010101111101100110000011010111111111111111111110101110000000101
1100010011001010100010001001001111111010100110110110111101111010111110110111111110111000011010100110110110010111011100000000000000001100011010111001111011010000010000000000011000110010111110000001011101100110101000101010111111101
1111011011101000111011101101100000000000001110000000010001011010100111111111110000101111010000101100000000110010000001011101010101111101110010101100001011000101111111110110111110011000001010111111000000101100101011100000000001101
1010000001101010000010000001110111111111111100111111011101010000110101101101011110101100011010000001111101111000111111111111111111110101100110100001111001110111101101011111110100110011111000000010011111100001100000001101010111001
1011111100001111111000110100111101101100010001111000010101011101100101101001010000001110111111101100110111101110000001100001111100010100110100001100001011010010100000001100010110011001001011111110111011101111101111100111010001101
1000000111101101000011111110101001100111011111101111000000001000110101101101011111101010001101111110010110101000111111001111010111010001110001011111111010010110001101101101110110111101011000110110101010100011000000111111111111001
1101110110001101111111011110101101110000001010101101111111101101100000000001010110101011011000110000110000101101110101101010010110010101100101000111000000110100111101000000000100010100000010010110101010101111101111111101110010011
1111010100100001011101010100000000111111100000001100111011000101111010110100000000101000011101111110111110101101010100000000110011010111110111011101101101110001100111111101011101110101111111110000000000000011000001100101011011011
1011000001111100000000000001110110000000001011100001101011110101011111111111101110001111000100011000101010001100000001111101100111000010100001110100101111100100001110011101111001000000111011000111111111101001011100110001001010001
1000011011010111111011101101100111011111111110111101100010010100010101101001111011100101110111011110001010111001011011111111110010011110001111100110000011001110111100110111101100011010000000011111100000111100011111110111011011101
1011001011000011100011001111110011110000000000001101111011000101110101100011010000110101100000000011101010011101111110000111011010111000100010110110111111011111110110000010100001111010111011110000001010001101000010010110010011001
1001101111110110111001101010110110000110111111101001010010010000010101111011011110110001101110111000000000110000100000101101011010101101111000100110000100000101100000111110101111101010011110100110111111011001111110110011010111101
1011111100010110111111111010000110111111101010000011011011011011010001010000010100100100111011100011010110000110001111111000001010100000111111101100111101111100001010001000101010001111110100001111110101110011110000010111010010101
1110110111000000000101010000101111101101101011111001010011111010011101011101010110111110110000111001110100111110111000111111011000001111100110100001110101100101111111111011100000100000110001100000000001111111000111110010010110101
1000000000010101110000011111111011000000001011011101010110101111000101011111010110011000110101111111111110111011101101101011000011011000110000001100000000001100001111010000101110110101100111110111111111010101101110111000110110101
1101111111111101000101000001010000011110100000010101010110001101010001010110000111011110110111101100001100000011100101101010011001010011100111011001101010100001111010000111100011111111110101011110101001000101000000001101100000001
1111000000001001111111111101011010110111111111000000000000100001111100000000110000010100010010100111011001111110101101000010111011110110110101111101101111101011101010110100001111011001010100001100001011011101101010111000001101011
1000011101100011111110101101011111100001010000010101101010111100100111010110011111010111000110101101001101011110100001110110101110100110110001110000100111111010100000010001011010000011000001100001100001010001001010000010100101001
1101110001110110000100000000000100110100011110111101001011111110001101111111010000000110010110101101011100000010001111000010000110101110000111011111110010110010101111110101011000111111110111111111110100000100011111101011111101011
1111100100111111110001101010110101100111000111101101101111100000100101101001111111110111011110001000000001111110100001111010111110101000110000001011111000011110100000011101000011100110000000000010010101010101000101101000111111001
1010111111101101000100111110100000001111010011000000111110101111110100100011111011100100001011101111111100010110101011011000001000000010010101111010101011001100001111001111111110110111011101101000110101010101010000111110000111111
1000001010000001110110001111110101101000011000010101100000001001010110111001010010110110111001101101000001110000111110001011111011111111111111101000001111111001011111111000011100000000000111101011111111010111110101110111010000001
1111100011111100000011111011010101111111001101011111111110111100000000111100011010000000011011001101111100000111110111011010100000001101011010100011111100110011000000011011000001111110111110111000000011110000111100000001110111011
1000111001110001101111100010000111011011111001111010101000001110111101100111000011111110111001101101101001010000000011001010001011111000000010101110010101100111111101110001010100000110000000001011111110011010001110110100110001111
1110111101010100111110111000110110000000101111110000101101111010100001110001101000000100001101001100101011111111110111101010111111100011111000000011010100001100101111000111111101010100101101111011110010110011100011100111111100101
1010101000000101100000111101111111101110001011011110000111100011111101011101101111110111101101011110000010101101011101101010010100111000001110111111000001100110000001101101101111010101111000111110000110011110001111110000000110001
1000101011011111001110101111011101101111101010000111110010111011000001010000111011000011000101001011011000000000001101000010110101110011111110110100010100110000111111000000000001110100011010000010111110110111101100011101011100101
1010000010011011111000001000000000111000000000110101111000101001111101011110010001111010010000011011111101111111111001111010000000000110100011100001111111111110010101011111111111111111111011111110000000000011100001111101110001101
1111111111010010111110100011011110111101011101110101011110100011000000010111011100000000111101000001100101100010001101010000111101010110101111001111111111001110110001000000010101000000001000000000110101011000101100010111111111101
1000001111111000000000110111110000000001111001000000000000001001111111010101000001111010110001111011110101001000111001011011111111110010000101100001010101011011100100011111000000011101111111111111110111111011111001000011010000101
1111101010100011011010111100111010101111101011110101111111111100101111000101101101110010111101000000100100011111101101011011100000011110111101101111000000001011001111000001011111111111101111110101011110101000011011010110000111111
1000000000001110011111101101100011111000001111111111101101010110000000010100111111000110100001011110110101111101001101000000001011111010000100001100011111111000011011010101000111110110000000000000011000001011011001010010111111001
1111101010111111110111100001101011011101100101011011000000010011111011110101100010011110101101111110010000001001011000011111111110101010111101111110111010001011110001111111110000010000111110101010110011111110011011111000000000011
1101111010110000000010111101111110001111110000000000011011011011001110100000111011010010111111100011010111111011001101110000110110000000111101000100000010111000000100101010100101000111110010101010111000000011011000001110101101001
1000111010011111111010101000010111101010110111011111111110000001100100110110001011111011111111001000000101000001011000000110000010111010000000011101101000010010101111101000101101010000000110111111100010111011001111111111111111111
1010000010111101010000000011000000000000011100010000101100101100110001100111101010101001101101101010110100011111001101010010111000011111011011011000101110110111100011000011111111111010101111110101001110001110011001110011111010101
1011011011110000011101011111111111011011001111011110000111100110011100101100000000001101000101111010110001000100011001111110001010110101110001111011101100000001101000010111011011111111111111010001011110100111001101000110100000001
1010001111011011000001110101110101111111100011110000110011111111010101111111110101011101010001011111110111111101110011101011111110110100011100000000100101010100111111111110000001010101010110000100001011111101111000011110101111101
1011011000011011101011000001000000101100111010111101111000011000000001010000111111000001111100010111100110101001010110000001110111110001110111111111101111110111111111111000110111010100000000101111011001010101101011111000001111111
1110001101000001111111110100011110001001100000011111011111011111110100011101101011111100110111000010110010101011000000101011010101100111010111001110111010010000001000010010011101000001110111111011111100000101000000000010100000001
1100101111101011011001000110111111101101111110110010001101001101011111001101000001010101100111111010111000100001011110111000000000110011000101100000011000111101111011110111111001011111111110110001101001101101011011010111111111111
1001111010111110001101011100100000000001011010011011101000011000001100011000011101010101110101010000000011101100000010011111111111100110010000001101110011101111101010110000000011011011001100010111000011111000001111111101000000111
1111011010100000101000010001111110110100000000110001000011000010100001000011011101000000110000011110101111101101111111000011100110101100110101100100011000000010101000000111111110001000011101110100011000011011111100011100011111101
1110011010001010100011111101000111111111111110011101101011111010110111110111110000011010000111000000101000100100000001110110110110101001111111111111111011111110000010101110111011100010110100000001001011110001100001110001000000101
1011000011111111111110001111101101011100110011000000111110111111111111111110110101011110110101101011101011101111101111111110010010100011111110000000101000101110111111111000001010101111110001111111111000010111110111111011101101101
1011111011010101011000100000001100010110110111111110010110001101100001001100100101010000111101001110001010001010111110011011010110101110110100101111100011100000001110011011111010101011011100000001111111000000000000000001100111101
1001110010010100011011111111101111000000010101110111000111100000111101100110001111111110101000011111100000100010000000110001000000000010010001111110111000001101111011001001011010000001010101111100000001110110101011110100110010101
1101011011000111001011111010100001111101000000000000010101111110101101110000100110001000100011011001111101111110111111111100010111010110110111011010000011101100110001011011001010111100010000000101101100110111101001011111111000001
1000000011011101011110100000110100001111101011011110110000010000000101000101111111100010111011001100000000010000001010101101110001011100010110000000101010111111110111001011011000011111110111111111111111110001101011000001011111111
1111111011010101010110101010000110100010111001111000111111011111010000010111000000001111100010011111011101000110100000000000110101000001000011011111111110010001100000011011011011110111010000000000000000010111111000011111010110111
1010010010000000010110111111111111111000110011001101101100000000011010110011101101111110001010111100010001101100111011101011111101011111101111010100000000110111110111111000000000000000000111010111010111111111001101000001000010001
1011011000110101000000110101000000000010000111100001100110111101111110011010001111100011101111101001011100101110111110111000011111011011111100000001111110000001100001000011110111111101111111111111111111011100011111111111011110111
1000000011100101111110000001110101111111111100110100110000110001100000110010101010111000001100000011010001100110000000111011000011000001010101111111101111111111101111011000010011000100000001111100011000010101111010110101000000001
1110101001111111110011111101111111110110111110111111111010111011001110110110101000000010100110101111111011001110111110001111101011010100000000001110000000000000000000001010111000010111011111010101111111000000000000000000011111111
1111101011011011011011010000001011000000000000000011100011100001011000010010101110101010101111101000000001100010000111111101111110010101101110100000111111111101011010101111111101111110000000000001101101011111010101011011001010001
1000001011000000000000000110101010011011101010101000111010001101111101110111101000101011101000001110110100101011010000000000000010110100101100101010000000000101001111100000011000000010111010111111000100001111111111011001100000111
1101011111111110110101111111101011010010001010101110011111111001000000010011101010111111111110101110011101111011110111011110101111100101101101101110110101111111111101001110111101010111111010000101110101111000101011011101101010001
1111110101010000111111011011000000011010111111111000110101111011110101010110001110100000010110111000110001011000110001000110100000110101111001111110111100000000000001101111101111010001101110111100100000000010000001110111111111111
1000000100011111100010000000011011110011110101010010000000000010000101010110101110111111010000111101111100011010111101101111101111111100001100000010001111110110101101100000000011011111100011110110101101111111110101110010110011011
1101110001001100001000101010111111111010000000000110111011111011101101010100111011100000000101100001100001001110101111111011100000101110111001101010100111111111111111001111110110001110101111100010100101101101111111011000000110001
1111000101100001101101101010100100000011101010110011111110000011000101010101100000001111110101001101001011111000000000011010110110000011111101111110110000001001000111100000010111111000000010110110101111100000011110001011111110111
1011110111110111111111001010110001101111111010111011000000101001101101111100110111111000000111101101101010111010111011110000011100101111101000000110110110111011011101101010111101001011111110110110101010101111110100100000000000001
1000110100000110111011111010111011001100000011100011110101101011111101111111111101010011010011001000111000001010001000000110111110111110101110110110010110000000000000101111101101101011100000100000000000000001100101111111111111101
1010000111110110000000000011101001111110111011111010000101001011000111010110101000000111011001111101100010101010101010101100000010111010101011111111110011011010111010100001101100000000001010001110101010111100110000000000001000111
1111101100000110101010101111000011000000100010000010110101101011010010000100001111110110010011000000111011101010101110100111011110001000000000000000011111111010011010110111001101010111011010100111111111111110011011111111011011111
1101101101010011111011101000011011111101110110111010011101101111111011110111101010000011111011011011101000111010100110110001000011111011111011111101000000001010111110110001011001010001111110110000010101100011111000010111110000001
1000000111110111000010001111110001111111011111100010110000111101000001110000000000110111000011010010000010011110110111110101111111111000001000011111011110111010011000110100000011010100101111100101000000001011101011000000011011111
1111011111000110010111011111111011000000001101110111111101111001111100000111010101110001110110011111010110110110100000010100000000000011011011000011111111111111001101100111010110010110000000110101111011111110000001111110110000001
1000011100010111010100010000000001101111101000111101101101100011011101010100011101000111100011111100010110000011111010111110101101110110001111011110100001101111101100110011011111110010101111110100001000010100101111101011110111111
1101110001010100011111011010101011111111101110100000000001111010010001111110111101110110001111110001110011011000110010101100101100011111101101000010001111101010111101100110000000011111100000011101011011000001100000000001100011001
1111100111010111111011111010101111010000000000001101101011011011011111100011110111000011011000000101100110001011111110100110111111011011100001101110111010101010000111111111011101001111101101000111110001111111111111101111001001011
1000001111111100000001000010111110000111111110101000111011011000001010111011000011110111001111101101110011011000000010001100000011000010111111111100000000001000111110111011001101100010111111111100111100111111000011000001101111011
1111111100101111110101111111111011110110000000111111100011000010100000000000011000000001111000000111010110011010101010100110101111101000000000110101111111111011101010100001011111111000000000110110000110000001011110011111000100001
1100010110100100110100110101100000000111111110011000001010010111111010111101111110101011101110101110000111010011101111110010100110001101010110000000001101100010100000001011110110001101111110000000111110110100001011111010010001011
1001000000110110110110000000001110111100000000111101011111010110000010100000101000101110001110100011010011111011100000010111101100100111111100111011111000110110001011111000000000101000111011111101111000110110100001100000110111001
1111101110000010011111011101111000110001101010100001110000011111111010111101100011100110100000111111110110110000101111010000100110110000000110011000101011100000111111111111110101101010000000001100001010110010101111101101100001101
1000101110101000111111111001000011110111001010110101111010110001111010100001111011001100110110001110100000010110100111111010110110011101101100110010000001001010001100000111111111111011101011111101011010110111100000000111110100111
1110001000101010010110101111110110000100011011111111000010110100000011101101011011011110110110111000001101111100110000001010011111000101101110111011010100011010100001010000001010111111001000000101011010010101110110101110111110011
1111111010111011000100101110000100111101110011101010011111111111111001100111000011111010100110011010101100000110110101101011001010010100100110001111111110111111111111110110100000000001101011101111001010110000010010100000000111001
1000000011110011110110001011101110100000111110000000111101011000000011111111111001100000110110111110100110101110010111001111100011010101110110111110110000101101010111111111101101110101001000100110011110011010111011110101110011101
1111111111011110110111101010101100110101100111011111100000001101111000110100000011110101111100101000110011101100110001100011001001010111100110110000110110000000000001011001101100011111111101111111110100110011101000111100011110101
1101110101000100010101100000000110011100110000010000001111100001000011100001010110000111101110001101111001100110110111111111101111010010110100000101110110101110101100000011101111001011010111011010000110011000001010000101001110111
1000000001110111000000001101010110111110010110111111011111110111110110111101010011010110000000100100110011001100010001011001100001111000010110101100010110100010111101010111000001100000000000000010101111011110101111011101100000011
1010111101010001111110111101010110110000111111110011110000111110110100000001010110011111011010101101111011100110110100000011110111110010110100101111110110111010000101011101110111110111111111110110111100000011100011001100111011001
1111111001011011000000100001010011111010101101011001100110000000000101110101010111001100010010111000110000111100010101010110000000011110011110100111111100001111011111111101110100110000000000110000010111010111111111100101111111111
1111101100000000010101111011111111101111100000001101111111111111101111000101111101100111011010011111100101111110110101010010110101000111111100110000000110100011111110110100010001100101010101100111000011010000011101111100001100001
1010101001101010111100011000110000000101111110100001010011010100001100011101101000001110001110110010001101000110011101010110100111010000000110111011011100111110000100000001010111111101110111110001110111111011010100000101100001101
1000001101111011100001110011111111110101010110101101011010000001011111011001000011011000101100011000111000011110110001011111110100011101110110011001011110111010111101111011110110000100110000010100111110001001110101111111001111001
1110101111010011110101100111101101100000000000111101000000110111001100011101111001001011111001011010111101001100011111001011011101000101110110110011110110000000000000011110110000111110011010110110001011101011000000000001100111101
1000100100000110000100111100001101001110110110110000010101111100011111010001000011011010010011001010100001111001000110011010001111011100010100011000000011101011011011000000011010000110111111100110100001101111101111011100110001101
1011110001110011010110110001101000011000110111111110111111000001001100011011110110001111000110011111101100101111010011000000100011000101111101001010111111001001111001111110111111011100000000110110111100000101000011001110110101101
1111011101000111010100111011000011111011111100001110000111111111100110111111000011011100010111001110000110000001010111010111101110010100110001101010000001101011101011111111101111111110110111100110000101010000010111100111100111111
1001000001010001110101100001101010000010001110100000111100011000001111100000011001011001011101011011101111010101011100010001100011011110110101101111010111101000001001000001100010110111111111111111101111010110110110001101110001001
1100010111110100111100111111001011111111100111111101100001001011011101111101001101001101010000000000111000010111000110110101111011000010010111000011010110111010111011011100111000010100001100101011111011011111110011101000010100011
1001111100000111100001111101111110000110110101010000110101100011011000000001100111011111111111010101111110110001011100110100001011011110110011010111010000001010011000001110010011010001111110001010111011000000011000100011011110111
1101100001010011001101100000110111110110100001000101111100110111111111011011001100000110000000010111001100100101000110110101011011000010110111010100011111011110110010100111110111111011011010111000000001101010111111101111111011101
1000111101111001101001001110010100100000001100011101011001100000001100010011011110101100111011010000011101101111101110010101001011011110010110010101000001001100011010110000000000101000001010111011101011111011100011111110110000101
1011110001100011111111111111000110001101011111110001000011110101011001011001011000101101100001011011000111001011001100111101011011001111111110110111010101011101011010011101010110000010100000001000111110001000101110111000011010101
1010000111001011011010110000010000111001010000000111011011000101111101001101001111100111001101011011010001100001011110000101011001100000001100010110011111000101110010111101011100110111111101100010010100111111101000001011111011101
1111010011011011011000000110111110011101011110110110011011011111101001011101101000001100011111011001111100110111011000111101001101001101100111010110110001010100110110000101001101110000000101101111110101101101001011101010101001101
1100010110010010001110110111101110110001111000100110110011010000000011000111111111011111001100001100000111100001011010111111011001100101101110011100111011010101100011010111101100011011111111101111100000000000011010111000001011101
1001010111111011101111111101000000011111110010110011100110011010101010011110000000001011100110101001011111110101111110000001110011001111111011001110000011111101110110010011001101001000001011001010101111010101000000011011111000001
1111111101000010001011101101111111110111000110111110001111110010101111011011111110101000001100101101000000111100010100111111000111100111010001100110101000101100110111011001100111101111100001100000000001011111011011010011010010101
1110111101111111100000000001011111000100010100100000100101000110101100001011010000101111101110101001010111100001000110000001110010101101000111101100101010000111100101111011101111000001101011001011010111000001001110000110000111101
1000010000000000111110111101010001110001111101101010101100010010101101011000000101111110001000101011010111101011011110101011111010001000010000100101101110111111110000110000100001101011101111011110011111111111100011010010111111111
1101000110101010000011101100010100000101100001101011101101110111101001001101010101000000101010101001010000111011001100101000011111100011110110110100111000000000010110011010101111001110000101000011000000000000101011111000010010111
1111110011101111111001000001000111010101101101111001101101000001101101100111110111011101111110101011010110011010011111111101000001101000111100011101111010101010110110110011100001100011010001101001011010101111111000101101000110001
1000000111111000001100010111101100010101001001011101001101010111000111111100000011010001000000101010010110110011011000010101011011001010000111001101100010101011111110011000101011001011010100111111111111100000001110000101011110111
1011110110011110100110110110000110110101011100000101100111110001101110000001110111111101111110101011010110011011000010110111001001101011010001100111111010101000101100110010101011011111110110000000000000111111111000101111000000001
1111111111010000110000100100110011110101010001010101001111000101001100111011000001100001100000111011010011011111101011100110011011101001111011110001100010101010000110110110101001000001110110111110101010000000011101100011010110111
1000011000000101111010111111110110000101111101110111101100010101011110100011101011111101001110011001010111000011001000001100110000101100011000111011001011101010101100100011101101101111010110000011101010110111001100110111010010001
1111011111110111010010100000000111101101110000110110001111010111001100111110001010000001101000110011110001111011101010100101111010111001110010001011101111101110111111110111111111000000011110101001101011110001111001100001011110101
1110010011111111011111110101010100001101000110011111101000010111011111111111101010111101001010111111000101100000101010101111100010001100111111011001100110100110110101100000000001101111001010101100101000010111111111111011000010101
1011011000000001010101011111010110100111110110110010001011011100001100000000001010110001101110101101101100101110101111100000110110100110000001110011110110001110000000110101111101000001100010101110111110110000000001100001110110101
1000001110101100000000000000010110111110100100011010111010000110111001111010101011100100111100000000111001111000100001101011110100111100110100011000010110100011010101100111101111111011001110111000010111100111110101101100110110111
1110100000111001110111101011010010100000001101011010001111011100001101000010101111001101100001111011111100001110101011101011011110000110010101011010110100110111011111110000001010111001100110111110110001110001111111101101111110001
1000110110110011110011001110010111110101101101011000111000001101011111110111111101100101110100011000000110101100111000101000001100110110111111111010011110110110000010110110100000001111110010000110000100110100001100111000101100101
1101100110111011000110011111111101011101001001011010011101011001110110000110000000001111000110111101011111111110001010101010111101100110000000001110111000011110101000011100111110101110110110110100110110010101100110011110000111111
1000110100011111111111110000101101011101101101010011010101010011000000110011110111100110010110110001000101010011011111111011110001101100110111100010110010110000101011111110001100100000011110111110110010110111110000110111110000001
1101111111110110111010111110000000000001111001010111010001111001101101100110000100001111010100110101110000000110001101111111011101100110110111111010011110111101101001110111111111101011111011101000010111110000110111110000010101011
1001001101010000000000000000110101010100001101010100011011111011000111110111111111100011011110010100110110101111100000101100001111001100110000011111110000011001001100000001110111111000000001100011010101011110010011010101111111111
1101100000000101010101101010100101010110111001110110111111010010011110110101000000001011111000110101100011101011001010100001111001011110110111001110011110111101011001111100000000011011011111110110010000000010111000000100000110101
1111110101011101111100111110110101010100001100110110100110000110111000000100010110101001100010111100101011000001101110001100000011110000110011111011011111100101001100000101101011111111111111011100110101101110001101011101010000001
1111111111010001100001100000110101111110101101100110110000110011100011011110110110101011001010000110101011011011100110100111010111000101111000100000000000110001101001011111001001101100000000000110110111100011011001011111011101111
1101100000010111111101101010110111001010111000110111111010010110001010010000010100111001111010111110101110001010001100110001010001111101100010001111010101110101101011000001101100000001010101101110110010111111111111000001001111101
1000111110111110000000111110010001100000011010100100001110111111101011011110110111111011100010000010101100101011100110111011010100011001110111011111110101100101101110010111000110101111110100100010011000000000000011010111111011001
1110100000101100101010110000111011111110110010110110100000110000001011111000111110000000110110111111100110111011001100001011010101111101000011000000010100110111111100110111010011100010110110101110110010111101101011110000000001011
1110001101100001101010110110110010101110011110111111111110010111101110110010011100110101110010000000110110001111100110111110010100000111101110010111111101100001100101100001110111101000010010100010011010000100111010111011010100001
1000100111111100101110010110011010000000110011100000010100111110001100000110110101111101100110110101100110111100001110110111010110110100000011110000000100110111110000110100010000101010111111110110111010101101100000001111010101101
1010110111011101101000111110110011011010000111111011000001100000111111110110100001100000110111100100110100000110100010000011010110010111011110111010110111100100000110110101010101101110000011111111101111100101110101100001011100101
1011100100000001111010000010100111111110110000011001110100110101100100000110110100111011100000111101100110111100101010101110010110111100000000001110110000101101010010011111111111100110111110101101100001101111010100101011011001111
1111111111011100111111010111110010100000110111111111000101100111110001110110110101101000110110000100110110001101101010100111011100001101110110101111110101101001011010111010110010001100000000000101001011000111010101101111111011001
3000010000000110001101010011000110001101100000001100011101111100000101100110100101100010010010101110110100101111101010111101111101100111000010100001011111111011011110000000011000100110111110110000011001101101011101100000001000011
1111000101010011011000011001111111111101111011011111011001011110110111001110110101101011010110100011100101100000101110000000010100110001110110101100000000001001110100110111111110101110000110110101111011111000000111110111111110111
1000010111110111111101011111100000000000110011010000011101010011111111100010110101101011010011101011001101101010111000110101000101100111000010111111010111111100110001110000000111101000101100010101101110110011010000110010000110001
1111010110000110100001000011001111011010011001011011001101000111000000001010110100111011011011101011101001101010001110110111101100110110010110011011010000001101100100010101010000101101111110111100000100000111111111111000111110101
1000010100101110111101010111111100010011011011110011100101010001111111011010100110110011001010001001101011101010111000110001111110110011010111110001011111011001001111010101011010111100000110000110110001010000000000001101111011111
1011010110101000011101010110111001111011010000011010001111111100000000001010101100011011011010101100101010001110001110110100010100010111010011010111000001111101011010010101001111110110101111011100010111010101111110101100000001011
1011010111111111000001010110000011001011111010110011101011000001011101011011111110110011011010111001101110101110111000011101000111011101111000000001110111101101110000110111100001100000111111000101010001011100100010111001101011001
1001111101010101110101010100101001100000110010011010001000010101011111011111010000011001010011111100111000100010101110110001011111001100000010111011110000000101000110010011001011001010000110010111011011011110001111111100111000011
1101001000000000000101110111111011110101111011011111101101011101010010000110000110110011010110000001111110111010000110111011000001111111011010001011011110101111110110111111101111101010101110110100011110000110111101000101111111111
1101100010101011110111100100000000110100001001010000001101111111011000101111010100011110011111101011100000011011011100001111101100001011111110111000001111100011000110000001100011001110111010111111000011011100000000011111001111101
1001001010101010000110111111111010100101011011111111100111000000010010101010011110110011000110001000111101001001000110100101101101011001101110001010101000110110010100101011101001101100000010101100010110000110110111110000011000001
1101011110101011110100011000000010110101001001100000001100010111011011100011010000000110011111011010110001011011011110110001100111001100001000111110100011111111111110111110101101101110111010000110110011010010010000011011110011111
1111010000101010000111000010101010110101011011110101011111011100011000101110011110110111000110001010011011010011000011111101110110011110100010010010101110101010111110111110111101100110001011011100011010011011111101000000010110001
1010010111111111101111101011101010100101011110000101110000010001011101111000111100010011010110101010110010011011101000011000010011011110110111000110100000000000010100001000000101101110111111110111001110110000101111110111000000101
1000111111010110001100001011001010110101000111010111111110111011010000110010100001011110010011101110011010110001111101011011011110001100100100011111111101101111110001011011110101101100000010000110011111100110000000110001011101111
1110110000000011011111111110011010110101010011110110011010100010011101100111111101000010111011000011111010100100000101011111000011111110101101000011001101100000110101000001011111111110110110101111000001110010101011111011110000001
1000100101111000001011110100110011100101011010111111000000110111110001110110011101011010101001101001101010110101110111001100011111111010111101101000011001110111110101101100000001011010010110111110010101000110111000001000110110111
1010110101100010111010000001111111101101011010011101101011111101000100110111000001111111100011101100001111111100110011011001000110000000110001101010111100110000010111100110111111001011111100010100111111101100001101111111111100111
1011110111001010110011010100000110000111111111010100001010000000010110110100010100110001110110100110111110000001100111111101011110101101100101101110101110110101011110001110000011100011110001110111101010100110111000000110100110001
1010000111101111111000010101110011011110001101000110101011011101111100011101010110000101000000101110011011111011110000000101000011101001101101000110001011111111111100100011011110101110011100000000000000110110001101110100001110101
1111110100111000000011010101111111010000100101110000111111110001100001001101010100111111110110111011110000000000011011111111101000111100101001101100111011100111110110110111111100101010110001111111111010110110111111110001011011101
1001110110000011111001110100000110010111110101000110001100100101110101101111110110011010100110110001100101011011111000000001101011100001101101101110001010101101010100100000110110101000000111101010111011111100001000010101110000111
1100000110110110000011000101101110110100000000011100100110110101010101001000000111000000110110000100110111111000001010111111111000101011100111000110111010001000000110110110000000000011111110000000001000001101101011110100100110011
1001010100110011111011101101000011111111011101000110110110110100011111011101101100011101100010110110011111000011111110000000011011111011001111101100001010100011011100110100110111101000000000111110101110100101100011100110001111001
1101010110110110000000111001101000001101111101010110011100000101000011111001000110110001101010011111010001111011110111010111111000011111011000001101100000111110000110011101100000111010111010011111111110101111001010111110111010011
1001110010110100101010001101101011111001100001011111001111010111010110101101101110010100101011000011111100000000000001011110001101110001111111101101101010000011010011011000110110111110001111000011011011100111011000000010111011111
1101000110110101111010111111001111101100001011001100011000010011111100000001111000110110111001010110000001111011111101000010111000000111100000001101001010111111011001010011100110000011100001011000001011111101011010101110001001111
1111110110110111011110001010011000000001011011011001001101011000000110110101000010011100001101010010101101110000000101101000001101010110110111100111101010111101110011011000110011011000101111001111100000001101110010100011011011011
1000000011111100000000101000111101110111011010011011011101010010111111100101101010111001011001011010111001011101101111101110111111111100100110001100001010000000111111001101100110001101100011011111001011111101111010110111000000001
1111110110000111011010101010001111000110001111010011110001010110000110001101001010110011010011111110100011000000111010111100000111111110001100100111101111010110000001101100110110111101001111000001111111010100001010110001011011101
1000000011101101111010101111011000010011011000011010000111010010101111101101101110111011111000000010101111110101110000110001110001010010101110101100001110011111111111111001111100000101100001101100000000000001011011111011111000111
1101010110100000100011101100001011011010001111001111011100010110101100001111000011101000011010110111111100000100000111111011000100000110101000100111100011000000100000111011000001011111110111001101011101110111111000011000001010011
1001110100101010001001101101101111011011100011011110000110110110100110100110010110000010111111110011010111010110110000110011110101101111111010111100001011010110001111101111110101000011000001111111000111110000110010110011011111001
1101100110111111011011000111001101011010001110011000101110110011111111101111011111101010000101011111010000011110010110011010000101100011011010110001101010010011111101000101111111010110010101000001010000011011111010011011110001101
1001111100000000010001110001111000011111100010110010101100010110011111000101010000001110110000011001010101010000111111001110101111001000011010100101101010111000000000010000011000011111011100011111011011110011101111110000110100111
1100111111101111110100011011000011010000001110100110111110111111000110010100010111011000011011001100000101111110001011100011100011101010111110110100111110001101111101011011011101001011011001001111111111111000000110000110010111111
1101100001111011100101111111111011011110101100110011110000001101110000111110110110001101110001100101101111000000100001101011001000101010101100100101100000111000001111001111110111101001001101100001110000011101111111010011000000001
1000111101010000001100011110000001010000100101111011010110101100000101100010011111011100010101110111001010010110101111111001101011101110000110110101101110001101011001111101110100000011111000110100000111110100001001110110011111101
1101100000000111011101001011110101010101101101100000010110101001010111111010110000000110111100011100011000111100111010111111111001100110111110110101101000111001000011111000000111110110110010100101110000000101101011100011000001101
1001111111010110000111101011010101010101101100110110110110111011010110000000011101011100110001011001001101101110001000000000111011111100001011100100101010011011011110000011110011000000011011110111100101101111111000110110011011111
1101010100011111010011001000000101110101101001110111100110011110010100101110110101000110011101111101011111000000100011010111100000011001100000110101101011011011000000110111111011110111111001100010110100100000011011111111001000011
1111010111011001011111101010101111100111111111100000110100110111011110111000000101010110110000110001110000010101110111110000110101111101101101110111111010011001101111100000001010000000110011111000010101101011000000000011011101001
1110000000001100000010111010100110101111010110001010010110110001111010111101010101110111100110011100011011110100010000111110111101100001100101010011000011010011000000111111011110101010011110001101111100111001010101110110001111111
1100110111011001101000001011110110001100000000101010110100011100101011101001011100110000111100110001111010000101111110011011101000110100101100010110011011011011010110000111110010101011000000111000011101111011010100011111011010111
1001100100001101001011111111111111011111111010101010011101111110000001100011001110110110100001111100001111010100000011010001001010010101100101010110110010010011010111010000110111101011011110001101000100001001010101111011000000001
1011001110101101101111110100110000001100000010111010110001100000101100001001111000010010110101111101011001010110101110010111011010110100101101010011111011011011010001011010010101111011000010111111011110101011111101100001010101011
1111101000101001100000000110000111011111010110001010110101101011101101101100011101011010111100110001001101110100100011000001011110010101111111111001011011010011010101001011000000110001101110010110000110101010111100001111111111001
1000001010101011101101111100101111011000010011011111100101001010000111111101001101001011101101100101011101000110101110010100000110110100000000001100011011111011010101101011101011111011000011000111011111101000010110100001111011101
1010101110111011000100001101111100011010111011000101110111101011011100000001101101111010000000111101010100010100100011010101101110010101101010101001110000101011010101101010001111010001101110011101000000111011000111111111010000101
1110111000111111110101011101010001110011101001101100000011001011000110101101101100001111111011111001010001010101111110010100100011111101101110101100010101100001010111111111100000011011100011000001101101100001011101000111000111111
1000011111101000000101011001000100011001100011100111101001011010011111111001100110101110000011000011111011110100110010110101111000011000100011111110110111110101010000000110001110111000101011101111000111110111000000010000010011011
1110110000001101101111001101010101111011111011001110001011011010111000000011001110101000111001110110101011000110000110011101111101001101101111011000011100000101011010101111100010101101101001100001010001100001110110111101011000001
1110110101100001001001101001010101100001100001111010101001001110001101010110011100111010110011000110000001110100110111011000101101101000101101001110110001110101001011111111101110100000111011001111011101110100110010001101110010111
1000011111001101100011001111010101101011111011000000101101011000111001010011000110011010011111101111011011111110010001001010000101111101101000011000011101100101011000000110001011101010001001100001000111000101111010111000011010001
1010110011101001101001101100010101001011000011111101100111010011101111110111101111010011110000100011010011000000111101011110111100001101100010110011111101101101001111101100100001111010111101101111010001110100001010011101110011011
1010111000111100101011000111011101011001101010000000101110011111101000000000101001110110000110001011010111101010101111000110000110101100110111100110000001101101011111111110101100001010110111000111111111111101011111000100011001111
1011101110110110101001010110001101111011101010101010100011010000001110101101100011000010110100101111110011001010000001101100111110111110110101110011101011000111000000001100100101111110000001010000011011000001000101111110111100001
1010000000000000111011010011011001100011001111101010110111111111100000101100101111110111110101101101000111011011011011001110000010011000100000111111001011010011011011111001101100010110111111011011110001010101101100000110011001101
1011011010110110001111110111011011110110011100001010110110000000110110101001101100000101011101100001010110010011001001100111011111001101101010000110011011011001010000111101000101000010000011010000000101111101100001101111001100101
1110011110100110100101100100011110000111110111111011100111111010000100111011101110111100000001001111110011011011101011001100000011011111111010101100110011011011011010000111011101010110101111110101010111101000110100111101101101101
1000110000110100110000101101000011010011000000000001110011000010110110110000111000100001011101100011000110011000111011111101101110000011000010101101100111111001011010101110011001011111100000110111010000001101100110011000101100111
1101111101100110111011100111101111111111101011010100110110011011111111100101111111111111111101001011010111011010001000110000100011111001111011100100101101000011111011100011011101000000101010110001011010101000110011001011111111111
1111011100110100011000101110001111110000001010011101100111011111100000001100001111100000000001011011110100011010101010100101101000001100111011110101100001111000110001101110000101110110111111110111110010101101100111111011010000001
1011010001111101011011100010100011011110101010110000110011010000001101011101011000111101011011011001100101001110111011101100101101011001100010000100101111100011111101100011101100111110000001100000011010101100110000000000000110111
1000000101100001011011101011110110000000111010010101111001111010111001000111011110000001111011011011101101100010001000111101100101110011101011010101101000001000110000110110111110000010101011001011111111100111111011101010110110111
1011101101111101110000111001010110111101100010111100110011001110110011011100001100101011000011110000101001001010111101100000101111111011001011010111111011011101100101100000000110111110101111101011101101110011000000111010010010001
1111000101000000011010011011000011110001110110000110011001100000011010000110111110101011111000110111101011101010111001111011111011011001011010011110000010010000110101101110110010000010100101001000000000011111111010001010110111011
1000010111110101011010111011101010000100110110101100111111001101011011010100100000111010000011100001101110001010001100110000000000001101001111000010111011010101110100101000110111010110110001101101101111000011011010111010100110001
1111110111000101110011100001111111010110010110100110100001101111011010010110101110011110101110001101101111011011011110011101101111111101101100011111110011011100010111111010010011111111100101100101100011011000001010011111101100101
1011100100010100011001101100001100010011011100110010101100001000001111010111111000110000100011101100111000001111011000111000100000010111111111000011000111010001010000110011011000011100101111001101110110011010111111000001100110111
1000001110110110111111100110111111111001000101100110100110101101011000010011000010011110110111000101100010100110011010101101101111110010011000011111101100011101010111100111011011000001111011101100011111011010001101101011101100001
1101101100110011110000001111111000001101111111101110101100111101001101110111101010111000110110010111111010101100110010000101101111110110111111000110000111010001110000110110011001010111000001101101000101011010100000111110000110111
1001001101100111011110101101001111100000001010001100100110110111011001000101001110100010110111010001100011101110111011101101000000000000000011011111110110011011000111100111011011010000010101101101010001010010111010000010110100111
1111011001001110001111111101101111101110101010100101110100100000001111110001101100111010100100010100101010000110011001100111101101101010101110011101100011110001110000101100001001111010110100101101010111110110011011111110010110001
1000001111100100111000000000000000001100100010110100111110111011011000000101001110100010111111011101111011010011111100111111001100101011100011000001101111000111110101100110101100110010111101100101110110110011011000000110110100101
1101111110110001111101101111010101100110101010110110011000100011001101101111100110101010110000001100110011011000011001110101100101111011001110011011111001110101011111111100100110011010011100110100110000011011011010111111111110111
1100011000010100101111001100010101101100101010010111111111110111100101001100001111101111100101011001111001011101001100000000110100001011101111001111011011000000011010110001110110110010110111110101110101011001011011111101101100001
1001111111000110000110011001011100100110101111010100010101000011001111111110100101100110001101001100011101010001011001010101100101011001100011011100000001110101000000011011010100111110000011000100011111110011110000000100001101101
1100011010010110101111010011010001111111100110010111000000010111101010000010111100001111101101011001001101011111001011010100111101011011001001010001101100000111110111111011011110000011010111101101000000011000110101110001111100101
1110110000110110101111011110010100001100001100110100011011010110001000101000001101100011001101001101100101111000011111010110011001001111101011010101000111010000110000001000011000101111110000100111011011110010110100010100000101111
1000110111110011100110001111110110100111100110111110111011011111101111111101011101110111011101101100111111001101000110011111001011100011001110011111111100010111100110101011001101100000011010110001010001110110110101110110111100111
1101110100000111110110111000000111110110001111101011100011001011111111010101111000011100000111001101100001101101010111000011011001101111100011011010000001010001110010111011011001101111111110111011110100010110111101111111100110001
1001000101010000111100111101010000011110100011001011001011100000011000000000001101111111011100011111111011000001010011010110001101100000110111111011111011010100010111111110011100100000000110001000010101010110100000000000001111101
1101110111010110001110100001010101110000110111100000011001101011011111110101011111010000000101110011000000010101011001010111011000111010110000101000000011010101111101100111001110111011010110101101010101010111111010111111100001101
1001000110011100100010110101010100011011100001111011001100101110010000000101000110000101011100011001110101010101111101110100011110001110110101101111101001111101100000110101100110011001110010100101010101110001100010000011101101101
1011010011000110101010110101010101011011001011000011011001100011011010110101010011010101000101001100000101010100001100110101000010100010010101100000001011000000001010000001101111001011000110110101010100011011001010101000100101101
1111111111111111111111111111111111111111111111111111111111111111111111111111111111111111111111111111111111111111111111111111111111111111111111111111111111111111111111111111111111111111111111111111111111111111111111111111111111111
