111111111111111111111111111111111111111111111111111111111111111111111111111111111111111111111111111111111111111111111111111111111111111111111111111111111111111111111111111111111111111111111111111111111111111111111111111111111111111
110101100000010110011000000000101000001101100010101001011000000110101011010010101101011010101010110000010000001010101011010010101000011010110010100010110001101100010101010110011010101100110101000001100000010100101010101010101011011
100101111111010100111111111110001111101000001000001100001111011100101001011010100101010010000010111111011011111010101001000110101011110000011010110110110111101101110000000100110000100101100100011100110111000110000010000010101000001
110000101000000110011010000000101100000010101111011110100101010110001101011010101100011011111000011011001001101010101100011110000001100111110010000000110011000001011111110110111110101100110110111111111101110111111010111110101011111
100111101101101100110000111110111111111111111011001011110101010011101100001010101111010011000011111011100011001000000111001011110111110101011011101111110111101111010110100010011000000101100100000010011000100101110000010110000000001
110111000101000110011111101010011011101101010001101011010101010110000111101010100110011001111010101001001111101110111100011010100011110101011011100111000101100101010110111010110011101100110101111110111010110001011101110110111111111
100000010111101110110011000000111010101000011101001011010001000011110000000010101111001101010000001100011001001100000111011000101001100101011000101101110101101101000110101000111001111101100100000000101110111100001101100110000110001
111101111110101010011011111101100000101101110001100011011100011110111111111010100101101001011110111110111101101101111100001110111100110101001110100000110101001100011110001110000011011000101101111111101100001111011000001110111111011
100101101100000011000001111100111010000000011101101110011001110110101110101010101100000011010000010100011000000101000111101100110101100100011100101101100101011110111011011110101001011101100100001011001111011011000011111010000011001
110100101001110111111101000001101111101111010100101100111100000110001010000000000111111001010111010001111101110100011110000110110100110101110110000111001100001100001011011010111101001100110101111001011011011000011000110000111111101
110110001100111111010001111101000101111010010110100110101001101111101011111111011110000011000011111101111111100101010011110000010101100000110100101111101001111110111000010011110101011001110001010011011001011110111011100110001110001
100111011001101010011011011101101101010011010010001100101101111101001000001101011011111001101110110001011010101101110111111111000101111011110110111101001101011010101111011001100000011100100111011011001100000111100000101111111011101
110011001101100011010001010001000101011000011011011110101000011001101111101100011001101011000110011011011000001100100110010101110000110001100100010101101100001010000111011100111111001101101101011001101101111100111010001100110010101
110110011001101110011100010100011100001111000000000100101101110011100110001001011011100001101111001001001111100110110011010100111101111011110001010101000110111011011100010001110001011000101101011011100000110101111011101001100110001
100111001100000010110110111111001111100000011111110110101100011000110011101111001010101111000101101011011000001100110111000110011100110011011011010000011110010010001111010101011101001101100101011001001010010101101001111100001111101
110101101101110110110100101001100100111111110101100000000001111011100110100111100000101011110000101011001111100110010110010010110110011001011001111011110010110110111010011101011000011100001101001101011111110000001011010110111010001
110101000101110100010110101011001101100000000101111111111011100000110000001101111110000001100110101010011001001100110010111010100011001100001101101000011010000000101011001100011011011001100000011001001101011111011010010000100011101
100101101111010110110110101001100000111111110101011000111000111101111111011001010110111100110100101011001101100110011011100000110110011110111001101011110010111111101011011111011111011011001011011101011000001100011010110111101111001
110001001010000110100000101011111011101100000001011110001110011000011010001101000000111001111110000011011100110100110001111110000011010110011100101000011010010010101011011111010100000001111111110000001101111111001010010010101010011
111101100011110110110110000001101010101111111101000110101100110011111011101101111101101111001011111010001001100110011011000111110110010111001101100011110010110110101011001100010111101111010111111101111100110100011010110110101011001
101101001110100010111111011100101010000101000000011111101001110110010000000001011001001011011001100000111011001110110001101101100011000010011000111000011010010100100011101111000110100000010011011000011001110110111010110100101010011
100101101010111000101111110110101011101101111101111101001101010011000110111100011100011011001101101010010001100100111011100100101001110110111101100010110010110101101110100001110000001111110111001101110011010100110010010110101010111
110101101010001110100110100000101001101000110100110001100001000111110100100001010001010011011101101111000111110101101010110001111101110110101100110111111000010100101100101100111111100000100101011100011011010101100110110010101000001
100101101000111000001110111110000011001101100001111100111101011111110111101011011101111011011000101000011110110101000000011100110100000000001001100001011011110110100110111101101001001111101100010101110011010101110110011010100011101
110001101110001111101010111011111011101100111100110110010000001011011111111111000000110011000011111111001010110001101111110110110111111110111011111011011000110110001100010100101101100000101111010001011001000100100010111000001011111
111011001111011010101010101011000010101101101110010111010111100001011100000000011110110110010110011011101010011100100101100000110011001010011001101000000011100000111110110110001000001111101010000111011101110001101110000010101000001
100001101010011010101010100011111010101000000111000101011110101111000101111111110000000011110110111000001010110110110000111010000111100000111011001011111110001101100100010011101010100110100011110000010101111011000011011111111101011
110100101011011010101010111010110000001111101101110001011010000010011111100111111110111110000100001111100010110000000111101111011110111110101011100000001100111111110111000110001111101100001011110111110000010011101110011011011111111
100110000011010000000010011010011111101010100100000100000011101110110010110000010000111011110111011010001110011111010101000110001100111100001010101111111001110011010100011111011001000001111010010010110111011001101111000001001010101
111100111011000110101000111010111000101010110111110111111010000010011010011111011110101011000110011011101011011011110101101111011001100101101010101101101011010110000111010101001100011111101111010110010100000011001010011100011010101
100001111011011111111101100010101110101010000011011110111011110110110010110000001000101001110111010001100001011001100001100110001101110101111010000100101001010111011101010101011001110111000110000110111111110111100000111111110000001
111011000000000101000001111010001010101011110110001100000011000100011010111111101110101101000101011100111101011011111101101100101100100000111011110101101011000011000000010000001101000001101111110110001101000011001111100011111011101
100011011010111100011100011011100000000011000011011111111001110001110010010101000100101000011100011001101101011001100001101001111110111010000001100100001011110111110111011101111000011011100101100010111101110111011010101110011010111
111111111010000111111110110010111111011001111001001100011011100111011000110101110110101110110101011101101100001011111100101011011010011111110111110101111000110011011100010100001101111110101101001110011000110101011010100100110000001
110110101111111101100000011010101010001111001100011001010011001111001101100000000000000000110111010101100111101010110101101000011011010110000001100000110011110110011001000001111000001100000101100110110011100001011000101101100101111
100110101101101000110101000000001011100110011111001111011001100101011001111111111110111101100011000000101100000010110000101010111010010111110101110111111001100011001011101100000011111001111101110110010110001111011011100100001111101
101110000101101110000111101101100000001111001101100110010011110000011011010110110111110000111011111010001111010110011101101011100000110011000111010001100011101110011010101001010110001101100101010011010011011011001010101101111110101
101011110100101011110110001111111111101101011001101111011010100111111011000000010101011101101001011110111011110111011000100001111101100111110110010111110110000011001110111011111111101101110101000110010111011001101000101000001100101
100001100110100000011111011010110000000101001101000110010000110001110011111111010101001100101101010100111010100101001110001111011001101101100011000011000110111110011100110000011001101100110101011111010010001101001011100011111110001
110111001110001011111100010010111111110101100001101111011011110111011001101000000001100110001101000110101010001101100011011110001011000101101111011111101100110011010110110111110011001101110000010011011000101101101000001111101100101
100011100010101001010111111000010111110100111101100101011001010001011011001111111011001110111001101100001011101000110110000011011001101101101010001111101101100110010110100101111001100101100111110110010011111000101011111110101001111
111010101111111101000010111111010100000001100101001101011100011011010011101100000001100100101101000110111010101011110011011110011011101101001011011011001100110111000010110000001101001101101111010011000110110011101010111010100011011
100000000011100101111000010100010111111101110101101101010110110011000110101111111101001101101001010010110010000000011010000011011010101101011000001011101101110101111000100111111101101101101101010111110100111001100000101010001011001
111010101110110101101111010111000111100000100101001101010110111001110110100101000101100100101101111000011011110111110011011110011010101001011011011010101101100001001110001101100101001001000000000101000001101011101111101010111011011
111110111100010001101100010101110100111110110101011101010010101011000110001101110001110101101100111111000011100011011010001100110000000011010001111000101001001011011111101000110101101100010101110101111011001011001000001000111111001
101100011001010100101111000001000110101100000000000001010110000001110011101101011101010000001110010111111000001010001010111110011011111000000101101011101101011110011001000011100101100001111111111101010011101001101011111011101100011
101111001111011110000111111100010000000111111111010101000110111111000110100000000000000111111011000101010011101111101010101100111010011011101101000000101100000111001101101110110100111101101011011001011000101011100000101001100110111
101001011010001011101101001111111101010000011011111101101100010101101100111111010111110101011011110000000110000101100010101110101111011011111111111011100111010011101101100110010101110001100001001101001110101000111011101011101100001
101101011011101011001101011000100111111111001001110000000101010100000001100101011100000000010001111111101111110100110110101010000110011000010011001000101101110110001101101100110000011011101111011000011010101011110000000000000111011
100000000011001001101100011110110001101111100011011111101101110101111100110101111111111011110111011001111001000110010110101000111111010011000111101011101001100110111001000110011101010010100011011110110000101001100111110111011100001
111110111111011011101111001100011011100000001000000100100101110111000101100000110011000001100110011101011101110110110100001110001100011011111101000001100011110110001101101110110101111000001110001100011110000011101101111111110111011
100000001110011011000101100101001000111010101101110110101100010011110000111101111001110111110111000101010000000100000111100110111111011001100001111011001110100011011101100010010100101011101011100110110111101111000000001100100010001
111110111011000010011101101111101011101011111111100000000110110110100110010100101100100110000101110101011111110110111100001100011001011011101111101001100100110110000001101110110101100001111000001110110101000101011111111110001110111
101010101001111011001101100110101011001111010110101011110110110010111111010001100110110010111101100001010111000000110111101001111101011010001011001100110101100011111100000000010101111011010011111100010101101100011000010100111110011
100010101100010011100100110010101010011100010100001010010110110110101010011100101100100110000101111101010101011010010111001011101000000000111011101101100001101110110001111011010101010010011000110101000000101101111101110110001011001
111000101111011010110101111000001011000101010110111111000000010110000011000110000110001110111101001101010101111110110101101000001110111010110010101001111011001010011100111111110101010110110011100111111101101000011000000110111010011
101110100011000010110100101111101011101111010111110101111110110011111010011111011111101010101101011000000000110100010101101011011010001110110110000011001001101010110001101100100100010000011011110010100001100011110011101100001011011
101000001110011000000001100110101010100110000011010001100010010110110010111000001101000010001101001101111110110110110100000011111010111111110111101111100011101010000111000110110111000111111000111010111101101110010111111101111000001
101110100011111111110111110100000000001111110110011101001000110110111010101111101101011010111001011111101100010100110111111000110000011011100011000110111010100011011110010100110001110101101101101010011001000110110110011000101011111
100011101110100100100010110001111101111010010110110001111110110010100010000110001101110010101100001011000111010101110011011011110111110010001001101110100010110111001011011101100111010000001101101010111100010010100011000011100001111
110110001000110110110110011111000000011011000010011100000000010110111011110111101000111010000110100001101101000001010110000011000111011000111111101000111010110001011011001000110101010111111101001000110001111110101110010111001111001
100111101011100110000010110001101101000011111010110110111110110110011001100011001110101010111111111100001100010111000111101111110100000010011001001101101010111101000011011011100100000001010100011010010101011100000011011101101010011
110001101010001111011010011011111111111001100010000111100000100011011011110111101110000010010101001111100111110101110010101100100001011010111101101000000010011000011111010010110001101111010111001010111101000001111001001000000000111
111100001011101111111010110011010110000011101000111100111110101110001010100001101011111010110101011011001100100101011000000110001111111110011000001111111000111101111100011000111011111001010011100011111000011011001100011011110101101
101101011011000110100000011011000111111010111110101101101010001011101000110111001010000000000001011001100110110101011010110111100000110111001110101100100011101000110111011011100000001101010110001001110010111111011111111010111100001
100111011011110010111110110001010000001010110110000101001011100010101110110101101011111101111101001011110010100000011111110010101111100011111011101110111001101011100001011010110101111001010011111100100110000000010000000000000111011
110111011010011000110000010111111110100010100110111101101011001110001100110101000001101111101101011001011000101101010101010110100011001110110011001010101100100001111101010010110111101100000110011110101110110101000111111011110001111
100000001010111110111111010001101100111000001100110100000011101010100110100001111101101010101001011011001110101111110000010000001000011000111010011000000101101111001000010110110111000110111111001100000010110101010001111000011011101
111111101000110100001010010111001111111111101110010111111000101011110100111101111000101010100011010001011010101000011011011011111111111110011011001011010001101101101111000000010101110000011111100110111111111101011100001011111111001
110100101110110111101000110101100101101100000000110011010010101011000001110000001010000000110110010111010000101011111111000011010110100011010001011111111101101101001001110110110101011101110110110110000101000111111001011001010110011
100110101100110001001110100101001101000111101101111011000110100001101101011111011011010110110000110001011010000000110101111001000000001110011011001101101001000101100011100111100001010101100110110110111101011110101111111111000011001
101100000101111101101000001100011001110110111100101011111100001111111100001101011111111110111011100111001111011111100001011100010111111011010001100001101101101101111011001101101111010101101100110110101101011100000001101111101111011
101001110100101001001111100110111100100100110101100000001111101001010111100100001101110000000001110101101101000001111101000001111110110010010111111100000101101101010000011000100100000001101110110000100000000001111111000001000110001
101111100001101101100010101100100110110110100000110111101000000011010101110110101001011101111100110001100100011111011001101101101000011011000000111111010000001101011111010011101101111111000110011010001111111111010011101111011100111
101010111101100000001000001110001100110100111011111111000010101110000000000010111101001111110101110111110111000101011101111001100011111010011111100111111101011001010100000110100000000011101100111110101111110010010110100000001001101
101010101101111011011101101010111110010110100000011101110111101011111101101000011001011011000101100101100011011101001100001100001111010010111110110100110111001101000101111110101111110110001110001100100000000110110110001101011011001
100000001001011001010001100000011011010000111101110101011110000001100111111101001101010001110100110001110110011000011101111111011110011010110010100101100110011001110001001010000000011111101011011001111101011100100011011111110001101
101010101100001101111111110111001000000110010100110001011011101100110110010111011001011100000110111011010111001101111001101000001010111010010110110000101100111101011100011010101111111010001001010011111111110110001010001010011011001
101111101110111111100111111111101110111111000001111101011001111101100100110010001100001111110000000011000011100100101101001111011010110000110100011110101110110001011001110000100001101011101011010110100010100010111110111010110001101
111101000000011011001101100000000111111101111100101101001011010100110110011010111110111010111010110110011110110101101101011001011010011011110001110000001010011100010011000111111111101010000000000000001110110110101100100000111011101
100000011111001011100101111010101101000001010101101100011011000101100110110000101100101000011011100111011010100100001101001101010000110001011100111111101010110111010111110000111011001010110101010101011000010110000110101110011011001
110101011111011001110100111111101101111100000000101111011001110100110000011010001101101111001011110010011000110110111101011100010111111100001110011010000010010100000010110111100001011011110111111111001111000011010100100111110011011
100101110001011011000001101101000000111111010110100101001011100101111111011111101101101011011110011011011011100110010101000111000101011110111000110011110110110111110110100010111011011001100001101001011010011110011110101101011010001
111111000100001011111101101100011110100000010100110001011010110101011011001111001101100010010100110001011010110111000101011101110100010100110011111011010110110101000110001000101011001011110111000011111011010111001010000001000011011
100011111101101001010101101111010000111110111110011100001010110000011000011010011000111010110101111100000000110001110100001101100101110110011011100001010110100001110110111110001001101010100101011110110010010011011011101111011110001
111010111111101011000101100001111110111000101111000001101010111111001111011011001110101010010100110110101101111100110001111100110101010100110010111101000000001111100000000111111011001000110101000110011011010110001001100001011011101
100000000110000011110101101111110100001110100111111101100010101001100110001011011000100011010110000111111101100110011011100110100000000001110110100001111111101011001010110001101011011011100000011100110011010010111011001111011010001
101011110100101001100001100101010111100111110011000001110110101011001111101010001110110110000010110101010100110110110000110100001010111111000100111101001100000000011111100101100011011001001111110110100110010110101011100011000000101
111111000001101100111101110101000000110101100110011111000110001011011100001000111010010011111010111100000001100100011101100111011111101011110101100001100110110110111100110100111000000011011100000000101111010010101000111001101111111
110101011011111110000000010101111110100001110011111011010010100010010111101110110000110110110000101101110100110111001100001100000001101010000101111100110111111110101001100101111110111111000001101111101101000110000011101011100011011
100101111111011011110101000000001010111100111001110011110111111000110011000000010110110100011011100111011110100111101101111111011101001010111101001001100011101010000011001111100100000000011100111110000101010110111110101010101111001
110101100001001011000111111111100000110001101101011010100011000010100110011110111100110101000010110010001100001101000000110011001111101000010101101101110110100000111111111000110111011111110111100011110101011100101110100000000110011
110100111101101001111111111000001110011100101101010010111001110111110011111000101001100111111010111010111001111001111110110111100011001011110101100001010100111101100000111110110110000011100010111001110000001110001010001011010000111
100001101001101101111101001111011000110110000000011010101101010001011001101101101100110110100000011000010011001101001100010011001011101011000101111100000101100001101111100110110000101110111000010011011011100111011000111111111010101
111100001101101001000000011001111110010111101111010010101001010111001101001100000001110100111101111111000111011001100111010110011110100001110001011111010000111100000110101100110111100100011011110110000011111101011011110100011111101
111111100101101101101101001100110110110100001000011000101101010110011101100111010100000110111000110111110110001101101101010110110100001111100100000111111110011001011100000110011111001101110000110111111000001101010000000101110101001
100000001100101001101111101001100000010111111111001101101100000011011000110111010110101110001101100101100011011101000000000010100111011100111111011100110000110011111101111111011001100000111011100010110011111000010111111100100101101
110110100110101101111011001100111110110000111001100000001111111001011101100101111111101100111000110101110110001001011111011010001110011001101011000110011110011010010101010100001101101111101000001110000111100010110110111001101101101
111111110000000000110001100110000000111011101011111111011010111011001101110000110011001110101101100101010011011011110100001110111011001101100011011111010100110000110100010111011101000011101011111111110110110111110000001100100100001
101001000101101010011011110011111110101010101010101000000010101010011101010110011010011010101100110101010110011001100111100100111011011100111000001010010001111011110001110101011001101110101001101011000000110101100111111110101101101
101101111100111011000001100110100000000000101010001110101000000010111001011111001011011000101001100101010011001100110000001101101011010110011111011011011101010000000111010000001100101100000011101011111101110001101101101100000000111
100101111001111111101100110100111101011110000011011000101011111010001100011100011010001110000011110001011010011110111111101101001011010110110000000011000000010111101110011111011110100101111110000001101000100111101100101001111111111
110101001111100110101110010110011111110011111010001101111110000000111110110111011011100110111001011101011011001100011000000001011010000000011111011110011011010110111100111100010100101100000000110111101101101100100101101101010101101
100001100110110000111011000000110011000110100000100111111111111110011010110101010010001111101100010101011000011110111110111011011000110101010001011010110011010000010110010111010110101101111111111110000001100110001100101101010100101
110111110100011101110000010110011011110110111011110110101011111110110000110100011011101101100111000100011101110100001111111000011011110111111101011011110110000111110010110110000010101100000011100011110100001111101101100000000001101
100110110111011001011011111111001010000100000011000000001010000010011110010111010010000101001101110111000100110110111001001101011000010001111001011001011111110001011010110111111010101101011010111001100101011011001101101111101100101
110000100000001100011111101101101011110111111001101011101011111000111000110101011011110101101101010000010001110110001100011111011011111111010011001011011001110111011010110010110010000001001000011011111101111011101100000101111110001
111110111111100111010100000000000000110110111111111110000000001110101110010101010001110101101000000110110101100100111111010100011000101010011001101000011100000011001010011010011010110111111111111000111001101010101101111100010111011
101010111011001101010111011111101110110110001101010010111011011010000000110101011011000000101111111111110111110110101010010111011011101011011011000011110111011001101010110000110000011110101101100011101100101000101100011101110101111
100010100001101000010101111000001000000100101101010111110010001011111110000101011011111110000111011001100010100100000011000110001010100011011011110110110011111011001000110111110110111100000001111000100110101110100101110100010101101
111000111101101111010000101111111111110001101001010101011111100000100011110000000001010000111101001101110110110001111110011111100000101111010010000000110110100001101101100011011100000001111111011110001100001100101101110001110101101
111110110001001010011110101100111011011101111100000000000001110110101001011111111101011101101101011001010000111101101100110011001111100101011011111101100110110101101101101110001111011111011011010100111110111110000000011011000001101
100000111101101011010110101110101010000000110110110101101100111110111101001100110001011100001101001100011011101000000110010110011010101101010001110000110100111101101000100110111001010101000011010110011000000111011111110000011111001
111110101000000011010100000100000011111110010011111111111110000000011001101001110100000110100001011001110000000010110011000011001000001101010111011101110101100000101110101100101100000000011110010110111110111100010110000111111010011
100000101101011000000111110110101010101010110111011010010111111111011101001100011111110110110100011011011011110111111111011111101011011101010110000001100000111101101100000001101001111111110011010110010110001111000000101110101000111
110110101101111110110101110111111000101010110010011011010100111000000001100001111010110110111111011011011110000011000101000110000011110000000011011101110111101001101110111111101100001101111011000011010111011001011111111100100011101
111100000111101110100001010101001110000000011011001000000001100011111101111101010010110111100000000010010111110110011101011111111010111101111111110100110011000011001010000010001101111100011011111011000001001101011011010110001111001
101001110011000011111100000000011000111111001001101101111101111111100000101001011000000001111111111000110011010010110100001010101000011000011110100110110111110111101010101110111000010101110000101000010111011000000001000000111110011
101111111000011111011111111101111111111001100011000111101100100110111110001101001111101111010010001110110110010110110111011010100011110011110000101110100011000011000000111000011011110101000111100011111100001111011111011111111011001
101010001011000110000000110000101101101101111001101110000110110000001000100101011010100101011011101010000111010010110110001010111000111011011110101010110111101111110111110011111000110001011101101110001110100101000111001000000001011
101011101111101111111110111101101000001100110011001011110110111111101111110000000000110001010000001011101101000110000110101010100011101001001100101010110011000101000101011011100011100111010101100111100011110000011101011011101011011
100001000101100110000000011101101111101110111001101001100000011100000000000110110101100111000111100000000101110110111110111000001110101011011110100010111010011101110001010000110110110011000001101101101111000111111101000000101111001
111101010001101111110111000000001011001000101101101011111110110001101011111110100100110101111101110111010001100100001100011110111010000011001010111010101010110001011101010111100110011000011101101101100101110001110100010101111000011
111101111101000011011110011111100011101110000001101011011110111111101111110000110110100101111001000011111100110001101111001010110000111110011000110010101000011101001101000000110010110011111111100101110001100111010101110100011110111
100001101001110110001011110101101001101111111101101011000000011010101000000110010100001100001101110110101001100111111000011000111011100011001011111000101111010101011000011111100110011000000011001100100111001101010000011111110100101
111101101101000011101010100101111101101011010100000011101110110000111111111111111111100111011001011110101100110000011111011110101000111001101010101110100110010100011110110110110011010011111111100110110101100000000111001011000001101
100000000001101110000010110000110000101010010111101110001000111110010101101011101010110000000011011100100001100111110000001010000010101100000000101010101111000111001110100010100111010110000001101100110001101111111111111011101111001
110111111101101011111010111010000110001011010101100111111110100011000000000000001000011111111011010110111101101110111111101011011111101001111111100010101111110111011010101110101110010110111101000110100101100000110001101010101011101
111110000101101001110010101111111111100000000001110011111000111011101011110101101111011101011000010100000100101100100011101011011101001101101101111000000110010101011000101000000011000000101111110110001111101111100111100010100000001
101011110001101011011010101111100101111110111101010110001110011010111111111111000110000000011101110111110110100101101110000010010001101100101000011110110011000000001110100010101000011110001010100011011011001000110010101110001101111
101010111100000000000010101010001100000011100000010111101010110000011000001010010110101101001000110011010110101101100011111011010111001101101101110100111111101101011100001111111011110111111010001010000001101011100110101110111111101
101010001111111111011000101010101110101001111111010000101010011111001101100000110000111001101110011001010000000100110110110010000001101101101101010001101101111111011001100011111111010001111000111111011011101000110010100000000110001
101011101011011001111110001011101000111101011000011101101010111011101100110110110110001101000110111100011111011101100010011011101111001000101101010100101101011000011101111110101101000111001010110110001111001011111010001011111110111
101011000011010011101011100001101010111000001111010101101000110010000111111111111111111111110110101111010100011000110110110011101101101011101000011101100101001111001001010000000000011111101110000011011101100000011010111111101010001
100011011000010110101011111101101111101110111000000001101010011010111110110011010011001010000000101000000111001010110110011010101101101001101110111001001101011101101101000101111101001101101100111111010101001111110000110110100000111
111001011101000010100000110100000101000000001111010101101111000000001100111000011001101011110110101111101111100011100011011000001100000011001100001101100100011000001000011111011111111001101101101010010101101101000110000010001111101
100011000111101010110111110111010000010110100011111101100101101110111110011111000011000000000110001011001100111001001010011111011110101111101110111101110101111111101101111010000110110011000100000011010101100101011111011000100001101
111011111100001000100010100011010111111111101110101100110101111000011000110111101001111111101111101011101101101011011111010110001011100001101010011000110100110001101000000010111100011001110101111110010001001101000001111110101111001
101001110110101010001000101001111111101000001010001101100100111111001110110000111100000011111100000000001101000000001100010111011001101111001010110011110110011011001011101010101001111011000100011011000101011000011111000111101101101
101011010000111111011110111100101000000010100011100100110001101100011010111110110110111010110111111111100101111101111110110010000011001001101010110110000010111001100000111110000011001001110001110001011111000011000001101101111101101
100011011111111101111010010101101011111111111010110110111101100111000010011100010111110000110101000111110100000000100010011011011111101011001010100111111000001101001010010100111111101011011101100111000011011111111111000000111000101
101001011101101000000010110100101110001101011000110110001101101101111010110111000101011110100001110100000001110110001110110011010101101001100000110001011101101001011111000001100110001010011000001110011000000001110101110111101110001
101100010101101111101000010110001111100100000010000011100000101100101010110111110100000000111100000001101111011110100110111001010101101011110110011011001001111101010101111100001111011010111011111000111110101111010000010110101100111
111111010101101100111101000011100001110111111111111001111010000110000010010100000111101110110111101111111100011011110010101101010100001001011111010011100011010100010100000101111111011010100010101110101111100000000111110100000001111
111000010101001110010111111000111101000101010110101100011111101111111000110111110100111000000101111100010111010011011000001101010001011011001101010110111011000110110101111111110110001010111010100110000000110110110001100101101111101
100011000001011011010110101011110001110100010000000111001111001010100011100110000110011111110001010111000000011011011111101101010111000000011001000110110001101110110100001010000111100010101010001110111011111111111111110000101110101
111001111100011011000100000001011100110111011111101101101010011010110111110011110000110000000100000101111101000001010110100101010001110101111100011100011011001010000001111010111101111010101000111010001111011000001101010111111010001
101111011001010001110111111011011110000000001101101001101011010000110110100110011110011111110110110001110111011100000100101101010111111111101111010110111011100000101111101000001100001010101110111000100100001011111100000000111010111
101100011111011011000000000011000111010101100001001100000001000111100100101100110100110011011111111011000110011001110110101100000011001010101010010010110001101111111110100010100101100000001100001101111101111010000111110111101000001
101001010110011001011111111001101101111111110101101111010100010101110110001110000001111000011001000011110010110011110110101111011001011010101011010110111101000101010000001010101111111101111110111101010100000000111100000001101011011
101101000111010011110100111100001100101010011100000111111110111100100110111011111100001111011101111010111011111110000110100111011011011010100000000110010101110101000111101110111010110000010110000000000001111111101111110111100001001
101111110101011010110110100111101101101011011111110001101010011110110110011011011111101010001000100000011001001111110110101100001111001010111111110000110001010001011100101110111000100110110011011101111111011101100110000000001111111
101010100100000000110010101101001000101011000110000100000000110000110100111010000100001011101010001101001011011010000000000110111001011010100001000111111101000101000001111011101110110011110111000100000011000100101111110111111010101
101010110111111011111010101001101101100011101111111111011110111110110110010011110111101011001111111111100001011011111111101100101100000010111101110110110001110111011111011001101100111001100010010111111111011101100110110101010000101
101010100000001001010000000011101100111001100101101100010000011110110011010110010101001011100101111010110100011010111000001110100111011010011000010010111100100010001001001011101001100011111010111111000110000001101100000000000110001
100000101101101100011111111011001001100011110000001111111110110000100111010011000001100001101100000000011111000010101111101010001100001111001111010110001110110110111011011011001011111001100000000101011110101111000001111101101111011
101010001101000001110011100011101011111001100101101010101110011110110101000111111100111011000111111011000111111000000000101011100111100110011011010010111010010100011001010001100010101011110101101101001011100101010100001111100001111
111111100111111101100110111010000011001100101111000000100011001100000101010101000110001011101101011111101101010011111110001011001101110011010011011010110011010101111101011011110110000001100111111100011001001100011111011010111111101
110101111110000000110000000000110110011001111010011110101001011001110001011101011100100001001100010100101001011110000011101011101000011001011011001010011011010000000000011001100010101100001110011001000011011101111011110000000010001
100100111000111110111101011110110111011100110011111010111100001111000100001100010111111100011111010110101101000111111010000001000010111101001001101010110011010111111111111011001110111110111000110011111111010100001010100111111110111
110110101101100000010101010000100000001001111000110000010111101011111110100111010011010001110111000000101001101100110011111100010111101101101011000010111000000000110000110001100000001100000010100110101101000001111010101101010100001
100000001111001011010111111011110111100011111110000101000111100010101010110111000111011100110101101010001101101110100110110101111101101000000011111010011110111010100111111100001011111101111111101110100100011011110010000000000001111
111111101011101110000001101111011110111010110011111111110000001010001000011101101101010101100001111111101101001010110100000000001101101101111010101010110110011111101100110001111011110111100100000010110001111000011000111111110100001
100000001001111111101111001101011000000000010111011011110111101111101111001101000101010101111011011000001101100000100111110101111001101111111010101010110100110111100110011100001110010110101101111110100100001010111011101100011111111
111111100011011010101010011000001111110111000101000001010101000110000100011001110000000000001011001111101101111110110100111100101101101010000000100000110001100010110010110110111100110010101000000010101101111011110010000001001110101
100000001011000000001000111111011000111111110001011101011101101111110111011100111011110111011011011010001000101100000110101001100101001011111010001111100100101110000110010110011001110110101011111110000100101111011010111111100100001
111101111011011111101110110101011101101101100101010000011000101101100110010110000001111111011001010011101110100111110110101100101101100010111111100111111110000011011110110000111011100000000000011011011111101101011000000001110001101
100001100011111110000000000001010101101000001101111101000010001101110100110011110111011000001101011010101100001101000000000101101101111010101001001100111010111110011000111011100010001111111111110000001010100101011011111111011111111
110100111010100011010110110100000001101111111100011001110111101101000110110110111110011101100000000000001111011000011111110101101100110000001101100101100010011011001110101001111010111110100000100110111000110101011000101000001101011
111111101010111010011111111111101101101101010001111101110100000101110000110100011000110111101101111111101000011110111101010101100101110111100000110000101000110001101010101011011000110010101111101111111011110101010011100011111001001
111100000000000011111010000000001000000100011011011001011111110001011101110111001110110110001111110111001111000110100000010100110101011111111010010111111101111011101010100000001101110110000000000001101001100000010110101110101011011
110111110110111011110011010101011111110101110001011111011010000100010001100011011100100110101000000000011010011111111111000001100000011000001111010101010101011010100010101111111000000000111111010111000011101111000000000000100001001
100110000011111000011001111111010000000000011011010110010000110101000111111001010110001111101110111111001011011111010100011011101011111111100100000100010101011000001110100101101011111110011011111101011110000001111111111010001111011
110011101111101101001101101100011010101101111001010011011101111111110011011100010100101111111011100101101010010110010111011110111010110001110101010001110001001110111000001101100000011111110010101101000111101111110011111110100000001
111001111100000001101000000110111111111000110011000110011001101100100110000110110111100110010001110000000011010111010110010110110000111011000001011100111101011000001101111100111011110001011010100101011101000001011000000111110101011
100011010111110101100011011100100110000010010110011111001111000110110011110010010111110011011100111011011000010101010110110100011011101011101011111001100000001010100000111001101000000111010000001101000101101111011011110001011111011
111011000101000111111111010111110011111011000011010110011000010000000111011010110100011001010101100010011111010000000000110001110001100001111110000011111110111110111110001101000011111101000111101100010000000011001000010111000001001
110001110101111110000101010101100110111011111000010100110011111111110000000010100101111101010101111111110111011111111011100111011100001111001111111010110000001100011011101001011111101101011111111101110110110111101011111101011111111
100111000000111011110101010101001100101110100011000101111011101100000111111000110100110001010100110110000101010100000011001110001101111011011011000010111110111101110001111100000000000000000000010100111111111101000000101000001110001
110001111101100001000101010101101110100100001010010000111110101111111100000010000001111101010110110011110000010101111001101011101100110011011001111010011010100100111011011001111110101111111101010101101101101100010110001011111010111
111101101101111100010101010101000000110111111111110110010100000001101111111111011101011100000000011011011111010111000011001000101001110110011011011000111000001101101011011011000111111000111111110101000101000001110111100001000000001
111101100000110110110000010101111110000110110101110111010111011111000000010101111100010111111101001010011100000011101001100011100011000011000000011110001110111000000001011000010001011101100010100000010100011100110001101111011111111
110101111110010111100101000000001100110000000000000011010101000111111111010000000001010110011111101011010111110110001100101110101111110111101011000100100100001101111011010011111111010001001110101111111101111111111111001100000001101
100000011111000101001101111111101110011111110101110110000000011101000001011111111111010010110110000001010101000111111110001100100010100001111111010111110001111100011110011000000011000101011000000010101000010000000001101001101111101
110101000000010000011101100000000011111000000111111100101110110001011100011110101000010110100011111101010101110101010011011110001110111011010101110011011101101001110011010011111110011111000011111110000011110111111111000011111101001
100101110101010101010000111111011001101110101100001111111000110111110111010000000011000010110110000000010101110101011000000011100010100001010101100110000000001011010110010111101011001010010110100110111110010110110001010110000101011
101111000111010111111111111110011100000000101111101011011110010001100011010101101111111000110011111111000101010101001111011110001000101101010100110111111101011001010011000000000001100000111110001100001111010000000111111111011101011
101010010001111110100000000000110001110110111000000000000111010111110110011101101000101011100110011101110100000000011000001100101111111000010101100001110101111101000110011111110111001111110000111111011010000111111100101011001101001
111011010100011000001010110110111111000110011111111111010000000101100111001111111110101000110011010001000101011011001111101001111101011111010100001111000100110000011111000011111101011011011011101110000000111110111101101001101101011
100000010111110011011110100111101111101100110000000000010101010001110101101010110100001011111011011101101111110001101011001011011001001110000111100101110110000110110101101110001100000000011010000100101110001010000101101011101101001
110111010011011111110011110011100001001101100111101011011111111101010101001010100111100001100001000001101010111011000001101001001101011011110110101101100010110011110101000000101001010101110000110001100110100000101100101010000000011
111110011010010110100111111110001101111111111101111010011000001000000001100000101100111101111101010100001010001010011101001011011001001010100000101100111010111001100000011111111011011111111011111100110010101011111001101000110101111
101000111111000110001110101011011101110010101000111111011111100010111100001110000110000001010001111111101010101111111000011001001101011010101110100101100010011111110111111101010001111011011000000110111111101111001101101011111111111
101101110101110011100100100011110101011010101110000111110101110111110001101111110011011101011101101011000011100101101111010011011000000010111110001100111000110101000000000000000111101011001010110110000011100000011000000000101011011
101111010001100110110110111010100000000000000000110010100000011110000100101001010110010001010101100001111001101100000001010111001111011110110011100110011110010000011011110111111100000001100011100011101000111111110010111010000000001
101011011101110000110000011010001011101010110111111000111101001011101111111100000011111100010101111101000011000111101101010110011011011010011010101111001100110111110000010001000001111100001001111000101010011000110110001110101010111
100000000000010110010110110011111111111111111110001110001111101010111111111111101001111101000000101001011001110110111000000011011001011010110000000111100001100000011101111111011111111111011100011111111110111110000110111100111110001
111111111111010100111110111011011000110101001011100000111000000010100100101001111011010001111010000011111101000110110011110111001101011010011011010010101111001111110111001101000111000001001101110110111110011010101111110110000011101
110100110111011110011000100011001110110101101010111101100011101010110110001100110001000101000011010111101101101100010110000101011001010010111111110110101011011110010111011000011101011111011101010100001011110010111100000110101000101
100110000000001100111110001001101100100001000000101000110111111000000010111110011101101111011001110001000000100111011111110101001100011010001100100110100010000011000000010010110100000001110111000001111001011010010101111111111111111
110000101011101110101011101100100110101101111110000010011110111111101010101010110101100001111111111101111110001100011010000000011001111011011110001110001110111110010111000110000001010100110011011111001011011000110101110100000101011
111011111111101010101001111110001100111001000100101011001010100000001000000000010000001111101101010001101011100111000010111111001101100001001111101100100110001000110011110111011011111110110110010101101000011010000000000001111100001
101111010100000000000011010100100001111101110110111001100000001010101110101011000110111000001001011100000001101111111011110110011000111101100101001101110100101011111000111101111000000010110011000000000011111011110101110100000001101
101110000001011101101001010111111101000001000000110011111111011111111111111111110100111111101100000111111101100101010011000011011101101101110101100100111101111000011111101101101111111111111000010111111001100000111100010111011100101
101011111111111001101100000101010101111101110110011010111011111111011011001101100110100011101111110111100001001101011001111010001100101101010001110101101000010011110110101100000110010101010011111110101111001111101111111111111111111
101011011110000011111111110000000001011000000100111110100010101010000000011000001111110110000111100100001100011001001101011011100110101001011011010100000011000111010100000001111110110101011001101000000001101101000000011000100001011
100000010011010110000000000101111101010010111110101100001000000011010101000010101000010011101100110110111110111101101001010011001100001100011011000001010111101110010101111111010000010100010011101011111011100000011111001010001011001
101111000111010100101111110101000100000111111011101001011111011000010111011111111111011011001110000110110000001100001101011011101111011111001011011111111101111011000000110000000111110101110110100001111111001111000011100010101000011
101101110000010101111110000101110101010110000001000011110111110011010100011111110100000001100011110011111111100111100000000000100110011010011011000010101000010001011111100111111100110101010110001100000101100011111000101010101110111
101000000110110111100000101101100001010011110100011001110000110110010110110010100111111101101110000110000001110101101111111110101100110000110011011110000011110111000110110000001001110001000000101001010001101110111110111011111110001
101101011100110110110111111111111011110110000110111111011110000011111100111010110010000001100011110011111100000000001100000000000110111110011010001110111111100000011100010111111011100111011111111111111111100000000111111111010011011
101101111110111100011111011011000011000111101100110100001000110110000001100000011011111100001111000110101111111011011111111110110000011011010000100000000110001101000001000001110000001111000001010110101010101010110001101101010111111
111111000000011110111000000000010111111101101111110111101101100011101011001111000000100111100101110110101001000001110110110111111101010000000111111111011100100111110101010100000111100000011100000100000000001111110100000000000110101
111000010101010110110011010101010011000000001000000000000000101010001010011000011110110101110101010000101101101011000100000101011111011111110100000111110001111100110111111101101111110101000111111101010110100001011101111111110110101
100011010111110100000110011111110111101101111111111101010101111110101111111111110000000000000001011110001100111111110111110100010011001100100001110000110111011110110000000111000000010101010000000001111111110100001111110001011100001
101011011110110111011100110000000110001101000000000001110111010100101101110110000110111111111100011100100110110110100110000111011000011110110111000110000000000000010111111111111101010101111011011011101011011111100001010111011001011
111011110000100101000111111101110111101001011110101011000100000001101000000000101111110000001110110111110000000110110011110101011111001100100001010011010101011010110000000000000111010100101011001111000001011010111111000101000011111
100001111110110000011110001111000100001101011000111011110110101011111111011010111000000110100000010101011010110000111011000001001101100110101111111111111111111011111010110101010001011110001001100000010100000000000001101101011110001
111011000000011111001100100000010101011001001111110010000110111110000001110011110011010100110101000000011111111101100000011101011001001100000000000000101010101111011110011101011111000111011100101010111101011010101111000000000000111
100010010101000000011111111101010101001101111101100111110010110111111101111011000111110110111111010111010100110000111110110000011101101001110101111111101010000101010011111111000011101100001101101110011111001110100001011111101111111
101011111111101101110000000001110111100111101000001100000111100001111000000001101101100100100000011101010101100110101110011111010000000011111111100111000000111101010111010111011001111001011101100111000001100010110111000000100000001
111111110010001000011010101011000000110100001111011111010011110100000011101011001101001101111110110000000100101110100000111010000111101000000110101101011110011000000000000001001100011111010100110011101011001011110000011010101010101
100000011011101010110010111001101101100111101111110000011010000110111010001001111101101101010000111110110110111100001010100000111110001101111100000001011011111010101110101011111001000110000101111001101001111111010101111010101010111
111101000000001010011111110011001001111100000000111110111111101111100010101111011000111111011111100000100000010110111111111101110000111000000001010100001011110011100011111110111111111111011111001011001100000000011100001010101010001
101111111111011010111100000111101111000001011010000000110000000011111111111000000010000000000000001101111011000011100101101000011010110010111011110111100000011011110111010100000000000001000000011111101101010101000111111111101111111
101010000000010011110111110100111111111101111011010111110101101110011110000010111110101011111011011111000001110111110000000010111111111010110000010000101011000000011110010001111111101011011011000100100111010111010000000101111101101
101011110101010110000000000001100000011111100011010100000111000011000011011111100000111010000010010010010111000010011011011010001110000010011011111110101001111101111010110100000000111001001111111101111111111100010101010000110000001
100000000101111111110111110111111111000000001111011110101100010111111000011101001011111110101111011000110100011010110011110010111010111010111000101111101100000100000000000101111111111111100000111000110100000111111111110110000111111
111010101111100010111100000011000000011011101101011011100110111101111101110000011111000110101000001101100110110000000110110111110000011010001110000000100101110110111111101100000000101110111110000010000001111100011010111111010000011
100010101000001000000001101011010101010010001100010000001100011000000001000101011000010000101101011001001100011011010100000100000101011010100010110101101100010110000000101001011010000000000010110110101100000001000000000110010101001
111111111111111111111111111111111111111111111111111111111111111111111111111111111111111111111111111111121111111111111111111111111111111111111111111111111111111111111111111111111111111111111111111111111111111111111111111111111111131
