1111111111111111111111111111111111111111111111111111111111111111111111111111111111111111111111111111111111111111111111111111111111111111111111111111111111111111111111111111111111111111111111111112111111111111111111111111111111111111
1000010011001011000100011000110101101010101001101100100001001011001100001100000000000110101010110110000000011000110101101101000000011010010101001010011001010100000101100001010000001010101101100110110000010110101001010111011110101011
1111000111101001110110111101100100101010101011000110111011011001100111100001101111010100001010000000111111110011100001100001101111111000110100011011001101000001111100111101010111111000000000110000110111110010100011010010001100000001
1001110101001100110010101000110101101010101011110010011011001011001101001100111111111111100000101111101100100110110111110111000010101011110111011011011101011111110110011000000000111010111110000110110110110110101110011010111101111011
1101100001011001111010100011100000101010101001011000110011011011011000011111111001101100111011111011101001101110100001100110011010100001100101011010000100001111010011011101010110000011111111110011100010110000000000110000000000111111
1001110100001101001010101111101111101000001011010011111011011010001101111111001011000101100000011000101011000010001111110110111110001100110001011010111101100000011000000001010110111111000011111001110110110111111111111101111010000001
1100111111101100011000000110100110101101111001011010101011001011011000101101101011110001110111000010000001011110111000110110001100111111111101011010100000111111111011101111111100000000011000001100000110110110111001011001011110101111
1110101010000101111111011100110010100100101011011010101011011010001101100101100001100111000001111111111011010110111101100000111001110111010101011010001110001010110001111110101111111111011110111111011110110010101011011101010111111011
1010000011110000001110011001110110110101101001010000000011011011100101001101101111110111111011000101011111000110001100111101111011010101000101011000111111111010011100011000000101000001110111101011111100010110001010010101000011011001
1011111010010110111000110011000110110001100011011111011110011001101101011000000001100101101011101101010101011110111110011100000000000001110100011101110001101010110101111011110000011101100001101010110101000000111010110100011000000011
1011011000111110011101111011110110011011111011000110010011010011000000001011111100110101101001001000000000001010001100110001011111111111100101110000000111000000110000110000011010111111001101001010010111101111111010110101111101011001
1010001110101000110100110001100100110011001001011111010111000111101111111000010111110101000011011011101011111010111001111101110110110110110001011011111111011111110111110111111111100011011101101000110011000101101010100000000111110011
1011011010001110110001111100110101111001101011001101010001101100101010000010110011100101011110000000101000000000001100011100100000010110111100000011001101000001010001010101000101101110010111101011110110011101001010111011111100111111
1011011010111000100111000001100000011011101011011001010111001110000000111111111000110100000010111101111010101110111101110101101111110110011110111010011001011111010111000000010000100000110010100000000011011001100010100000001110010111
1010001010001110101101111100001010110010100011001101010001100111101111100101011011100101101000001111011111111100011000110100000100110110110100011111001100010101000000011101011010001111111010101111110110001011101110110111100110110011
1010100000111000000001011111011111111010001110011001000111101101000000101101011010101100111111111011001111110111110011110101110001100110110110110101011101110101011111000101001011100010101000000010111111011011001010000001111100011001
1011111010011111011111010100000100011011101011001101110011000101011111101100011000001101110111100000011010100101011001100000111111001100000110000001001000100000001101111111011011111110101011111010101010011001101010111111011111001011
1001011111001010011011010111011101111010100011011001011010010100010101101001110011111001010100001111111000101101011011110111101011011111101100101011011011101111100000001011111010010010100000011110101011001011101000001101010110011011
1101010001101000111001010101000100110010101110000011010000111111000000001011111000111101000001100000001110100101001011000011100000010110101101111011001011001101111111111001101110110110001111110110000011100000000010100001000110110001
1000010111000011110011000000011101111000000011101111011110011011110111100001010011101000010111110101011010101101011011101110110111110110001101111111100001011101011101101011001100110111100010010011011110101110101011101100011110010111
1111000101101111011011011011010000110011110110101101010100111010100110111111011000101011111111111111110000000101011010101010110110000111011000101110001100000000000100000000011110010011001110110110010110100010101000100111000011000001
1000010000000101000001111110010110011111000010100101010110110010110000000101011011101001111101101010011111011101011000000000010000110100011110001011101111101010101101111111110011010111011000010110110100001110101010111111111110011111
1110111111110100011111111111010111110101110110101101010100000110100111111101011000100011010100000000111011001101011011011011110111111111001100111010000000111111111000001001011001010000011011110100110101111111111111111001101111000001
1011101011110101111001011001010100110100010110101101000110111110101101100100000010001000000001111111101001100000011001111111000011101011011001111010111111110110011110111011011101000111111010110101100000001011010101001100100011011111
1011000000000000101101001100010001100111000110001101101100010100000100101101111111101101010111011101100011001111110011111110010110001010010011100000000001010011001110000011000000010000101010110001101110100000010101100110101110000001
1001111111111101101101011111010111110001110110111000101001110001011101100101000101111111111110000000101001101001110111011000111100101000110110111101111111010111100010111110011111111101101000000111101111111111110101110000000011011111
1011110000111001000001001100010011110111010100001101101101010111111000110100010000001010101010111111111011101011010001011011101101111110010000111000011101000011001010001011000000001111100011111110000000001100100000110111111110000001
1011011101101100011111011111011001100011010101101100101100000001101011110001111011111010100000000011010011000000000100000011000100011010110111100010110100011111101110111000011111111010101000010000101111111001101011100000000000111111
1010000101101001111011000110011100110110010101111101100111101111000000000111100000011010101010110110011001101111110111111111101101110000100010110111110001000011000100000011111000011010101111110111100001011011101111101111010101111101
1000110000000011110001110100110101110011010000011000110100000001110110101110110111110000001111111100110011000000111111000001101101100101101110100101010111111011110101111111101011110000101111010100110111010000000000000001011111100001
1010011110111011000101010110110001100111011011111010000001111111100111111000010001100111111101101110011010011110001101110111101101110101000110101100000010111110100000000000000000011110000001000001111111010101101101011011110010101111
1111111111100001011111010110110111110101000001101111110111111010110001011011011111001101111001100100110010110110101001100010000001011100011100000101111110001100110111111111111111010010111111011111000101010111111111111111111010001101
1110000011111100000110010110110101100000011111100110110101000000011011000011111101101101001101101101100110010011111100111000111111011001111110110000000000111001100000110111000101111010001111010110010101010010000000100101010010111101
1011111000000101101111000110000000111101110010101100000001010110110000011010110100101100011100100101101100110111010110110010111010001100000110111110111111101100001111110101010000110010100000000000111101000110111111101101010110011001
1001101111110000111001110011011101100101011010000111110111011111100111111110010110101101111001101101100110010101010100100110001011101101111100000011100001101110111011100000011110011010111111110111101101011100111000100101000011010011
1100000000011110010011011000000111110000001011101101100000001101001110010100110110101100001101000100110111010100000110001100111011000001001110111111001011000110000000001011001111110000000111100000000101010110001011101101101110000111
1110110111000110110110011011011111111010111011000001101111111100011010110101100010101101111001011101100101000001011100111110011011111100011010101101011111101100111111111111111001100101111100110110111100000000111010101101000010111101
1011100111110110110110110011110001100011110011101011001010110111000000000000101010000000011100000101101100011111111110000010111010111101001010101000001110001110000000101100011011001100011001100011101101111110110010101001011110100001
1001111100010110010110011000110111111001011000111001101010000101011111111110101111110111110101111100000111011111110110110111101010100001111010000010100010111010110110000001111000011001000011111111001100110111111000101011000000001011
1100100111000011010011000011100100110011011011111100001000110100001110100111101100110111010101010101111101000001010110111110001000101101101010111111111110011000111100111011010010111111111011001101011101100001111011100000011010101111
1110101101111011000110010111101101111000001001101111101011111110100000001101001101100001010101010100110100011111010110101011101110101001000000001101000010110010000111111110000111100000001111101101011000001100110001001111011011100001
1010000000000001110011011100001101010011111011000000000001001100101111111100011100110111000000000001110101110101000000000001101100111101011111111000011110011110111101001100101111101111111001001000000011111111111100011001011000101111
1011111110101100010110000111101101011010000001111111101111011001111101101001110110100001011111110111010000000101011111011101101101110000001010111011110111001100000000011101111010101011011101011011111111111011010101001011110011111001
1001110000111001000011011100101101010000111011000001001101011011010100000011000110101111001000111110010111010000001111111111001101100110100000100000100011011001110111110101011000000000010101010001110000000011010001100010111110110011
1011010111111101111001000110100101011011111111111101101101000011010101111111011100101101100011101011000001011010100000110001100101110010101010001111101110011100010011000000000011111111110101000111010111111110000100101000010100110111
1001011111101000111100010110101100001000100110101000001101101111010000000000001110101100101111001010010111111110111010000111110000000111111110100011001111000110110111101111111111000101100000011101010101100011101110111111000001100001
1011001100000011100001111100100101100011101100101110100001100001011011111111111000000110000001101010111110101111111111111110000101010001010110101111100001011110111101100000000010011101001101000000000001101110100011110111011111110111
1011011111111110111101101110101111101110100110101111110111001111000000000000001111101100111111000000100100100000001101101011111101110111000011111101101111011000011000101101111110111000011111110111111011100000001111000001011011010001
1011010011011100000000100110101011000000001100000011010101100010011101111111111011000110000111111011101101101111111000000001101111100001011111010101000110011011001011101111000000000011110111110000001110101111100101011111110001010111
1011010110010101111110110010101011101010101111101111010001101000111111101110101011011110111101110001000000000000111101111111001011001111000101010101110011001011111010101011011011111111100001011010111100100000111101000110111100010101
1001000011010111000010010110101010101111101000000110000111001010000010100000001010010010101101010111010111110111101001010110011011101101011101010101100111100001100010100000001110101110001101011111110110101111100000011100010111000001
1100011110000011111011000110001010100111111111101111110011111011011110101111111011010110101100000001010110111101101011000011011000000000000000000100110101001111001110001101111100000011011111000101100000000001111011111001000000010111
1001010011111010100011110010111010110010011000000011111001011011111000100100110010010100000001111111011100001001101001101110001111011101101111011101100100011011011010111111110110111111001011101100101111101011001000000011101110111101
1101111011000010111010011000110000110110111111110110011011000000000011101101111011010101110100000011011001111011001011101100101100011111111101111000110101110000000000000010000000011001011010100101101100111001101011011110111100101001
1000101011111000101010110011111101100000011000000010110001101111111111001100110011000100011111101000001011101001101011001101111111000111011000101110110000000111101011011110111011110011000010101101100001111101000001001110110111101011
1110001010001110000000011000110001101111111101110110111101101110000101100110011011110001001001111010100011000011101001101101010110011101000011100010100101010001101001000010111110000110011110101100001011101111101111111010100001100001
1111011010111000111110110010011101101110001111110110101100101010111101101100110010110111111011011111101111011110000011001001010111001101011110110110001111110100111111111010001111101100110100000101111111000110100001110000110111001111
1010001010001110100000000111110101101010111010000010001101100000010001100001111000110110111011010101101100001011011111101011000101011000000010000000100001111110110010001110111011001110000001110000110101110010001111011011110001100001
1011100000101000101101010001100001100000001010111010111101001101110101101111001110000000101011010101111111011010001101101001110000000011011110101111101100011111110110111100101010011010101111111110000000111010111000000001010111110111
1001110111111111111111110111111101001110111011101000011000011111110111101011101111011110101011000000010111000000111001100011000101011111000000100001111111110101100000110110101000110010111110000011011010011010001111011111010011100001
1100110000110110010010110101101001011111111001101101111110110011010011000001100011001110100011011111110101011111101101001111101111000101101101110100111011000100110101100110000010011000011010111111111111111010111011000011011001001101
1001100111100011011000010101101101000001101101001100101010000110010111101111001111011011110110011011010101000001100101100110101011111101100100110110000001011101100111110100111010111101111010000000101000110000010000011011000011011111
1011110010110110001101000000000000010111100000011001100010110100110110000110011010000001100011000000000000011111110000110010100000000000110101111111110111010000110010100001111111101101101010111101101101111011000111111001110110000111
1001010110100111100111111011111011111110111011010011111000011110000010110100111000111111001110011111111101001101010111111000001010101010011111101000111110000101110110101100000001100000000000111111101100101011110001101111010000111101
1011010010101100110111111111000010001010101011111010111101001010111110111101101011101011011010110000001111011001010011010010111111101111110010101011101010111111100000000111101111111011111111100110101101100000111100000111000111111001
1001010110001101100101001001111000111010101010110010100001111010011000101101100000000000001010110111111001001101010111000111110000111100111010100001101010100010110110111111111001101010100000001100000000001010000111011100010010100011
1100000010100101110101101101011110101000101000111010111100000011011011100000001111011111111000000000001011111001000001101111100111100001100000001011000000001110100011111000011011000000001111111101110101111111011111111111111010001001
1001111111110100110100000001010000000011100011101010010101111110000011001011011110001001101011110111111001101101101111101010101110110100111101111111011110101100001111101011111001011101111000011001111100001111110101110110000010111111
1100110001100101100001111100011110111000101110001010110101001011101110011111111011111011001000011110101101100101000101000000000010000110100000110110011111100101100010101010100011001100000011001100000110111010100101010011111010110101
1101111011110101111111111111000000011101100011100010010101011010000000110010000000011001101011111000101100001101110000011011111110111111111101100011000000111111101110100000001000011110110111100001011111111010001100010110101010010101
1000011001100001001010000001011010110111110111111011000000001000111010010110111011111101100010101110000001111101100111111110111110101101100101001110011111111100100100001111101011110111111101101011000011100000111101000110101010110101
1101110011001111011000111100001110010011010100110011011111100010001111000000001000001100111000001100101011111000110001101100000010001100110101011011000000000110001101111101111111100000011000101111111110101111100111101100001010000001
1001011011100011011111101001011111000111000001111010000000111011111111101111101011111001100011111101111111001110000100000001011110111101100101011011101111110011101000000000001110001111110010100011001100001001110011000110111010111111
1100001001101110001101101111011000011100011111010011011110001000011010111001111110110011111011010100010001100110111111111101110010101000110101010000000101111110000011110111111000100000010111111111100110111011010111101100000000101101
1001111011100110100000000111111011000110111010011000000011011111111000011011010110110111000000000001000111001100000000000111111000000011100101010111110000011011011110111100101011111110110000011011001100000001010001100101111101100001
1101010010110111111011110101101111010000101010110011111111111101010011110000010110110101111011111011010011011001011010110001010011111110101101010111011011110010000000001101101010111011110111110001101001110101010111110101100100001111
1000010110110011101011000101100100010110101010011000111010101000000110100110110100110101100001101111111110001011111110010111011000001100001100000000001111011011011111111000100000000001010101011011101100111111010110110100101111100111
1011010010010110001010010000110001111111101010110011101010101011111110001110100101110100110111000101001111100000010110110011001011111111100001111111111100000001000011101010101111111100000000011001000001101011010010100101100000110001
1001111010110010111011111110011101110001100000011001101010101010101000100011110100010101100111101101101010101111110010110111011010100110101111110011000001101011011110001011100001101110111111110011010100000011000110110000001011100101
1100101010111010011110100000110100011011001111111100001010101000001011111111000101110000110101000100000000100000000110110110001010001100100000011000011100111000000000111001101111101011100100000110010111101010011100110101111110101101
1110101010101011001100111010000110110001101110101001100000000010100001010001110000111011100101011101111111101111111110011111011010111110101111111011111111111101011010001011000000100001101101111100111100111111011110100100000000111111
1010100010101001100110101111101110011011001010000011110110110111101111010111011101101000110101010101101010100000000011111001011010010100100111010000000111101111111010100000011110001011101100011110101110110100000100001111101010010001
1000111010100011001100000110001011011001101010110110011111111111111101010011011000100011110101010100100010001111101001101101011000110110101100000101111100000001101110101101000010101110001101110010100100000111011101101011111111000101
1101101010001001100111110111101000000011000000110011001100000010110101000111010011101110000100010101101110100001111111101100010011100110101001010111110101111100000111101101010111100000111101011010101101111110000000111010001111101101
1001100000111111110011000100101111011111011101111110011001111110110001101110011001101011010001110100000110110100110100001111000110110100001011110111010000000101010000111101010101111111100100001000001100101100111010011000111010111101
1100111101100111100111110110000001011010000101000011001100010110010111000011000011001001110111010101110000011110000001011000011110110101100001111100000101011111011010000101110000110001110101011011111001101001101111110011100000110111
1001101000101101001101100011111100000000101100011111011001010011010101011111110111100011100000000100011101000111010101001111001100110100110111011001111111111011111111110111111111110111010001110000101100101011000101010110101011100011
1011001011100101100101110111100001111101111101110110011011110111010101001011100011001111001111110001001111011101111111111100011001110101110000010011100001110001110101110011011111000010010100111101101101101000010001010110001111101001
1011101011001100101100100100111011000111010111110111011011000010000001011001001111101101100000011011100011111000101010110111000011010000011111110110101111010111010101011110000001110110110110011000101100000011111011010000111110101111
1010100001100110100110110101100010011111010011000011001001111000111101001101011001100101101111111110111110001110101000010101110111000101111000000000000000000010000000001100110111010100000011111110101101111111101110000101110010100111
1000001111101100110110110100111010111101000111111001100011010011111101100101000011001100000000010100111010111010000011110001010101110111100011110101011101011000101011111001111101000001111000010100000101010000000000101100000110001101
1101101101000110000000110101100000100000010101000011110110011000000111110001011111101001111111000001101010110010111110011101010100000010001000010111001101110011111110001100001101111100011111110101111101000111111111100111111100111001
1111100101011100111110110101101110001010111101111001010000111101111111111101000101000011100011110100000000011000000110110100000001011000111110111111111000011000110110111101111101101110110110010001100101011100010000110010010101101011
1010101100010111110000110101100011011111101001101101010101111100000001100001011101011110111000111111111111111101111100100001111011111010000110001000111111111111100000110000110101101010110011010111110101000001110110010110110100000001
1010100001110101011110100101101001001110001101101101000111111001111100111011001101001100101011100111011011101101100110101100011000001011111100100011101011100110110111110111110101100010000110010010110101011100100110110000000001010111
1010101111010101010010110101101111111011011000101001011110110011101111101001011000011110000010101101001010101000110000000111001101111000001111111110000010110110000011010101100101111010110011010110110100000110001110010111101011011101
1010101001010101011010110001100110101010011010101101011010011000101011001101011010111010111000000101011000001110010110110011111111111110100111011100101110000000101111010000110100100000010111010000110001010011100011111111111111111001
1000101011010101010000110111001110101010111110101101000000110011101001100000000011110000111110110000000011111011000111111000101010000111110101000001111110111101111101010111100110001010111101010111100101111001111111101000010101110011
1110101011010101000110110001101000000000001100000001101111111000101100110110101000011110000010011011111010101010010011011111101000111100011101011111011000000100110100000010110110111110101000010111101100001111011000000011110001000111
1000101010010101101110110101101101111101111111101101001101010011101101100110111111110100111111011000111110100000111000001100000010000001111101010000001111011111100101110110010010000111100011000000000110100110000010101110110111011101
1010001010110100111010110111101000001111101100001111100101011001000101101110010110100110000001111010000110001101101111111110111111101011100100000110111110011110110000010111011000110001101111101010101111111111011111111010100000000101
1111100010110001111000000011000011111010001111101010101100011011010100000011110000101100101011101111111110111100000010001010000000111110110101111111101011010100110111111100000011111111000000101111100000000110000001010000101111111101
1101111000110111101101011001101111111010111000000010100110110001011111011111000111101101111111000001101100110110110110111000101010010100110000000001101010000001100000011111010111011101011111111001101011111111011111000110000000010001
1000000010010110000111011101100110000000011111011110001100000101001010000001101101100000010101011111101110000010111110000011101111110110110111111111000011101111111011110101011110010000000001001101111110010011000000010011010111110111
1111111110110011101110000111110110111110110101000111100110111111011010111111001101101101110000000011000110111111101000111111111111100110100001100001101111100101101011010001001011010101011111011000110110110110010110110111111100010001
1111110100110110000100111111110000000010100100011101001100000010011010101101011000001111100101101001101100000011000010000010110010110100001100101111100010110000000000011101011011000111000010010011110000000100111111110000000001010111
1000010110000011110101111001100111011110110111001101011101111110111010000000000010100011001111111111100101111110011010101000110110110101111111100110110110011011011010111000000000010001111000110111100111111101111000011111111011010001
1011000111110111100100101101001101111011110110011000000000000110110010111111110111111111100011010110101100111010111111111011100010000000011000110110110110110011001111101110111111110111111110000010110000000000010011111000011111110111
1111110101110010110001100101011000101001100011001101101111110110011000000000011101011010101110000110000001101000010111011110111000101011001011100010010010010111111101100010000000010000000011111110110111111011110110110011110111100001
1000000000010110011100101101011011101100110110011000101111111100110011010111111101010010001010111100110100100011110010010110101011111111011000111010110110110101111001101000101111111010111110011100100000011000110000011000110011001111
1111111111000110110110100100001001100110000011001101111000011001100111111101010101011000100000010101111110001111011010110000000001000101111011100000000010110100001101111101100001101111111011000110110111001110000111111101111001011011
1110111111110110110000110001111011110111011111100101010011111101110000101100000101011011111011000101101111011110011000010111101111011101101010110111111110100001111000011000111111001110000000011110100001011111111111101100110011010001
1000100000000000011010010111001010100001000110101101011000101101010111100110111100000000001111111100000101111010110011110110101001011001100010100101010110001101101101110011110000011011010111110010001111111000000000100110011000000101
1110111011111101111111010111101010111101011110100000000010101000010010001110101101110101111101111001101101101010010110010110111101001101001110101101010000101111100101011010100110110001011100011010100000110011111111101100111011111111
1000001111111101010101010100101010010100001010101111111111101011110110111100000101110101010100000011111000001000110010110100011001011101101010101000000111100010110001010000001111111100001101110000110111111000000001100101100011011011
1110111100000000010100000101100000110111011010101010001110001011100000110110110000011111000001011111011011111011111000000001111011010101000000000010111111111110110111011011111101010101100000000101111110101011111111110101111000001001
1100110111101011000111101100110111100110001010000000101011101010001111110110111111111010011111111100011001000011101011111111100010000101011111110111101100111010110001010000010101010100110111111100000000000000100101100000101010100011
1001100010111111011110101101100101101111100000101111101001000000111000000100000001010010110001100001010011011110100011010101001110111100000000110101000001100000110111011011110101010001100001000111011011010101101101110111100010111111
1011111000110000011000001100110101100101001101111110111100010110111101110001111111010110010111001011111011001010101111010101101100011101111111111100011100001011100001000011000101010111111111011111111111010100000100110101110111111101
1001101110011111001010111110100100001100011111011010010001111111101100011011101110000000110001011110110010011010000110010101000001000000011000001101110101011111111011011111011101010101100111000000100101111110110001100100000000000001
1011001111010100011110101100001101111111000110011010110111101001100001111110000000101011100111010110011010110000111111000000010111111111110011111001010111110110110000000000000000000000101101011111101100000010100100110101111011010111
1001101010010111001100000111011001011011011100111000110011001101101011110000110101101010110111000011010010100111110011010101111111000000010110011101010010110010100101111101010101101110100101011011000001101111101110000000001111111111
1011001010110101100111101100011011001000001101110011100110011001101111010111111111111110000001011001010110001101011010010111101001101111110011001101000110011000001111111111110100100010001101000000010111101111111111111101011110101101
3001100010000001110001101111010001011011011000011011001111001100000101000000001010111000111111011111000110100100000000110000000011000101011001011100011100110010100000000110111101111010100000010101111110111010110101101111110010000001
1100101011111100111100000110000100000011000011110001100001100101111100010110111000101110100010001100011100111101110111111110101110010000001011010101110101100110110101110000001100001011101101010111101000011010110100000000011000111101
1001111011000001100110110111101110101111101001010111101111110000000001010111111011100110001110111001110110010101110100011010111110111101101011000100000000001111110100110111100101011111111111111110001011111000110101111111110011111111
1101010011111100110111110010101011111101111100000101000101100111111111111101101010001100111010111011000110110000010110111011111000100101111000010001111111111101011110010000101101000110110110101010111000001101100000000000011000100001
1000011001100110110011011000000001011000010111111101011101110000011010101001001010111110001010101011110110100110111100101001000011101111011011110100000000011000011011110111111111101100010000101010000011111001001010111111110011101111
1111001011110000010111011101111111000011110111011000001100000111000000101100011010101100101010101000110110101111100110000011011111101011010000110111011111110011000000011111011010111110110111101010111110101100011111111100110110100001
1101100001011011000100010100101001101000110000011101111101110011011111100111001010101101111010001010110000000000001100110111000110000000000101100011000101000111101101001100001000010110000011001000001100000001000000000001100000001111
1001111011001111110111000101100011101111100101110100110000011111000000001101011010101000010000101011110111111111111001111101011111011101101100110111010000010101100101100001111011110100111111101011111101111111010110101111110111111011
1101000000011101100110011101110111000000101111010101100111111101101101111100000000001011110111111001100001111101101100101000000000000111111111111101110101010000101111110111110001010110000101000000010101011111010011111001010011100001
1000011011010001110010110101010100011111101010010100001110110000111111110110111101111011010000110011101101000001101101100011111111110111010110101000111101010101101010111110011011000100110001011111110000000001111000001101010110001101
1110111110000100111010110101010001110001100010110101111100000101111011010110000100011000000110011000001111011100101100110111001000110101000110101011101111111100111000001011000000010001110100000010000110111100001101111000000000111111
1000101110110111101000110000000111011011101110100001010101010101101011010000101110111101111111110011111011001110100001110100011011111100011100000001000000101110110010111001101011010111010111111110111100000101111111101011101010000001
1101101011110011001110110101010010001000001100001111010001111111100011000101111111110100111011011000000000011011101111010001111000101110110110101111011111100111100111111011101111110110011111110000011111011111100010100001101011010101
1111000011000110011110100111110110111011111111011000000100000110001110010101010101010110101000011010101011000001101100000111010011101000000111100000000000110011001101001001000001100000111000000101000011110110101110001111111111111111
1011111001110100110010110000111110101010101110000011101110111111101100111111000101010110000011011011111111111100000110110000000110000010111101110111111111100110011001101011011111111010000011011111110110100000000110111010100101111011
1000100011000001111010110111101010100000000100101000111011110111000110011011011100000110111111110001010110100110110010110101010011011111101101010000100110110100110011101000000001100011111001001010111100001111111110010000110001010001
1110001001101011010000100111001010101110101101111010011001100010011110110010001001111100000010100100010110001110011000011101010110000101101000000111101110010001111001000010110100101000011011100000101001011010111000110111110111010111
1011111100001001011110001101101000000111111101001111001100111011001100011011011011001110111110101111110111011011111101001111110110110000001101110000101010110111001100010110110110101011001011001010000011000000001110110101000000000011
1001111110101100011010111000000011111101010101011101111001101011011001111011010001100010000000000010110010000011011001100110110000011110111000011111101010110000011001111110010010111111101111101111110111101101111010000000011111111001
1011001011111111011000111110111010100000010101000101101011101011011011110001000111101110111111111110010110111110001011110000111111111011101011111101100000110111111101011011111111100000100110000000110101100111001010110101110100001111
1001101001011010001110000111111010101111110101011101000000000001000001011100010110000110100011011010110110100000111111011110101111101001000000110100101111100011010100001000100000111101111111101111100000110111100000011111000001101101
1011001101010000111011011101101000101011000001000100011111111111011011011001111111011100001110000000000000001111110101000111101000001101011111110101101100110110000001100011101111101000000110000011111101111100110101001011011111111101
1011101101011110101000000101001101101001011011011101110110101101011111011100101010000001100000101110110111111110000000010001101011111000000001100001100101100000111011110110101010000010101111101000101111001110110111100000000100111001
1000000000000000001011101101011001000011001011010101000010100100000101010110101010110100111011111111110000001010111110111111100010110011111111001111001101001101111111011100001010111111111010111111100011101010000001101110110001101101
1011011111111110111110101101001100011001101110000101011110101101111101010010100000011101100001010000011111111000000111101010101110110110101001011111100000011000101101011110111010001101011010110100001110000010111111111010111100101001
1111111001100000110100101001011001111111000100111101011100000000010101011010101101000100110100000101000000000010110101101010001010000000000011000000001010111110000000010110110000111001010000000001111111101110100000001011101111101101
1101101011001010010110000011011101011001101101110000000001111111110101010000000111101111100101011111011101011110111100101010101010111111111000011011111111101000110111000000011011101011000111010100000011001100001111111001100010101101
1000001001111111000010111000001100001100000101011011101011001010000101011101111111111110111111000011111111000111101001101010111010101100001010110000000001101111100001010111110000100010010001111111011011011001101101001100110110100001
1111101101001101110110111111011001111001111100001011111111100000111100011100001101010100011000011000110011111101000011100000011010000001111110011111111011100111111011010000110110101110111101101011111111001011100000011101110110101011
1000001001011000000110001111111100101101111001100000010110101111110101110001111000000001111110111110000110101001011110101111110000111101110111110001111010101100001110010110000011101010000111000000101101011000101011010000000000001001
1111101101001011110110111001100001101101001101111111110110100111010001010111101011111111011111110111010010001101010100000110100110000111010000010111001110000101111111110110101001000000111110010110001100001011101111110101010111011011
1011101001011110000000001100111100100101011000111011000010101101010111010000000001101101001011010101111110111100000001101110001111111111000111110001100111011100011000110110101100011111110000111110111101100010111100110111111101111111
1010101100010100111101111001100101101101011101101001101110100101000101010111111100000101011011000000101010101001010111101100100000010000010000010111101101010001001011111110111101000001011011101011100001111000011001110000101100001101
1010000111010110100000111011110100000000001100000011001000001100011100000111011111110000000001010110001010000011110011001001111011110101011111110101000101010111011000101011110111010111000000000001111100111111111011010111101001011001
1011110011010111111101100001100001101101111101111111101011111001110001010100000110111111111111011111011010110110111111111100011000010111110000110101011101000001111011100000000001010011101111111111011001100000110000010101000011001011
1011110110000001000000001101111011111111000100001100100000001101011011111101111100000000000100001001110000010100001000110111001101000001111101110101011100010111101010101111111011111110000000011011001100001111100101000000011001111001
1000010111111101101101111100101010110111110001011101101111111100000010011000101110111101101101011011100101110101111011100111011111111111010100000000000110111100000000100010001110001011011111110001101001111010101111110110111100101011
1111000010101000111100110111100000000001100111111001100000101001011110110011100100001111111001001000001111111101011010101101011110101101010101010111110110101001111111101110111100111000000001100111101011101000001010111111101111101011
1101111010101110110001110011001011010100001110101101101111101011110110111000110001111011011011111011111000011001001010101101001100000101010101111110011110100011011000001010110101101111011100101110000000000010111010101000000000000001
1001010010100110011101100111011111110110100010101000000001100000110100010010000111101001011000100000111011111101011010100101011101111100000000000011001100001000011011111010010000100011001111100100101011010110001000001011101101010111
1100010110110011000000101110010101110111101000000011101011001111100111000111111110000011011011101111101000110101011000110100000000000101111111111111101001011101111010101010110111101111011010101101101001010111111011100001100111111101
1111010100011011101010101011010100011101111010111111111111101010110100011101000000111110000001000010100010100001011011110101111111111101010000010001101011110111101000000000000010000110000000000001101011010011111011101011001110110001
1000010001111001111110100000000001001000001110000110001101000010110111011101011111111011011101011110101111111100011001010000000000110000010111110111001000000010101011110110110110111100111110101100111110011000001010111111100000111011
1111010111100011010100101111101111111011111111111100111001011110110100000100000000000000001100001010000001010001111101010111010110000111000000000001101011111110100000110110011110010110100011100101110111111111111010111110101011101001
1010010010111001010110001101111110110010011011100110101101000100000001010001111111111011100110100000111011011100110101000011111111010001011111111111100000001010101110010010110010110110101111110100000010110110000000001010111110101011
1010110110101101010010100000000000110110110010001110101101011101111011010100010110111111001111110101111111011101100000011000000001111011000001110011001101111000000111011110011010110110000000010111010110010110111111111000110100000001
1000100110000100011011101111101110000000011010111010000000000000001011111101000000000101111101111111100101010000101110111111111111111111011111010110011001111011111101111111110010110011011111111111011110110000000000011011100001101011
1110101111110110110011000000101100101111111010101011011111111111111000000111011010111100000000101100101101011110000011110111101101011101111000000000111100000000110000100011011010110110000000011001111010100110101011110000110111111001
1000000110010100011001101101111110100001110000100011010110011000001101111111111110000101111111100110001101010000101000000000000100001000101011010110001110111010000101101110011000010100111111111100101010001111111111100111100111011111
1111010111000101111100000111000110110101011110001110000000111011111111111100000111111100011100001110111000000111111111111101111101111011101001111110111011100010111111101011011011110101110100010110101000100100110110001100101101010111
1000011101110100110001010010011111111111001100100000111010000000110010000001010000011101110001011010101010110001010111111111100000001010100011100010000001111110000111001000011001000000100101110000000011111101110111011001101000000101
1111001101000001111011111000110011101010011001101101111110111110000110111111011111000000010111111010101011111101000000000010101011100000001111001011010100000111111101101011111011011111101100000111011010110000010100001100000011111101
1011100101111100110001111111110110000011010011001100001110011111011100000011000001010101000000110000000001011111011111111110101111101010111110011001110111111101100101100010010001000000000001010001001000000111110111011101101010111001
1000110100111101100111010101010000101010000111111111111011000001000001101001010111111111110111111011111111010110000101100000000100111110000000111111110011111000110100001000110111011111110101111011101011010001110100000000101110001101
1101110001100000110000000000010111101111110101110000000001111011011011001011110101100111111111001011100000000000110000001010101101110111111110110111011010001110010101111111110101011101111100111111111111111111000110111101100011011001
1101011011111101110110110111000000111101010001000101010100001111001111101000010000101101011101100000001111110110110101011010101000000000011110010101001111011000110000000110100000000000000110010101010110101011011110000111111110001011
1001010001101100100011110011110111110101000100011101111101101101111111111111111110000000000100111101111100011111111111111111100010111111000011000101100101011011100111110100001101110101111111110101010000000001011000110000111011011001
1100011011000110001001011000011110100100011101111101000100100000101011010100011011101111111101111000100001000001101010100110001111101011010111110001101100001010110010111110111111111100001101100000000111111111011101111010101011001011
1111011011101100111011001101011010110101111111100111101111110110000001010001111001100000000000101011101111110100000000001111100000000001011100010101000001100010010110101000000011011110100000101111111111111000000000101111100011011001
1010011001100110001110011111111010110000100000001111000110111100101011010111101011111111111011100001101110110111010101101101101010101011111101111111101111111110110000000010111000000111111010100100000000000010101010000011101110001011
1011011011101100111111011010101010011110001111011100011110000101101010000010100000111011101110110100000000011111111100100101111110111111000000011010000001010100000101010110011011010001001111101101111110101011111111101110101110100001
1001010000000110001011001000101010111010111101110101111000111111111110111010101111101010100110100110101011111100101111110001011110000001110110111011011011010001101111111111001111110101011101101000000110111111000001111010001010111011
1100010110101110111001011011100010101010111000110100001011110111010100011110000000100000001100001100111110110101100000010100001011111111000011110011011110000111111000001011111110111111000001100010101111110110011111011010101010001111
1110111110111100011011000000001010000000001011110101111000000001010111010100101101101110101001111111110110010000110111111111101001000001101001100110001100111111011110111010110000011011101111001111111111100110111001001010111000111001
1010011010010110111010011101011111111011111011010000111011110111010011010001111100000011111100000101100111000111100000111001111100011111111011101111011110100101001100000000000110111001000001101101010110110000010011011010010011101101
1010110010110110110010110111110011010000111001011011101000111110011010000100000110101111010001111101101101011111101110010011011001010100111000100101000110101101011101101101101111101011011111000001010100011101110110000000110110101101
1010011010010110111000000010110110010111101100000011000010000011001010110111010111111101010111011101100101011000000011000111010011110001100011101101011100000101010000111111111011001000010111101111010101110101100110111101100110100101
1010111010110110011011111110100011000010101101111000010111111111100010010111111101010000000000000000110001010011111001010101010110110111111011000000000001011100000110011011001001101011010001100001000001100000001100000111110110101101
1000110010000110111000000010001111010110000000011101010011101110111010111101101101010111111111111111110111000110111111111101000000010101010000010101011111111001010011000000011011000001110111001111011111101011111101111111010010101101
1011111010111100000011111110111101110000111111110111111000101000101000001000000000000001100110001001010100010000000000101101101111110000011011110101111010110011111111111111110000010100110001100000011011001111010101010101011010001001
1011001010101110111111101100011001100111110101010001111101101011101101100011011010101011001110111011010101111010111101100101000100110110111011011111100000000110101110000001010111111111110111101111110001101101000000000001011010111011
1001100000000000000110101101111011001111010101010111010111101000101100101111111110101111011010101011010000101111110111101100011101100111101000000110110111101110000010111111010111001011010100000000000101100101011111111111011010100001
1100111011111111111100001100101011011000000000010000000010100011101101111100000011100000000000000000000111100101100010100111000000110001000011111100010011111000111000000001000000011000000001111101011111110100000010000110011010001111
1101100000000111001001111101101000000011111111110101111110101110101000000001111000101011101111110111110000101100110110101101011111111100010110000110110110111110001101111111011111111110111111000111111010100001111110111110110000100001
1000110111010001101011110100101011111001101111000111011000000100001011110101101111111111111010010100010111101110000010101000001110100101111100111110100010101100111111000011000000110100001111101110101000101101011100101010110111111111
1101100011111111101011010101100000001111000000010010010010111101100001111111001111010100110010111101111110000011011110000011100010110000101110001010101110100101111010011110011111110110111001101100001011111001000001101010000000011011
1101111000000011000001010100001111111101101111110110110111110101111111011011011001010101111010101000001010111110000000111111110110100111100011011010100010001100101010111100110101010100011011101001011011111100011100000000110101000001
1000101011111111101111000101111000000000000000010000000001010100000011000001011011010101011010100011100000011000111111101110010110110101001110011010101110111001101000010110110101000001010001000011110010101001110111101010011111011111
1101101010000011000101011101011011110110101011111111010100000001101000011111011001010101010010001111110111000011110011100011011110000000011011011010101100001101000011110110010100011111110111011110100110101100010011111111000110001111
1101101000111110011100000001001000111111111000001001110111101011001110110110001100010100000110100000111111111111100110101110001011101111111001011010000110111001011110010011000001000010110010001110101100000001110110110111110100100001
1001100011101100110101111101011011100000001101111011111111111111111111100111011001110001010000111111101000000010101100100000111011001011001011010000111100001101000010110111011111111010110110111010000001010100000000000010011110110111
1101101111000001110000101111000000001011111001100000001000110110110000110011011011000101110110000010000011101110000110001111101001101001100011010110000001111001011110000100000000111110110000000000111011110101101101101000111011110001
1001000000010111010111100010011011011110001111101111111011100010100111100111000011011100010110101110111110111011101110111000101011001011001111000111010101111011011100111101111011101100100101011110001010110111111111111111110000011101
1101011111111111000001101110111111110010111011000001000001110110101110110110011001011101010111111100000000010001101010000010100001100011100101011101111111000000000101110100101110100110001111000111111000011110000001010101010111111101
1000001001001001011111100110000000110110101000011111011111000000000000000011011111000111111101010101110111110111000000111111110111001010101101000000000011011110111101010101100000001111011111111101111101001100110111000000010001110111
1111011011011011011010101110101011110010101011111101011011101111111010110110000100011100101000010101011100000000011011111100000010011110100101010111011010000110000000010000101111111001010100110100001111111101111100011011110111000001
1000000000000000000000000000111111011000001000110101010000000001011111111111011101110110101101000000000110111111110001000111111010110110110000011111111111011111011011110111100000001101010001100001111010110100011101111111100101101111
1110101101101111111110101010010100000011111011100001010111101011000000101010011000010010000101101011011100000000011111011101011000000110000101000000010101000101111110000000001010111001010111001111111000000001110000101110110000101011
1000100111001111111110101011000001010111100001001100010101111111011110100011000011110110111101111111000001111111001111000101000011011111011111011111110000011101100011011110111110110011010101100010001011111111100110000010111011101001
1010110001100000000011111111110111111100001111011111000001011110000111110110010110110000011100110001110100010111111001101100011111110101000111000001111011111001001110000011110111111010000000101110111000000000001111111110101010000011
1010111100110111111111010110111110101001111010000011101100001011011101100000111110000111110101100100110111000000001101100101110110110101011101111111010010100011011011011111100011010000110110101000101101111111100001001110101010111111
1010100001100000001001000100000000001101010000101000111111100001010101110110101010111101100000001111110001111111111001101100110100010000000000010001011000001111010000001110001110010111111100000010001100011000110111011010100000000001
1010110100110111100011011101111111111100000101111110011011111111010000100111100000110101101111100111100111111111001101100001110001110101111011110111011011011101000101011011011011010111000111101111111101111011111100011000001011111111
1010110101100011111010001100000011100001101101011111000000000000000111101101110101100000000001110000111101000000011001001101000100000111111111010010000001111000010101000000001000000001101111111111100100010001001001110011111000001001
1010011100111000011000111101111110101111111111001001011101010110110111000000110111001111010111011111100001011111111100011111101110110000000000010110111100000010111111011101100011110111000000011010110101110100011011011010001011111011
1111001101100011111110010101101000000000000001100011111111111111100000011010000111011100011100001110111101010101111001110010000010010110111111110100001101011010000011000100101000011101011111010010110100010111110001010010111111100001
1000011001001000000011000000000011011110111111101110100010110000110101001111010001010111000101111010011001000001010011100110111011010010001111110001111111111011111110010101101101111100000101111010000001110000100111010110101100101111
1111011011101010111111101111111110000110000010000000001000011011110101100101111100000011011101011010111011011111000110110000001011010110100000000100010000001000010111011111001100000101010001100000110111100111101111000000000110000001
1110001110101110000001100011111111111110111010110101011011000001011111110000101001011110000001011010000000000101011110110110111110010110101011011101000101111101000011111011111110110001110100001101110000101101101001011010110000111011
1011011100000110101111001000000000000010011000010111001111101100000001100110001101000011101100000000101011010000001100110111110111111100111001000101011100011001101000000000000110010111110111100101100110000001101011011110110111101111
1000010001110100100001101101111101111110111101010111100010111001110111101110101101011110111110110101101110010110100101100000000010100101100011111111000101111101101111101010101100110000011111101100110011010100000000000010110000000001
1011011101100101101100111100011111001111101111110101111000011100010110111000101101000000010111111111001111110010110000001010101000001111001000001011111100011111100001111111111001111101000000111001111110011101111010110111111011111111
1010001101001101111110010101000011011011101010110001011111000110110000001101101001011111000001101011100011111011111111011110101010100001101011111010001101001011001100000000001111011001010110001111000110110000001011111100110000000001
1011101111101100110100110111011001000000000000010100000001010011100101100111111101000011101100100000101000011000000001000011101010110111101000110000100111111001111111101011111011011111010110100111010110011010101000000001100111111111
1110001000000110000110000011111100011111111101011110101101011011110100110001100001011000100110001101111101011011101011101111111011110011001010000110111100101101111011111001101000000111010110110001010100111011101101101100110000000001
1000101101010100110010101000001101111101000101001010111111111000010101100101111011011111101111011111000101010000111001111100011000010110011010111111110110101000000000001100000011110001111100110111011101110001111111111110011110101111
1010101101011110110110101010111000000000011111100010010110101101010111110111000001000111111101000001011111111010011011010101111110111111001010000001100000000010111111111111111000010101101111100000001100011011011010000011000010111101
1010101101001100110010101010011011010101000000101011000000000101010001100001101011010000110000010100000000011010110000000000000010000001011011010100001010101010000000000000001010110100000000110110100110110000000000101001010110000001
1111111111111111111111111111111111111111111111111111111111111111111111111111111111111111111111111111111111111111111111111111111111111111111111111111111111111111111111111111111111111111111111111111111111111111111111111111111111111111
