11111111111111111111111111111111111111111111111111111111111111111111111111111111111111111111111111111111111111111111111111111111111111111111111111111311111111111111111111111111111111111111111111111112111111111111111111111111111111111
10011010110000000100110111010110001010110000110000000001011010010011001101001010101011000010110000110000000110011010010110000001011000011011000110111000110011010101101000001100101000000110101001101100100000100110101001010010000010001
10110000011101010001100010010011011000011011110110110100011011011001101101101010100001111010100111111110111110110010110110111111001110110001101100010010011000000000000011011110101011110010101011001110001010001100101011011000101000101
10000111110101111111111011010111000010111011000011111101110010000011000001100000001111010000001101101100000010011000010100010001011000011011001101110111111110110111111111111000001001011110101001100110111111100001101010011011111101111
11011100110101101100101011000010011111101001101111101000011011101001110111101110100110010111111000000110111110111111010101110111011110110001100000110101100100111101101100101110101011001100001100110010000101111111000000110001010111111
10000110110000000110001000011110110011001011000000101101011010111011000011000011111110110000001111110100101110011010000000110100001100011011101111100000110101101101000101101010100001100101111001110110110101011011101110011011010111101
11011100010111011110100011111100110111101011101010000111110000110000011111011111111010110111111001010101100010110011011110000101111110110000000001101010010100100000011100101010111011001100110011100000011101000010101111010000010001001
10000111000001111011111010110101100110001010101111111100111101111110111010000110100000000010001100000001110110111010001111110000000110011011010111101111110110001010111001101011110010011110011010110111111101011110101011110111110111011
10101100010100000011000000010000110110111010100101011110000000110010101010110000001010111110111111101101000110011010111011111010111100111001010110101100110110111111100011101001011010110110110010100100010101000000000001100001010101011
11100001010111111111111011010111110100011000110000000011111101111000001010011011011010000000101111001111101100110000010000001011110110100011111110100001100010000011001110101011001010110010111010001101110000011111010101101111010001001
10001111110000011011010010010011010001000011110101011111100000101111101000111111111111111111100101100011000101100111110111111111100110101000001100101111101110111110011100000001101010011010011010111000000111000011111111000000000100011
11101011111111111001011111010111000111111111100111000110111010001101101011110110100101100110110101110111101100110110110101110110110110101111111110000110100110101011011001111111000000110000111010110011111111111110000111101101010101001
10101001000001101101010101010001011111100000110001010100101111011001001000010100001100001110110101010001101101100100000000000010110010000100011000111100101100001000001101100001110111100111101000110110000100100010111101101111111111111
10001011011111101000010100000111011101001110110111111110001110011101011011110001111110111010110000011011001100110001101111111110011010111101111110101110100110111011111100001111100101110011101011110000111101101110001001100010101010101
11101000001011001111010110111110000000011111100001101011011000110100001010000101001010011010100111110000011101100111111100011110110010000000000110000000001100011010011001111000110100110110101011010111111001000000100011101110000000001
10000010101001101101000110011010111111011001101111100011001110000110100000101111011000111000101101010111001000110011010110110000011000111111111100111111101101111010111100101110000101100010101001010000000011011010101110100100110101011
11110111111011001100011110110000001011110011101110110110011010111100101011111000011110001101101100011111101011111000000110011011111110101101101001111111111000101000011001101011101101001010101011010110111111011111111100001101111111111
11100101011001101101010100011111011000000110101010110010110010110001101000001011001010111101000001111101101010110010101100110000011010001100101011100000011110001011110011000011000100011010000000010010011101010101010111101000011111001
10110101001011100111000001000110001011111110101000011010011010011100101010111111011010000000011111110101000000000110100001111011110000101101101010101110110000111000011010011111110101111110110101000110110100000000010110000011110101101
10000000011010110010010101111100100011011010101011111010110010110101111111110101011011011111110011010101011011101111110111010001100111111000101000000010011110101101110011010110100000110110010101101111110101011111110010111111110101001
11111011111010111000111100100110111111001000101001101000011000010101011001010101001001000011110110010000001111111011010010011101101101011011100010111111110100000001011010000010111101100010111111001011000001111111011000000000000000011
10100000110000001101111111101100110101101011101100101011111110110100001101010101101011011110010011011101111100000011011110111101100100001010001111110001100001111111011010111110010100101110101011100001110111110001010010111010111011001
10111011110111111000110011001101110001100001100110101011010110010001111000000001101000001011000110001101100001110110001010010101001101111000111101010111111011001001011010101011010110100000000001101100000101010111000110001010011110011
10000000100110101101110110011000000111001111110100100001000111010111011011111111000011011001011111101100001111011111011010110101011100010011110001000000110001101011001000000000000110101011111011111001110000000011010111101011000010111
11110111101110101001010110111101111101100001100110001011011101000011000000110011011111110011011101000101100001001011000000110100000001010110011011010111111101000011100010111101110000001111011110001011110110101111010000111111101111101
10100000000100101101010010011001100000001111110000111110010101011110010111100110001110111011010100010101111111011000010111100001111111110011011011011101101001110110001110011111111010100110001100111111010010101101011111110001100011001
10001111111101101101000110111100110110111010011101101100110100011010111101101111100010101011010101111100000110001110111100110111111001100110000000001100101100110110111111010111011011110000100110000000010110101100000000010111001111101
11100100101001101000010000000110100010000000110000000110000110111000101000000110101110101011010100101101111111011000000110000000001101001100110101100110101110100000011011110000001000111101110000110111111111111101101101000011111011001
10101101100011101101111111111100001111111010011101111100111100001101101011010110000000101011010001100000000110011011111111101101011000011001100111111100100110001111001010100110111011101100011011111101100011110000111001011001010011011
10000101101010001000001101011001111100011111110000100110001101111000101011111111011111101010000111001111111111001000000110100111111111000011111110011110001100111011100000001110111111000101001000000000001110100110001101001011011000001
11010101101111100010111001001100100111010011011110101110111101101101101010101111010001101011110001101010101001100011111110101110101010011110101010110011011110000000101101011010000101011111111010101011100100001111111111111000000010101
11110101000101001010011101011001101101010110001100101100111001101101100000000110000111000000110111101010101011001001101100101000101011010110101010000110010000111111111111000010110000000000111111111000110101101101101010111101011011101
10100101011100011011010101011011000100000011100110101001101101101100101010101111011111111110110001000010100011011111001110000011101000000010001000111110110110010111010001101111110101011010000011011110110001100101000000000111001011001
10110001000110111111110101010001101101111110101100000011101101101001101111111101000001100000110111011110001111010101011011010110101011011010111011101100000011000000000100101100010101011011101000010111111011110000010111111111101001101
10110111011110101100110101010111101101010100100110111110101001101101000100111000011111111010010001011000111110010100001011011100000001001000000000101101101110010101101101100001010101011011111011110101011001100110110000000001101100111
10000011000000000110110000010000001101010110101100001110000011100100010001101110111011111011010111001101110011000101111010001110111111101110111110000001100011110101111111101011111111111000011000000000001111001110111011111111111110111
11110111011111010110011111000110101101010110001101111011101110110101111111001100001001101111000011101000011010011101011010100100000000100010000010101101110111111111010110101000000010101011111101010110111111111000101000111011011011101
10000000000111111111001110011111111001010111101101001001101010100000000101011111011011000110011010000011110010111100001010110001010101101011111011111100010000001011000010111101011000001000010111110011100000001010001011101011011001101
11110111111101101001011011011111010011000101001101011011000000001010111101010011011001101111011111101011011000010001100010010101010111101000011000000110110101100011011000001101111101111101110110111111111010111111111111000001001011001
10000000010000101011011000000110010110011101101000000000011111111111101000000110001101000110010111111010001101110111001000111111110010111011001010110010110101110110011111111000010111110111100100001000011011110101010101101111011011011
11011111110111100010001101110011010110111000001101110110110010110101000010111111011001101111000010011000111000110001101011101000011000011011011111111010011101011111010111101111110011000010110001011011010001010101010001101010001001001
10010101100100111010111101011111010010101011111000011110011000000100011011101011001100000110011110111011110010000111111000000011111101111111010000001010111111001100000000000110100110011110100111111011110111010100010111001010111011011
11000000110001110010110000001101010110100001110010110011111101111101111111001010011001101111010110110000000110110000111010101111101111100001000111111111100111100110111111111110101100111010001100100001100100010110110101100000111001001
11011110110111011000011101111001000000111011011010011001010100010000000101101010111101100011000010100111111100111111101111100010101011001011110000001100001100110110000000011000000110101010111110101111001101110100010101101011101011011
10001111100011001110110000001101101101101011010011001101010101110110111101100010101111001111011110001100001110001110000001111110101000011111111111111101111001100000111111111101101110100000010110001001101100110001110000001111100000001
11100011111000011000011011111100000101001011000111111000000000000010011000111000001011101010000000100001100010100000111111011000000011000101000111110100001101111101110001101001111010001011010111011011000110011011100110111110101110111
10101110011110111101110011010110111111101000011110101110110101011010110011101101111010100011101110110101101010101111111000001011111111110000010000000101111001011000010111001011011000111011110101000001011111000000001111111000100111111
10000010110110101001011010010110010010100011110000000100010101111111111000001000111010110110101011111111111111101111101011111000000101111101011011101101101101001101000011100000011010011110110101011111011010010110100101101110001101101
11011110100010001011011000110110110110110110111011111101111111100101101111100011101010100110100001101010110001100000000000001011111101011111111011100000101100011101111110001111111011110110010000001011011000111111110000100011101101101
10001010111000101011010011110110100110010100000001001001101100110000101100001110101010101110001111100000000111111111111011111000001100000010101010111110001101111000000100111100010000110111000111111001011110100100011111101110101000101
11011010011010111011010110000110001111010101011111011011000110011101100111101100101010101000111000101111111100111010111110000011111101101110101110000111111000110010111101111001000111110011011101101011001100101101110011000000000010001
10001010111110110001010011101111100110010101111001001001010011000000101101101110101000000010000011101101010101100010101100111110110101100110000011011101011101100110011000001011111111011010000000100000011110000000011001101111010111111
11011000110100010111010110100110101111010000101101011011011111011111101001100110000010111111111110000101010001111010000101100000000000110110111110001101010101001111000011100010110101011000101101101111110110111111111011000111110000001
10011011110110110011000110001100000011010111101100000000001100001101100011001111011110011101000000110000000111001010111101001011111010010100101011011001010100011100010111111000010101001101111111101101100000000001000011011100010101111
11010001010110010111011110111110111110000110101110111010111101011001111001101011001111110000011010010101111101101000000000011111001111111110001011011101010001010111111100001011000000011000111011000000110111111111011111000001110100111
10010111010000110101001010010110110011101100100000001011110101111101010011000000011011010101001110110100001001101011111111110110011100101010111011001101010111110001101101111111101011110011101011011011100000000001000001011111111110001
11010000011110000001101010110100010110100001101111111111010100101000011001011101110001000111011111100101101011000000000001110100110101100000001010011101000000110111000100101111111110110110101011011111101111111111011111011111011011111
10010111001100111111001000000111000010101111000011010110000001101011111011010111100111011110011001111101111000010111101011000001110101001010111010110000011111110011011101101011110110110100000000000110000001110011001111000001011011011
11000001011110001111101101110101011110101101010111010110111111100011100000010000110011000011111100001111011010110000111111011111100000011111100000011011000001010110000000001001100100010001110101010011011111010110011001010100000001001
10011111111110111001000000011100011010101101011110000010101010110110110101000111111000010110110101111011001011111111110101011010110110111001111110111110010100000000111011111011110101110111111111111011010001010010111011011110111111011
10110100101100011101111101111111011000000000001010111110101010100010000101011110010010111110110001010001100001100111000000001010100011101100110000101100111111111010011111101001100100110110001010101111010111000110001000000110011100001
10110101101110110101000000000011010011101101101010110110100000111010110101110011000111111100010100010111110111101101011111111010001000000001111101101110101011001111000110001011110001110000111000000101000011011110111011111111000111011
10100000100110000101110110111110010111111100111010110010001011110000011111111001110011010110110111110110100010101000000000011000111101010101010101101000000000011000010010111000110111010111100011111101011111000000000000010101101101001
10001101101100101100111100011010110000010111110010011000111111011011110011000011100110000000000010100000001000000011101101111010001111111111010001000010101111111010111110001011100000000000001011011000001101011110101111000000101000011
10111111100001111101101001110010100101010011011010110011110110000011011001111010110110111111111110101111111101110111100111110010100010100011011101011111111001101111101000111010110111111111111111000010100100000010100001111011111101111
10001010101111000101101011100110101111110111001010111010000011011110001011110010110110000000000000000000000100010100110000000110101110101111010100011101011101100101001011100000100000101001010110011111110001011111101100001110011000101
10111010101111110101000010110010101010110101100000011000111010011000111001010110110100110111111101010111101111111101111110101100111010000110000001000000001101101101101000001010101111100011010011000101100111111101111001011111011011101
10101000100001100101111010110110100000010001110111111011101111011011110011010100000001100111001111010111111100001001100010111110111010111111011011111110100000000000101011011111100000001111000111011100110000010000011111111001001001101
10101011101111110100110000000000001111110111000001100000100110001001011001010101111111101101011001110000010110111011101110000011100010100011110000111111101111110111101011110011110111100001110000011101111111110110110010101011011011001
10001010100101100101100101101101111010110001101111110111101110101011011011000100001010111100011011111111000000010000000011010111111000101110100101100000111100011111100010110110110000111111100110110100000000000011111010000000000001011
10111010101100110100001111100111101010000111000000110000000011100001010001101101111000010101110000000001110101000111101111111110100011100110101111101111110001011000110110010110011011110011001110000001101010101110010000110101110100001
10101010000101100101111010111110101010110001101111100111111111001100000111101100011011110101100101111111111111111111111010101100101111001100101010001011010111111110100000110011010001010110011011101111111011101011000101110100010111011
10101011010101110100000000001100000000111111100110101110001001011001111100100101000001010100001111011101000000000000000000000110000001100110000000100000000001100110001011110110000100000110111011100000001001100000010111000101011111111
10101011011101010101111111111101011111100101001100001100111011110011000001101101101100000001111010000000010111111010111011111100110111110111011111111111110100101100111111000011011110110000000000111111111111001010111111111101000000101
10101011011000000000000110110111011101001101011110100110000001100111011111001000111111110101110000111010111110111110001110010101111101100101000000000000111110000001111101111000000011110110111010000000000111111110001101011111101101101
10100011001111111011111100010110010101011001010100110110110111101110000101100011111000111111000111111111101100000111111111010101101100110001011111111011101011101111101001101011011111011110111110101110110101010010111000000110111000001
10001111011001100000011001110110110000001101010001111100011101000000110100101110101011101011011111000001100001011100011010000001101101111100000000001110100011111011000011001001000000000010000111111111110000010111100010101100001011101
11100101001100111011111011000000000111111000000111111111001001011101111110000000000000000010000100010100001011000101110000101111100100110001111010100100001110011011110110011011111101101011010100010001011111010101101111111101111111111
10110101011110110000101001110110110110101011111110110001101011001111011000111110110101011000110001111111111110010000011101111000110001111100001011111101111100110001100011010000001111111111111101110111001011110001100101010100001110001
10100101011000100111101011000011111100100001101100011011100000011010001101111011111111001010011011101000110111110101111000111110000111001001111000010100000110000101001111000110111010010100101000010011011000110111110101010101111000111
10110001001110101111000011101111101101101111000001111010110111000000111000000001001011101011110000000011100001111111100011101100110101101100001111110001101111011111101100010011111000110110000011110111011011100011000000000000000010001
10011101011000001001101110001010101100100001111100101010000001111111101101111111011001111111111011010110001100011100111000101101111101100001100101010111111100000010100101011001100011110100101110000000000000001111110111010101101011111
11011001011110111011001111100000000110101111010101101011101111110101100100011100010011010110001001111110111111110110110011100101101000111100110001010100010111011110101101111111001000010001111100111010111011111111100001111111111011101
10011101001100011000011001101111111100101001010100101010000001010100110001010101110111000000111111101100000011000110110110110000101011100001111111010001110110000110101000010100011101000111010001111111110000000011001111101010001110001
10110100011111001011110011001110000110101011010101101011011100010101110111110100110101011110000010001101111110011100010010111101101011111100001001010111100110110000001011110001110111011110000111100101011010101000011010000000111111011
10000110111001011001011001100000101100000000000101101011011111110100000001100001100000000011111110111100000011000111000110101000100000110001111011010010110110111010100011010111100001001010110000001100001111111101111000101111111001011
11011110001100000011001011001110111110111010111100100001000010110101111100110111101111111110000110011001110110011100011100101011101111111100011001010110000010001011101001010000001111100000010110111001100101010111101011111010101101001
11010100111001101110011010011111100100001110101110001100011110110000011111100000101110000111011110111011111100110111000110100000101011010101111011010110111110111111101100000101011110111010110010011011111100000110000000110000000101101
10000001111111100011010010110000110001101111100100111111000000000101000010101110000010111100000000110000000110110010011110001101101011010101101010000100000000010110111001110101000000111111100111001010110101111110111111100101111101001
11110111001010101110010110010111110111111011001101110011010110101111111000101111111000010101101111110111111110011010110000111111101000000000000000110001011010110000001100010111111111100000110001100000000000001000100011001100000000011
10100011011000000110110110110011000000010011011100000111110011111010110010000011111111110000111101010000010100110010011011100010101011011010101010010111110010000101011110111110010000001111111111110101101111111011101111011110111010111
10111011001110101100010000011001111011110110000001010001111111111000111011110110000000000110010101000111110110011010110010111010100011001111111010110010111111110111111000000000110111011010101100110111000000000010000000000010001011101
10011001011011100001000111001101101000110100111111111111011010101110011110011110111111110011010101010000000010111000110110101010101111100100001110011000010101111111110011101010010001000000000001100111010111111000110110111011011000001
10111100001011001111010001111001100011110101110111001011001000000110110111000000000000110111110100010111011110000011110110101010000000101101111111110010110000001001011111101011000111111101101100101101110000011101111110011111111111011
10010101111011101011011111101011101111000100000001100000011011111100000010011011111111111111110001111101111000110111010000000000111011111100001011011110100101111011001100111011011110101111111111111100110111110111000011001101110001011
11000101101001100001011011000011000101011101111100001101000000010101111000110000000001101011000100001100101011111101000101110101111001010101111000000110001100000011101101111111000000000010010111010101100110100111011001101001010111001
11110101000011001111010001111011011100000000110111111111101011000001111111111111111111100001011111100001101000101001010100010101101101000000000011110110100101010110100000000101111111111000110101000001110110001101011111111011010011111
10110100011110011101111101010011010101101110000010100011111111111100000111010100000100111100000010111101101011101100011101111100100111010111111111011111111111111100101111111101110100001101110101011111010011011100000111010011010110101
10100111001010110100101001000110010001111110101000001001010110100110110000010101111101100101111110011111100011001101111111101110101110010010101100001101011010101101101011000000000001111111000000001010011110000101111101000110000000001
10110001100000010110001101011100110111000011101010111100000000001111111111110000001000110000000100110110101111100000000000000010000000111110000001100000000000000000000000011110101100000011011111111000111011011101010101011110111111111
10011101111011110100101000001101100001011111101111111110101010111001101110000111111011111101110001110010101011001010111111101110101101101111011011110101111111110101010101000011100110111011000111101011101010000000000000000000010010101
11011001010011010101111110111100001011001010111100101011111110111100101010111100001001001000110111000110001011101010000000100110111111000010001111011111010100010101010101111111101100001111011100101000000000110110111111111111110110101
10001101011010010100011010100101111111011000010101100000111111101101100000001101111011011011110001101111011010101110111011110100011011011000111101000110000001111101010100000000111111100110010101100011010110011100000000000000000010101
11011000000010110101110000110000000001011011010101001111101011000101101111111000101001000011011111001011000000000111111011111110111000011111100001011100110100001111011101011111110111110000110101001011111111000110101110101111101000101
10001111110110110101100111110111111101001011110001011011000000010000000000101011101101011000000110011000011101110000001110101111101011110110101100000001111110111011111101000000000000111010000000011110100011101111111111100000111010001
11011011000000010100110011010000011111011010110111011011011111110110101010000000000000001011111100110011111100111111101110000101100001100000000110111111011010001001100111011110111010011111011011010110001000111011010000101010001010101
10010011111111010101110110000111110011000000000011000001000000011111101010101011111011111111111001110111110110000011111011011101110111001011110011110101000011011011001110000010001111000011011001000000111010000000000110101110101011101
11010110110000000101000011110111010111101111111000010100011101000101101011101000001000000100001011000000000010101110010001000000000000011000011001010100010110000000011100101111111110011111111101010111110011011111101111100110101000111
11010010010101110101101110100000000110100000001111011101110111110001101111111011101010110001100001110111111111100011010111011111110110111101111100000001111111111111000111111100000011001010110111110000010110011000111101111111101110011
10010110111111110001101100001011010000001101100001011000000000011111000000111111111111111100101100110001001001101110000111011100011100100111000110111111101010000111010000000001101111100000000110111111111111000010110100000011100111001
10110110011011010111001110111111111111011001111111001101101101000001010110000000010001000111101001110111011011111011011101010101111111101111011100001110101000110001010111111011100001101011101100011011111111101010110001010110111101101
10110110111001000001101010111100000011111111010101111101111111101101111111111010110111011111111100000000000000010000001000000000110101100001010110100010101011100101010001101110111101001111100001001010010110101011100111111110111001101
10110010101101011111101010101001011010101010010000110111010001101111101101011111110100000000110110110111111111010111111011111110000101101111010111101000000001110111011100000000001111100000110101100000110110111011110001101010000011101
10110110101100001010100000000011001110000000110111100011000111000011000000000011100001011010000010110000001111010111111011111111110000001000000100101010101100111111000110101111011010111010110101101010000010111110100100000000111110111
10010110101111011010001011110111100110110110000011101111011111111000010110101110110111110010101111111011100001110000000000000000011010100011010001101110100110101101111111100111110000001011111100101011101000001110001101111010000010111
10110110000101000000101000010001111110111110110110001010000001001011011111101100110000111111111101101001111111100110101101011101011110111111110111111110101110000000000000101101110111111111101101101000101101111011101111011111111110101
10000011110101011111111101110100011010000010010000111000111111011011111011100110110111100101000000001011010110110110111101001101000010001100010111010010111100111111111111111001000000101100000100101011111111001001100110000101000000101
10111110000101011101011000011111110000111111111101110011110101001110101010111110110100001101011111111111000000000010000111011001101110100101110101010110000110000000000010110011011111101101111111111000111111101011001100111100011111101
10101011010000000000001010111111011011101101011111100111000000011000101010010100000001111101000000110110011011110111111111111100100110110000011100000010111111011111101000011000000001100000000000110011101101101011100001110101111110101
10001011110111011011011110010100000000000000000110101100011111111110101010110101111100001000010101110010111111111101110101101001111110110101000001110111111011000000111101111011111100001111111101111111101000000010001011010000000000001
10111001100001110001110111110101110101111111010000000001000010001100100000110101011101011011111111100110000100000001010000001111000011100101011011111101000011011010010111010000000110100001111111010000001111110110111110011101111010111
10001011001111111111110011100000011101101111111101101111111110111110101111100000000101110000000010110000110001011111000101011011011111111111110000000000011111111111000011010110111111110111000011000110101110010110111110110000001110001
10111011100000010011010110110101011000000001100111111001101010101010101110101111111111100111111010110111111011111101011111111011000000000000111101111111000000000001011111000010000101010001011010011111111011010110101010100101011000101
10110000101111110110000000000111001110111100001110011100000000000000000000000000000110110111101010000111101110100000000010101010010111111010001100001111111110101111110101011111011100010100011110110011010011000000000000001111110010101
10110111101100110110111101110001111110000111111010110101111111111010110101101111111110100000001010110000000000001111010110101010110110111111011111100000000011111010110100001101110110111111110100000110011000011010101111100000011110101
10000011001101100000001100011111101011010000001010010000000000001010010101001000001000001111111111100101101111111111111110000000011110000111110001101101110111011010000001011000110110011011010001011111010011001111111011110111000011111
11011001101000001111111001001101001011111011111010110111111111111111011111100011111011100101100101101111111011110001110000111111001010110010110111111100110000000000111011111101100011000000000111111111010111111110000000011101111111011
10011100000010100000111111111000011000001111000000000000001101110110001001101000110000110000101101000011010000000111011110000001100000011110110000110111111101111010011010011000111000011111101100000110010110111011011111001000100000001
11010001101110111111101011000011111011111100010101111111100000000011100011001011100101111010000101011111010111110000001000101100111111111000000111100011101111001111111110110011100011111001111101110111000010101000000001111011101111111
11111101100011111011000001101000000000000101111100000000110110101001101011111000001111001011010000000100000000111111111011100110010000101011110000001000101011011001101110000111110110101100010101111100011110100011010100001000001011011
10101101101000000000011100001111011011111100000110110110110111111100101000011011011011011110010101010001110101100000000000110111000111100000010111111011101011011100100011011110110000001110110101011111010000001110010111011011111000001
10100000101101101101001111111111110000000001111110110011100000000111111111110011000000001110110101011100010111001010101011110011011111001111111101101111101000001101101110001010000101100000000000010110010111111111111111110000111101111
10001010100111101101100000000000011010101111100010011111001111011110001100011001101010101011111111000101111110011111111111010110000000011011011000000110101011111000000111011010111100101110101110110011010000000000101100011011101001111
10101010101111000100101111110110111111100110101111000001101101111010111101001111001011100001000011010100011011010101010100010011010101011000000011101100000011011011111101000000111110100011111111111011010111111111101101111000001100001
11111110100001101111111111111100000011110000000001101111000000000000011001100110011000101011011111111101000000000000010001111011111101000010110111111101111110000001010101011110000011101011111001101010000010001100101000000011111001111
11010000101101100001011000000101010110011010101111100001101111110101000011001100111101111000000000100101111010101111000100001110101111111110110000000000011010111100000000000011011000111110101101100000101000111001101011111110101101011
10000101100100110100000010110111010000110011111010101011000000010101101011011001101100001010101110001100001011100001011111111100000110111110111101010101000000000111011010101110001010110100000000001101101010000011100000000000000000001
11010101101101100110111111111111010110011000000000111111101111111100111001111100000101111111100111111111101011001011000000000001010000000010000101110101111011110011001110111111101110100101111111101101111010101000001111111101010101111
10010101101111110110000000001101111110111011011110000011000000011110001100001101011111110101101101111000111001101111110101101011110101011111111111100100001000011001011100000001111111101101111111111100110011111010100000000111111100001
11010101000001100011010110101000101011101110000011111111011101110110101001111001000000000000100000001011111111001100011111101000110101000100000000110110111110110011110111011111011011000000000000000101111011011011110111010000101101101
10010111010100110111111100100010000000000011111000110101111111110111111100001101101010101110101110100000100011100001011000101111100101010101111111110110000111111000000001110000000001011101111111010100011000001000110011111111100100111
11111100010110110000000111110111111111111111111111100000000001000011111111011111111010100010100010111011101110111011110010100011110101110000000000011111010000011010101100110111111111001100001101111110111101111111111000001110101111111
11110001011100011010110011100000011100000000000000001111111111011000101011111000001110101111110110011000001100110011100110101000110111100101110101000001010101110011111110000011010000011110111100111011101100000000001110100000000000001
10000101001101111010010110111111000001011011010101100111000101011101100010100011101111100101011111001110100110011001001111111011110110001100111101101111111100011001010110101000000111110110110110010011100110101101011111110101010111101
10101101100101100010110000001111010111111110010100110000011101001100001110001110111001110100000001100111111110111100011011011000010100100110001100111100000101111111010111111011110000000110010110110110101111111101000000111101010000111
11101101101101110111100101100001010000010011110101100101001000011110111000100100011011010001111111110100110000011001000000001011111101101111111111110101011111100111010001001111110101111111000000000000000000000101011111100111111010111
10001111001000110101111111110101110101110110111100110111011011111111110011111101000001011100010011011101110101001101111010101110101111111111111010000001110110110100000101011100010100001010011101101111111101010101001010001110101110001
11100110011101110000000001100100011100010000001101110011000010101101011001011001010100011001000110001101000111111100001111111100001011010110000010111100100000000001011100000001111111100011000111100000011111110101100000100000000011101
10001111000111010111111100101101111101000111100101100111101000100000010011000011111111001101010000100000010000000110100101011001011001010110111110000111101111101101111101010100001000110110010000110101000000011101101101101011111111111
10101100010110000000000101111000110111110000111111110001101010001111110110010110111011011111011101101111110101010010110001010011011100000000000000101100100000111100100101111101100011111111110110011111010101000101101000111111111010111
11100111010110110110111100001110000110111111110000011011111010100000100000111110010001000110001111100000011111010111110111010111110101011011010101101110001111100111101111101111101001011011110010111001011101010111101010110110000000001
11110011011100110111111110111010110010001111010111011000111110110111101011101011010111110111100000110111000011011101100110000101110001011001110111100000111011110010101010000110001100000000010110000011001111110011001110000000111111111
10000110000110100000000010000010111000100000000001011010001110110000001001000011010010110000101101100001111111000000110000110000000111111100110111001010000000110110000000111100111001110110111111011111111000010111100110111110000101011
11101111101111110101111110101010001010111101011011001011100010111111011100011111000110010111111111111111111101111010010110010101010010101111100001111110101110000110111010000110001100011111101011111000001011111101111100000110110000001
10000011001100000100010111101010101010011111110001101000110110000011000110111000011110111111010111000110000001111010111100110101111110101010111011110110100010110000011010101111111110111101000000000010111010101101011110110011100101111
11101001101111101110110001111111101011000000111111111101111100111001101111101111000010101000000000011100110100001010110001100100000000000000001000000110110110110101001010100000000110000101010101011010000000000000000110011000110100001
10001011111000001100000100000000101010010101101111110111000110001101100101000110010110101011011010111001110101111111111100110101101010111010111101011100010110110101011111101101101100101101011101111111111010101111101111001101110110111
11101000001110100101101111111111111110111111101001100000011111111111110000010000110000000001011111110011000100001100001101110101101010111110000101001110111100010101000001100100100110100000000100010000001111100110111000011100010110011
10001010101100101111101011111101010110011110101011001111111000010110110101011011111110111011110101100110010110100001111111000100111110000110101101100011101110110111010111111111111100111011111101000101100001111100001011000110111111001
11011011101001101100000000000000000111110100000000011011101011110000110111111000000010001110000101101110110100101100000001110110000010101100111111111000000111110001010101011011010110100000000111110100101011010001111110010011101101011
10011000101101001101011111101101010011000001111011000000001010000110110000101101010111101111101100001011111110111001110100110011010110100110000111011111110000011011110000000000000111101101111110111111111000000100100010111011100000001
10111101101111101101000001101111011000010100001110011111111010111111110101100101111101000010101101100001011100111100111110010111110010110010110000010100010111110000110110101010111101111100000000001010011111011111101111100000111011011
10001100101000000101101111001011111110110101011111000000000000000000011111001111111101011010100000110100000110000110000010110101110110110110011011000001010000111011100010111110010101010101101101111010110111111000000011110110011111011
10100101111110101111000001100000110111111111000011011111111101011011000001100110010101111110101010010110111100111111011010111101011110110010111011011111111110011000101010000111000000000100101101111000000000000011101000111100110000001
11110100011000101000010111110111100000000011011011000011111111001001111111001110110100101110001010111111100110001001011010011101001011100110101010001010100110110011101010110011010110101101101100000010110101011011111110101110010110101
10000110111110111101010000110000001110101111011110011000000011011100101111011100010001101010111110000101001111100011001111000101011001110110001011101010001110011000101010111001110111100111001101111111111111001000000010000110110100101
11010010110000011001011010011010100011101101110011001011011001110110000000000101110111101010111111010000011111111001011000010000000011011110111110000000101011001010111010001100011100001111011100000001000001111110111111101100010110101
11011010011101001101011010110010101000100000100110011110001100100011101111010001110000000010001011111111110110001111111110111101101000000010000111011011111011111111111010100110111101100001110001101011011111110110111101111110111100111
10011010111101011001011010110111101011110110001110110000100110001000100001110100000110111000111010101000010110111111001010001111101011111111101101011010111010111111101111111100100101001111110101101000000000000011100000000111101110111
11111010100001111111011010110001101011011111011011111111111110111111110101110110111100001010000000000011110000000001100010111000111000000000111001011000000000101010100101011110001101100001010100101111111111101000001111111100100110101
10000011111100000011010010110111001000001011000001011000001100000000011111010110011111111111111010101000000111111111001111100011110010111111110011111101010110000010001100000011011111111011011110100111010101111011100000110101101111101
11110110000001011011010110110001101011101011101011000011011001010101001010011111000111000001111111111011111110000001011110001111011010001100000110100111110010101000111001011111111111000000001010110000000000011000111111100000000011001
10000011111011001011010110010111111000100001111000011111001011011101101010111100010000011111000001001111011010111101011011100010011110100001010100001110000110101011110011110000001101111010111011111010111111111111111110101111111111101
10101010000011011011111100110000001101111011011111000001011011000101001000000110110101001110011111011110010000000100001010001110110000110111110001100011101110101000000110110111111101011110000000110010010110100010000000000000110110101
10101110101001110001101001111010101100011000000001101111111111110111100011010011100101100000110110000000110111111101100000111110111111111111111100111111100011111101101100110101011000000110110111111011000000101110111010101111110010101
11101100101011110100001011100011100110110011110100101010001101100001101111111000111111001010000000110111100000000111111110000000001000000001001111111010111111110111100110110101001101101110010000011001101010000000001110100001011000001
10000110101000010110101000110111101100011000010101100010111000110101000000001011101000011110111111111101110111111110001111111111111011011111011010101000000000100010110100000000011100111100111011011011001111111101011111111100010010101
10101111111101110110101111100000101110110011010111111000000010100111010101111111001111010100000000001000100000000000111011111100001011110010000000000011011111101110011101111101110110000110011111011011100000000111110011011101000111111
10100110000000011100100000110110100110110111110111000011011011110011010101010101100011000110110111011010101011010111101000000001111000110110111111110111111101100110111000000100010110110111000001110010001111110010110110010111111111111
10101100111010111110101111100011110100011100000001101001011110000111010100000000101110010100010011111011101111011111100010110100000010110110000000011111100000001110001101111101010100111101010111111010100000011000000011010110101010101
11101111100010000110100001101001010110111111110100101011000011101110010110111111100011011110111010101011000001001000001110111110111111110000101011111011001011011100111000000111110110001101111110001111101101111011111110010100001000001
10000111101011011110101011101111011100000111111101101011011110100011010011110101101011000110011000000000010111111011011110011010001011000110111111000000011111000110100011111110100000111000011000101110000100001010111010110001100010101
11010100001111000010111010100000011111010000000111001011000000111111111000000000101011110110111010110101110110101011000011110010100000010110000000011111111101110100001111111010001010011101110011111000101111111000101010000101110111111
10011110111000010110011000101011000001010111010001011001101010011011111010101010001110111100001011110100110000000001101001100111101101011111011011110000001000011110100000000000101011001000010111011110100000101110100000101100010011011
11010000100011010011011010111011011011110111111101111100111011010001010011101010100110001101011000011101110101101100111100001101100101000001011000000110111010111010111111011111111001100011000000000011101110000110001101111111111000001
11010101101011010110001010011011011001100000011000001110111011000100011001101110110010111111111010111111011111000110110111101000101111110111111111111111101011100000000011000101011011001011110101111110000011101100111000000111101111101
10010101001010010011011011111111110011001010110011011000001111010101111011000010011000001010101110100110001011010010100001100011111010110001110111000101000001110111011111110000011001111001111111111110101000111110001011111100000101111
11011111101011011011011111101101111011011010111011001110100110010111000001101010110011111000001110001100100001011110001111001000010000010111010101110100011100100001011101111101111100001100000000000011101011110100111011110001010000111
11110000001010011010000110000000011111011010011001011000110011110011011011111110011000000010101011100001111111111111100001101011000111010001010100110001011111101011010101001100000110111111011111111111101000000110001000000111011010001
10000101011011001011010000110111110001011011011011001110111110011001010000010111111010110111100001101011011110110001101011111001010001110100000101111011110001101111110101011110111100000011000100000000111101010110111110101111111110101
11110111011001101011011110010011100111011011011001111000101010111011011011110101110010010001101100101000000000000111001000111111011011111110110000011010110111000101100000000110110101010111010001101110000101011110000111111100001111111
11000100011011111011001110111000001111110011011011111110001000001111110000000000011010111011101101111011111010110001111010000111110001011010010101000000000101011101001101111100000101110110011011000111111111111100111101010101111000111
10010101010011000011100010011011011100011001010000000010100011111100011010111010111010001000111001011000011111110100011010110000011111011011010101010101110000000000011000001111111100010010110001110000001000110110000000000000010011101
10110101111111111001101010110011010101110011111011011011101000010101110010011110001010101101111100001111000000011101111110110101111111010001111101110100111011111110111101100000000110111011111011111011111011110110111101011101110110101
10100100110000000011001011111011000000011001101011111000111101000000011011000111111010111100000110100011101101001101110111100100000001010111101100010101101000001011101100101101011111101000011000001000000000000110001111001101110110101
10101101100111111001101000001011010110110011000000001101100001110111110010010000011010000101101110101010111101011000000000110101110100010000000101011100001011100000001101100101010011100011110011011010111010110110100011111100000010101
10101000110100000011001011011011011111100110010101111111110100010011111110110101111110111101111011111000110111111101011111110101011101000101111111000110101000110110111111101111000110111111010111110010011110010110111000110101101000001
10111010110111011011011011110001000000110011010100110110111101011000000110010100000010001100000000011010000000110111000001011100001111101100000001101110111101100110011000111011010010100000010001111011000111010110001010000111111110101
10011110110100010011011000111011011011111111110110000000011111111011010110111101011111101101101010110010111010100001011111011110100011000101011111111011100001110011110010000001011000001011011100001110010001111111111010111110110110101
10110100011111110110010010001001111011101011111100110101000110101111111100101111000000100100111110011010001110001111000000000111101111101111110000000011111100111000010111011011111101011111111110111110110100101011111010001000000010111
10110101010000000010110110101101110000000001011001100111010000000010101101100001010111111110000010110010100011011111111101011101111011111100100110111110101110001010110101111000000111000000000010000011111101101010001010111011111010001
10100001111011101111100100100100011010101100001100110001110111101000000111101111110000000111111111111010101110010000110101111100010001010110101111110110000011011110000000001111111111011011010111011011011111100000111111111000111111101
11101011000010000100110110101101111110101101011110110100010001101010110010101110110101111101011100110010100111000111100100000001110111010100000001010000111001110111111111111101010101111110011111111110000110101111100101000010000011101
11101111101111010001100011100111101111100101111000011101011011001010011000000000011101110000000001111011110001010000001111101111010001010110111111000110001101100000000111011001010101100011111010110110101100100000110000010110101110111
10000010111110011011110110001111000011111100001110110001111001101010110010101011111100000110101111001011000111111010100011111110010111010100000001011111111111001111110000001011000000001110110000000000111101101111111011110010100000111
10110110000000110000110010100001101000010111111000010100001111111010010111101000000111110110100000011111110000011010101000111011010000000001111111011111101011011100111101100000011110111100000111011111111000000011001000010111111111101
10110011101110011011100110101100001011000000001101011101100000011011011100001110111111111100101011000011000101111111111011101010000101011011110111000110100000010101101111110101000010001001111111000010101101101001101011111101011101101
10011000101000110000101100100111011111101011011001011000101011111111000111100010111000000110101111010111101100000000111000000000101101011000000000010000001011110000000000011101111111111011011001111110101001111011000011101000000100101
10110010101101111010101110110100000010111111001101111101111001101101110000110110000010110011100110011110000110101101100011011111100101001101101010111011011000000111111110111101110011100000010011110110101011011111101010101011111101101
10110110101101011110100011111101011110110101101100011000001100000001110101100011011110011111101111011011110110101101101001000000111111100100101011101110011010110000001111110111010110101111110111010000100001000101001000000001100100001
10011110101111010000111110011111000000000000100101001110111110101100011100101111000111111000111010000000010011101111111101010110000001101101111000000011001111100101111011000010000000000110110101010111101111011100011101011100001101111
10111011101011000110111011010111011101011101110101101100110000100111001101100101101101000010001011010101010110000000011001011100101100111001011011101111100000101100000001101110111111111100110100000000000000010101010111000101101000011
10000001101001110110000011000000000101001111111111001110010101110001011111110001100000011111111001111111111111101101111101001111100111111100011001100110001111111101110100000000111011101101100101111111110101000001000001101100101011001
10101101101100000011101111101111011101100010101011111000110101000101000000011100110111110101101011110001101100000100011001101000110000000101001111001110100001010111111101101110000000000000110101000000011111010111111011001110100011111
10111100111111011010000001111100001111101000000000001101110101101101101101000101100001110000000000011011100111101101111101100011100101110101100001011000110100000001011100100011011101011010000000011011001011110000001001100010111000001
10000110110011011011010101000110100110111101101011011001011101001001111101101111110100010111010111111010101101101100001101101011111101111111101111111010110110101100000110111011011101011110101010110001100000010111011100111110100011111
10101111111000011001110101010000110000001100101111001100000111011100000111111010110101000001010000000000000000100110101101001000111000001011000000001110110011101111101100011010000101000010101111100101110101010001000110000011111000001
10100110001101011101110101010101111011011001100001101101111110011001010011000000110101011011010110101110101011111111111001111010001101100001101011111100111110000000101111001011011111101111100000110100111111010111101100111111100011111
10111100100001000111000101010100011011011100110111000100000011001101111000010110110101111111110111100011111000000000011101000011100111110100101111010110000011010110100111011010011011000001111110011110000001110110001110110110101000001
10001101101011011111101111111110110010000110010011010101101001100101100010110010111100010001100000101000011011010111000101101000101110100110111110000011011011010010110001011011000001101100000010110000101111000011100110000010111101101
10111101001010011000001010100000110111011111111111110100111111001100110111110110100001000111101011111011011110010001101101101011100000111111111000101111001110011110111011011010011011101001101111110101100001101000110011101000011001111
10000111101110111111100000110101100100001101101010110110010111011110110101100110110111111110111110001111010111011011001111001000110101100000000011111101100111000110001001011111011000111100111101011100110111111101111000101101001100001
11010110001100011000001111110100101101100101000000011111110101111000110000110010100000110100110100100101000001001001100001101101111100101110101000010100110001011111101111110000011010111110000000011001110010110100001101111111101101111
10010011100110111110100000011101101100110000010101000000100000101110011010011110110110000001110101110001101011011101101111001000000110000010111010110101111111111101100000010110111011101010111011011111011000000111111111000001101000001
11010110001110011000101010111001101001100110111111110111101111100011111110111011110011101111100000011100111011000101100011111010101100101111111110000000101010010100101011011100001001000011111111110010001010110000001010010111001101101
10010011101000111110111110001100111111001100101001110000000000001110010010000001100111000010101011001111100001110100110110110011111101100011001100110110000010110101111111111001101011011111100110011000111110010110100000110001011000111
10110110001011101000001111011001100100011110000011011011010110101011000110101111110001011000001001111011110100011101100000011000000100111000011110111111010110000000010101110011111000000010101100110011101110111100101101110101110011111
11110110101010001110111001111100110111011111011110001010010011100001010011100000111011111101011100100000011110111111110101010010101101100011000010000011110100101011000000011110010010101110000101111010000010000110101100010100111000001
10000111111111100000101011101001100000001100000011011111010111001100011001101110001000001101000110001011111100000110100101010110100101111011011010111110110001111011011101110011000110100000110000000000110111111111100110110110011010111
11101100000001111110000000001100111101011110101000000111111110011101001111000011011010111001110010101111010111110000101111010111111100011010011010000000011011011111011111110111110010101011110101101101100000000000110110010010110010001
11100111010100000000101101111101100001000110101010110010100011000111100111111111111110011100010110100000000000011011111000010000000110110011011010111101011000000110000010000001100110101000011101100100101111111110100100111111100110101
10001100010110101010100100000100110101010110101010011000001001010000110000000000000010110001010110101101010101001000001101010101010010110110001010000101001101010110101000110100110110101101000100101101100000000010110110000000110010101
11111111111111111111111111111111111111111111111111111111111111111111111111111111111111111111111111111111111111111111111111111111111111111111111111111111111111111111111111111111111111111111111111111111111111111111111111111111111111111
