111111111111311111111111111111111111111111111111111111111111111111111111111111111111111111111111111111111111111111111111111111111111111111111111111111111111111111111111111111111111111111111111111111111111111111111111111111111111111111
110110101000010110110110001100110101100110110010101100000110110000011010000101100101000000101010100010101001100011001100000110101100001010000010111101101010001100001010110011010101010011001100001011001010011011000010100001011010000001
100000000011110100010011011001100000110110100110100111110100111111000011101100101101011111101010001110101011111001101101010000000111101011111010011001101011011101111010010110010101011001101001111001100010110010011110101111011010111101
110101110110000001110110011011001110000010110010110101100110101011101110001110001100000011100010111000101001101101100111111011010011100001010000111100101001000000000000110011010100011011001100000011111000010110110000100101010000011111
111101100011110100010100111001101111111010111010100000110100101001101011100010111101111110111000001110001011001100110011001011111110101111011101110110101011011101111111111011010101110011011001011110110011110000011010101100010111110011
101001111001111101000110101011111000010010001010101110110110101011001010101110000000000110011101111100100011011110111001101000101010000101010101010100101010001111001100011010000000000110001101110110011000110111110010100110110011011001
101011000011011111110010101001010011011000100000111000110110000010011000100100101010110011001100010111111011001010100011101011101011101101010000010110000000100011100110111011011101111111100000100110110011110000111011101110000110001011
101011111000000110100110100011011110001111110110011110110010111011011110101101111010011011011001110101010001011000001111001000000001101001010111110011011111101001101110101011000101000101001010001100111000010111101001101010111100111001
101110010011111100110010101110010111011111011111010000100110100000001010000000011110111111001101010101011101001110111101101011111111100011000110011000000011111111101010001010011101101101011111011110001101110001101011001010010101111011
100111011011001110011000100011010001010000001000011110001111111111101010111011001111110101011001010100011001011000010001101010100010111011011100111011111110010011001010111010111111100101010101111000111000010111101011011010110100000001
101100010011011000111110101110011101011011101110111110111000000000000010111111111011010100011100000111001100001110110111001000001010101011000110101010101010110111101000011010110110110000000000101101101101110000000000000010110101111111
101101000111001110101000101011011000011111001100110000101111101010111000000110110001010001001101111101011111100010000101100011111110100011011110000000101000000011000011111000010010011110111010000101101000000111101010101010110000000001
100111110101011000101010000011011011110110011110111110000110111111111110111110011011011011111000011100011110101110111101110111101100001010001100101111101011111111101111100011110110111010101111111101100011110000101010101000010101011011
110011000001011110101011111001011000110100111000000000111100110100000100001010110000011010011101110111001100100110011000110110101001011111101001111010100000111001100000111000110110101000100101011100101111111101111110101101000111110001
111011111101010110001010001100001101100110101111111110000110010111110111011010010111010010110101110011100110101110110011100110001101110101001011011010001111101101001010011011100110101101101100000110000000001100111110101001110001111111
101010100000000011011111100111011001101100001011010000111100110110100100001011010101111000010101010110110000101000011010101100111000100101100011011010111111001100011111110010110010101100000110111111011111101101101011101100011011010101
100010111101111011010110110001011011101111101000011110000110010110110111011011010000110010110001010100111110000011111000000001101010101100111001011000000001101101111110011010111010101101111110101100001101111111000000111001001111000001
111010011101001011000000011101010011001000100011111010101100110100010100011011010111100111111011010110100000111000110010111111001011100101101011011011111111000100001011010000101010100101101100100110111000001011101111111101100101011111
110010110111100001111011110001011011101110001111001010111110110001000111001001000010001101010001010100110110001111100111110111100001101101001011001001000111101101111011011110101010101100001001101100010011111010101110000111001101010101
100110110010111011010001010100001001100111100001101010010110011111110101100011011110111000011100000101111100101100110011100101001111100101100000011011011101100100010011011000001010101101111011100101110110101000000000111111111000000001
110100111000110011010111011110101011001101101111001010110110110011000100001111000000000010110001101101101110111001110110110001011000001101101011110000001001110101110111001101011010001101110000101101100010000010111111100101001101110111
100101101110011011000011011011101001101001001101100010010100011001110111011001011011111111100111111101101010110011100010111011011111011000111011000101111011010101100001011001111010111000011110001000001000111111110110110101011001010001
110101101010110001110111010011001011001101101101111010110111010011010101000011001011001011001100011001100000110110110110011010001101011011111011011111110001000000110111010011101010101011110000100011011111100101100110010100011101010101
100100101000011011010110010111100001101100001100000010010110011011000000011000011111011011101001111011111101110010010011001010111101010011100000000010011101011110000011011010101010000001011110111001010000110001110110110101110000011111
110001101110110011000011000010111011101101011110101000110111001001111101111101110101011010100011010001101001100110110111011010110101010110110111111110110101000110111010011000000000101011010100111111000111100111010110000000000101001011
111101101010111001111001111000110010100111011011111110010011101101100001010111110101010000110111011100101101110110100101010000100101010010100000001100100100011100001111011101111111111110010101100011111110101101010000101101011101011001
101101000000001100010011011101110110101110001011010100110110001000111100000111000001010111100001011001101000100000001101010111101101000110001111100110110001000111100101001100101100110111010000001110000100001000000111111111111111110011
101001010111100111000110010100100100101011101010000001110010100011101101111101011111010110101111001101001110101111111100000000101101011111101011111100100111110000111100011101101001110010000110100110111101111011111111010111110110011011
100011111101110001110111010110110110101010101011101101010111111001101101101001010011000110101101101100011000000110110110111111101100000110000000000110101110111111110110110000101011010110111110110000000000000000011000000101010100110001
101000101001010100000001010100010010101010000001111100010011011101100001101011010110011100101101100110111111101110000110001110101101111111110111111100101100000101100110011011100010000000001011110101101111101010111111011100010101100111
111110101101010101011101010111011010100011110111010111010110001000101100100001010111001110000101110010010100001010111110111010001101011011100111011110001110111101101110110001101110111011101011011111100001111111110011000110110100001111
100100001101011111111000000100000010101110110110000000000011101101111110001111010101100000110000000110110111100010110000101010111001011000110000010100111000001001101010011100101010001111111001000110111101010101000110010100110001111101
110111101101001010101111110111011010100110100011111111111001101101010010111100000001101011111111111100010110001110011110001000101100001011110111110001110010111011100011010110000000111110011011011100011111010101011100111110010111110101
100010000001011010001011010011111010101100110110010111101011100101011000010110111111111011011000011001110011100010110110111011101101011000000000011011100111101010101010000110111111101011011000000110110110010101001001101111010101000001
111011111100001011101001011010100000000110010011000000001010110101011110110110110110010011000011111100111011001110110100010011101101111011111111110000001111101010101111110110111000000011010011111100000011000001011011000101000000011111
100000000001011010001011010000001101110100110111011011100000010101010100000000010011010110011110011001100001011000010101000110000100101000111101010111101010100000000101000100000010101111010110110101111110011011011010011100010101010101
111111111111001011101010011111111111110001110001011110111110110001010101111111110110010100110111011011001100001011110101111111110101101011100101000001100000001110101101110001101111111101000000000000000100111110001010110101111111110001
100000110111100011001011001011111111011101010111110100110010011011000000000010010011000001100010011001111111101011010000100101100101101000110100010100110110111111111101011101111001011001011111101010101101101111101000100100101010110111
101110000101111001101000011010001100011001010010100001111011000001111011111000110111111011101110110011010001101011010111101100110100000010000001011110111111111001010100011000011101001100000000101011101101101010101011101101101000000001
111100110100101011101011001011101101001100010110111101101010010101000011101111110011001000101010011001011101101011010111000110100001101111111111111011101101101101010110111011110101011101111111111011111000101010101010000100000011111111
110111110110000001001111101011000111011001110110000001101011011111111000000100010111100011101000110011010000000000000000010100101111111101100000110001101101101101010110110010010100000000000000111110001101101010101010110001101111000001
100111000110101101101101101001101110001011100111110100100011000110001101111101110000110111001011111000011101010110110111111110001101010000001110010111000000001101000100011000110001011110101111101100111001101010000000111111111110011111
110001101111111101101001000011000011101000110011011110001110011111100000011000010111100001011000101011011111110010010000000011100100000110111111110111101110111001101101111011110111000111111110101101110011101010101111101101011010111111
111101000101100001001101111001101111101011110110011011100111010100111011111011110011001111000011100011110010100111111111111110101101111111110001110101100011101101000100110001000011011101111000000000011000101000100000000000001010110001
101001110100111101100001011100000110100011010011010000001100000110101001100000110110011101110110110110110110110011001000010100001001100011000111000000001111100100011101100100011111001000101011101111111110101011111010101111111000010111
101101100110100000111100001111101100110110010110011111011111011100100011101111100011000101010110100010110000000111101011110111101100001111011101011110111010110111011001001110110101100011101011111100110000001001011111111000011011110111
100001001110111101110001101000001101100000110011010100001100000110110110101101101110011100000110101110011111101101000001010100100001111010011101010111110000110000001101011111110000111000000000000101111011011011010101011010111001110001
110101100000100001011101001111100101110110100110010111101110111100110010101100101010111110111110100100110011001000011111010110001011101010110100000000010111111111011101001101000111100011011111111101010011111001010101000011101011010111
110100111110111100010111101010110101000111110111010111100100010101100110000110100000010100011000101101111011100011010110000011111010100000010110111111110101101000000101011000010001111111111010011100000110101011000000011011000001010001
100110010110110111010110000000000001110001100011000000110111010000110010111110101111110101111110000000110000001111110011011110110000101111110010000000000000101111110000000011110111001110110000110111110010101011011110111110011111011011
110011000000010000010011010110111101010111110111111110000101010111100110011010000100110000011011011110011101101111110110001010111110000101011010111111111111101101111011111000011101101010000111100011010110101011000111110100111000000001
100111111111011111000111111111100001010101100110110011110100000100110111001010111101100111110011000011001111000011010111100000001100111101000000001101011110000101011000001011001000001010110011110110010010100000010101010101101011111011
111111100001011001101100101101111100010100110110000110000110101101100001100010011100110010100110011111101010011111010011001111111110111101011010100000000011110101011011111111111011111000011110000011011010001111111101010000000000111001
101011001100011011000110101000110111000001100011101111110000111000001100111010110101110110101110111010111011011010010111101011011000000100001011110101111110100101010000110000011011010010111010111110000000100001101101000101101111101101
101010011001000001110110001110000011011111110110100101011010010010111111101000010101100110101010101000110001001010110110101011011011110001011001011111100100110101011011100111110000000110101000000011011011110101000101011111111000101111
100011111111111101010111101011111000000001010100110101001111010111111010101111000000110100000000001101111101011010110110101011010000111111111100001010001101100101001000001111010111010110100011111111110011111111011100000010011011101011
111000000110000000000010101011001111101101000001100000011100000101001010100110011011110101111101101101010000010000000110100001010111101000001111111011011000110101011011111101010101111111111000110100111000111011011101101000110001000001
101011101111111011011010101000011101000111110111111111010111101101101010110011011111100100110111111100010101110111111110111100000110101011011010111000011101110101000001110100000000101101111011110001100010010011000100101111111011011111
101110100101000010011000101111011000010011000110110101000001001001100010000110010110110101110110110001111101100001011000110001110000100011111010001111001001010101011100000001010110001100100001011101110111110110011101111001100000010101
100100110101111011010010000011011011011001101110000001111101100011111010111110110110110101010000111100101000101111001110011100011010001000101010111001101011000001011111111111111100111101101111001001010110000011001101011100110111110101
110110010101011111111010111000001110011011001011111101100000001011000000001100010100110101000101101101101110000001011111011001111110101010000000000011000001011111000010101110101111110001100101101011000011011111011001001001100110110101
100011000101010101000011110010100111110011101011011000111011111011111101111110110001100000011111001001100010111111001010011100001111111111111111111111111100000000011000000000000001100111101101100001101111000101011100011011001100010001
101111110101010101101110000111110010100110101010001101101111010001011100010110000100110111011011101100111000111011101011010001111011010011101010101110010101111010110010111101111111001110101101101111100001011101010101110001101101110111
100110000000000001111111111111111010110100001011011001101101011100010110110000111111100011111001000101101110000001101010000111110000010110100000000011000000001011111010000111001000011000101101101110101111000101010000011011000101010111
110010110110111011011010001010110000000111100011011101101000010110110010111011101011001010101011011101001010111111100011110110000101110010111011111111111011111000101111111111101011111110100101101010100000010100000101111001011101000101
100111111111101011000000100000011111010011001111001101101111000100011000101000001010011010100011000001101010001101001111100000101101011010011011010110010000101111101100101101100000110010110101000000001111111110111111101100000000010001
110101010010000001111110111101000001111011011101101101101011110110111110000010111010111110101111011111101010111001011000001101111111001010110001000011010111100100000001101100001101100110110100010110100011001100101011001101101010111011
110101011011111011001000100001111101100000000100101101000000010100010110101110111000001100000101001010100010001100011111101111010110011010110111011110010101101101011111100001100100110010110001011100110111100110100001011000101011101111
100101010001110001101111111111000000001101110110101001011111010001000011100011101010111111011101101010110110111001000111100010000110110010110111000011010001100001110101001100101111110110011011011111111101110010001111010011101000000001
110000010111011011100001010000010110111001000100001011111100011011011111001111101110001100001100000010110010001101111100101110111100011010010101011111010111101111110101011111101010100000111001000100101101011010111010000110001011011111
111101000011010000111100011101111110100011110001111001110111001111000101101010100110111111011111101110110110111000110110001010011001110000110100011001000001000001010000001010111010101011110011111101101101010000000000110011101001000001
100111110110011110101101111111101011111111111101011100010101011101110101101000101100011001001011001000110000011011110011011000111011011011100001111101011100010111010111111010110010001110000111110101101100000101111010011110111101110111
101110000111010100101101110010101011011001000000000111000000001001100001101011100001001101011001101011111011111001100111010011101001010000110111110101001111111101010101000000011000111111101101010101101101101100111111111110110111110001
101011110100010110000101011010101011001101111111011101111101101011001111001000111101111100001100101001101000001101101110000110001011000111100011010101011011101101010101011111111110001011000101010101000100100110100000000000000010010111
100001110001000011110001010010001011100100011110001101101111000001100001100011100000101001111110101011000011111000101011011110100001011110111000010001010000000001000000011010010110111001011100000000010001111110001111111111101000111111
111011011011110110111011011000100010110111000011100101000111111011001111001110111110001011011010101011011111101101100000011011111011000000111111010111010111111111011111001010110100011100010101101101010111011011100000000111111111111101
100000011111000010100011011111111010100101111000001101110001010001101001100110110011100011011010100000011110100101101111001001100000011111101100000000000001001111000001011000010101110001110000100101010000000000111011111100000000010101
101111001101111000110110001101000000110101010011100101100100000111101011101100011000111010011000101111110010110101100001111011001010110111000110111011011101011001101111111011110101110111010111111111111111010110001000000101111111110001
111001011101011110100011011001111110000000011111110101101111110101001011000110111110110010111110000100000110110000101111110011011110000101101110011110000100001011100000101000110001010100000000011100101111110110111111111100010000110111
111100011000000000001110011100011100111111000100000100101010000001100001011100101100011010110111110101111110010110101011011011000011111101001100110011111111011010101110000011110111000001101101110110000000011100000000000001000111110101
101111001111111101101011010111010111100001010110110101111011111011110111001101100110111000010011010000001010110100000001011011011111011101101101100110111111111000000011011110100001011111100111010100111111111101011010101111111101000001
101001101110000001101010010101000101111101110111100000110000000010100110011100101100101110110110000111111000011111011011011000000100010100001101001110100101110011111110001100110111010110111111010101110101100101001011111110111000010101
101101000011111011101011010001110100001100110101001010111111110110110011011001101110001100000011110100001011111010011010001110111101110111011000011000001101011011011011101101100010000000010000000000100000001111111111011000000010110101
101001111010011111000001011101100111011001110001111110101000000100000110011100100011100111101110000001111010110010111110111110000000010100011010110011011101011001000000101001001000110111110111101111101111011010100000001011110111111101
101101010011001101111101010000110110001101011100011000001111110110110011010001101110101101001111110111000010111010111100101000111111010001110011100111110101011100011111111100011110010101100101111000100011110010101111111000010011101101
100101011001011000000000011010000110100000010111001110111111000011110110011101000110101001100011010000011110011000011001101110110001111100011001110101100101001001110000110001110110111100101100000010001000111010100000111011111110101111
110101011101011111111111001111110011111111010100011010011001111011010100111000011100101011001111010111111011000010111100101010110111101101111011010100101101011011010111111100000010001101100001111011011110010000001010100001110000000001
100000010101010011000001100111100110011100000111011010111100110001010001101011110110000011101100000000001001101111100110000000000000101000101010010001100000011010000001111001011111011000001111111110001111110101011111110100011011111111
111111010101010111111100110010110011000111110000000000010110011100000111000000000011011010100110110110111011000110001100101011111111101101101000110111001111010010111100110011110101111011100111000011100000010111110101010111001000000001
110100000000010101100110111010100111101101111101101111000000111111110001010111111110010010101110011111111011011111011001111001111101100001100010000001101011111010000111110111110000101010110001011001110101000010110101000001100011111111
100111010101000001001100000000110010101101000111111101011010010010111011110110011111111010101011000001101001011001011100011111000000111101101111101100100010110000101110100001010111100000011100001100011111101000000000010100101000110101
110000010111110101101111011010010110101101110110110001111111011010101010100110110010110010100011101111101101001101001111000101011111100000000001101111101000000101100000001111010010001101111110111111000000111101111101010101101111100001
100111010110111100001011001111000000000001000100111101100100000000000000110100010110110110101110100001001101011101011001011101001010110111111111100001101011111111111111100100000110111000000010001011111110000100000101010101100001101111
101100011110101111101011101111110101011100010101101100110111111111110110000001110010100110000110101111011101011001010011001101011000110100000000111101101111111010110101111101010000011011011111111000110111101101010111111101110100000011
101001010010000110000010111010000111111101110101101110000001011001011100110111011000110010111100100001011000001011011010011101001110100001101011111111101110000000010000000001010111111001000000000010000001111111010110000111011101101001
111111111011110011110110011011111110100111100100100111110100001101001111100000010010011010110110001111001101111011010000110101011010001111111111000110001000101111000101111011110000001101101111111110101100110111111100110011001111111101
111110000001100110000000110011011010110110110110001101011111101001011011111011110111110010000011011101100101101011000110000000000000100000010101101111011011101111111111111111000101011000100001110111111111100101100001100111100110111111
101011111011110011110111100110000000000000000110111100001101101011011000011010100101111010110111000100110000000000010011010110101011110111110101001011011010111000010111000101111111111111101111000011010110001101101111110100110000101011
100010101001100110000101001111101111010101010000010111100000001011011111010000001101010000011101011101100110110101011011011100101000011101010101011011000000010011110000011100100010101011111000011000000000111000000010111101100101100001
111010001100110111110101100011111000011111111111010110110111101001010010011101111001000111111001001000001111110101111011000110101101111000000000000001011111110111100101001001101110001000000010111101111011101011111110011000001111110111
110000100110110001100000001110001111111100100000000100011100101011011000110101001101110101101101011010100001100100101011011111111100000010101101111100000000000000001111111011001100100010111111110000111000000000000010111110111010110101
100101110000000111111111011011011010110110111110110001001110000011001101110101011001100100100000000010101100110110001111000000110001101011100100000110110110110101011000000001100001101111100101011110001111111111111110100110101010100001
101111011111110001100101000011011000000100101011111101100100111011101001100100001100001101101111110111100111110011101101101111100100101011110111010011100011100101000011111100001011000000001101001111111111101101101010101100000000001101
101011010100111011110101101110011101110110100001101100110001100001101101110001011110100000100000011111110000011110000001100000110101101000010011011011110111111111101000000110101111101010100000011000000000000000000000000001011011011001
101001010001101001000001001011010111010100111011000101111111111101101000111011110011111010001011111010010111111100101100101010110100101101111111111000010000101010111101010110100000111010101010110011010101010101111111010101110001111111
111101000100001101111101101000000110000110001001110111101110101000101011100000011011010011011110000000110000000110100111111111100101101000000000110010111010000000010111110110111111111111111111110111111111111111111101011100011011101111
100001111111100000001100101101111111110011101011000010100010000010000011111011111010011011110111101111111011110010110001010101111101101101101010111010110010101111000000010110000000000001010101010100101000101010000001000101001000000001
111101111001111111100110101101010100111000000011111010111000101111111000110001101010111000100011001011101000010111110100010000000111101000101010001010010111100001101010111111011111110111010000000101101011101010110111111111011011011111
100001001011000000001100000101010101101111111010100000111101111000000011111011000010000010001000011010101101111101100110110111110000111101111111011011010000110101111011111101000000111110000101101101000001000000010000000111011001111111
111101100001110101100001110000010101101101001010111110101111011111111001011001110110111010101111000000000111000100110011100000011011110001000101111110010111111100111001010001101111101010111111000000010100011010110111011101111100000001
100000111101000111111011000110110101101101101000101100101010001101001100001101010000011010100001010101111111101101111011110111111111011100010000000011111110011111101111010111111100100000000001101111010101001010010001110000011001111101
111110000000011100000001101110110101101000001110100001101011011000011111100001010110111111101111110101101101000000101110000000010100011101011101111110101000110000000100000110010101101111111011100011111111011111011100111011111100000101
101111010110111001101111111000010101101111101100111101100001001111010101101111010111110101100000110100000000010110100100110111110101110111110000000110101011100101010101111110110000000000001010111000100111110101000110000000011001111111
100001011111101111111100011111010101101100001001101000111101011011010101000110000001100000111011111111101011111111110101111100000001010001111111111110000000001111110000000000000111110111111110111010001100000001110011010101011100000001
111100011000000000000001000000000101001111101101101101101101001010000001101110111111001101111001011000101000001101010001011101101111010111011011001010101010111000010101101111110001100000000110001010111101111111111111111111000111101101
100001011101111011011011101111010000011000000000000001000101101011111101000100000011011100001100000010101111011101011011010101111001010000000011011010111110001011111111000001111111111111111110111011100000000000000000001011111100000101
101101010001011011110010111000011011011111111101101100010000100011000000010001111000010101111111111111111111111000011000000001011100000111101000011000000011111011101011110100000000011110001100011000110101011011010111111000011110101111
101001011111000001100110111101010010001010111111111110111110111011111011111101011011110111010011101100011000110011110011101011010101111111111101000011011001000000000000111110111111110000100001001011100111110001111111000011110111100001
101101110111110101001110101111111111100000000111011011110000101010101111100000001111010010000110100101111101111000111010111011000000000000000111101111111100010101110101101011111101011011101101111110110001111101101000011000010101111111
111111000000000111111010000100001110001101010000000011011110100010101110111101100101010110110110101101011101101011101010001000010110101010111110100001101110110100011100000000100101010000100100000100010111010101100010111101000000000001
111011110111010110000000110111100000101101111111111010011010111010001010110000110000000000111100000000001001000000000000101010110011111010100000110100000010110101000110110111101100000101111101010001000000000111001111111111111110101111
100000111100010011110101110000001110101001101111001011010000000000101000000110011110110111101110101011011011011101101010101111111111011111101101111111110111100101111111100000000001111100000101010101010101010010011101011000000010100111
111110000001010111100111000111101100111111000001100001011111011011100011010011000011111111000100111111111010000111101011111101001100001101001111101011100000110100000000110101101100000101011101010101011111111000110000000011111010110101
111111011011111110001110010110000110110111111101001100010100011010001011111001011001011101011101111110101010110000111001011001011001111101011010100000101101100110111101100111001110111111111101011111000000001010000111011000011111111101
100000001110101011100011011111101111110000001101101001000001001111101010000011001011010100000000001010101000011010001100001100000011100100000010001111111111111100001111110001100010001010000101000001101101101110111111111111110101101101
111101111110000000001111111101001100000101100000001101101101011110001111110110011000000001011111011010100011111111111110100001010110110101101110111010110110111001100010111011110110100000101111101011100111101111111101100000000000000001
100001100011111111011111110100011111011111111110100111001001110000101100000011110011010111000011111000001000000001101011101011110010000000111100000000000000001100101110001000010011110111100000101110110000111011000000101111111110110101
101011111010000000011011010001001100010000000000101111101101100110101111101000011001010001111000101011011011111111100000111111111000111010010001011011111111111110100000101111111111100001111110100000011011111010010110101101000111111111
101111010000111101010000000101111111111111110110101100001101110100111000001011111011110111111110000001111000000010101110000011011110001011000111111011110011110010101010101111101000101100000011110110111110000000111111101101011101101011
101000011111111001111111110101100001101110000110111001011111000110100011011000001000110000000111110100001010111000101011111110000011011011010000101000010110000111111110100000000010101111111011111100001110110101101101100100000000000001
111111000000001111110110000101001100000000110100110011011000010111111110011011111111111011011100111111011110001010000001011000110111111110011110101111110110111101010110101110110111100000111110101110100000011100000101001101111011011011
111011110101100000000000101111111111111011110101111010011010110011011111011011110101101110000001100011110010111110101101000010111100010111111110000000000010110101000010100111110000101010000110000111111101011111110100011101111111111111
100000000111001011101111111010100000001111000101101011001110111010000000011000000000000011010101001010110111101111111000010111101101110101110011011110101000000000010111110001100111111111110000111101010111110110111101110000000010100101
110111010001101110001001100010111111101100011100001110011111101111111101011010111011111111010100011000000000000000011101010000000000000001010111110111111011010101010001011100101101010111011110000000000010110100001101100110111110101101
100100011011001111111100001000000000000001011001100011010000001000100001010010001111111101010110111110101010101111010111011101101101111011000000100000111111111111111111011101100000000010000011010110110110110101111101101111111000000101
101111111110011000010001011101011111101111111011001111111011101110101011111010100000000101010110000011101111100011110001000100100100011000010110001110000000001010000000010111101011011000101011010010110000000000001000000000000011110001
111110001000111111000101010001110001101100000011011101111110000000001110000011101101010001111100110110000011001110000111101101101111001101010010101011111101100000101111000000101001111101111111110111110101111010100011010101111000111011
110100100011110111010101111111111100000110101001110101010111010111100011011011100111010100000110011110101001100000111110111111111011101101010110100000000101101101100011110101111111101100110111110000010100110010110111111100011010001111
100001111110000000010101000110001001101100111011000000000000011100001011110000110011011101010010111010101011110110000000010110000000111001010111101101010101100101101000111111010110101110000011010110110110110110100100011111110010111101
110101011110111101011111110111101101000110100011101010101101011001101010000111100110000111111110000010101110110011101011110100110101111101010000100111011111001101111101101010000000000111101000011111111110110110110001110000011010000001
100101000011110001011010100010101001101111111000111010111111001101001011010000110111010000001111110110100110111110001000000001100100101101110101110001000011011100011000000000111010110011001101011101011010010010100100000101011010101011
110101111011011101010000001000001101001011110010001110100010011001101001111010010001111011111011110010110010101111011010110111111110000101000100111011011111110001111011010111111010110111100101010101000011011011110101111111111111101001
100101110000000111111111111010100001100010100110111111111000110011101101001010110101100000010000011111111000000001011010010010000010101111010101101111011101111111110001010000001011100001101111110000010110011001011100001010110101111111
110101000110110010011100000010110100110110001111101000001110010110001101100011111100111011000110111100101010101111011010110110111111100011110100000001000100010111011111110101111111111011100010100111111111111100000110100000000000110001
100101010011111000110111111011100110110011100101001111011000111111101111111011000101110011010011110001101010100001110010010000011101111110010110110111110001000100000000110100000110110011001000110000001010101110110010110101111010010111
101101010111101110110000000001110110110110001101100011010010011000101010100000010101100111011000000100001010110100011011011111000000000110111100010010110111011101110111100110110000011011011011100101111010000011111010110100001011000001
100111111110101100000110111011000011100111011000001000000111011110001010110110110100110110001011010101011111110101011011000011101010110000011110110110010001110101110000110100111111111001110011001111000000111111011010011101111110011011
101100000000000001101111100001101010001100001110101101110011110000101010100011111110110111011001110111000101011111111111011110111111111111110110010000110100000000011111111110000000101111111111011110011101100000001011110000000011001001
101001011110111011000011111011101111011110111000101001000110000110101000001001011011100011001100110011010000011011110110011000000011001111010111011010011110111010111110101111011111101100010100000100110111101111111111011101111111101011
111111011111100011110110000011000110001100100010111101010011110110101101011100000001111001101001111111011010110001010011000011111111011000000001111011011011111110000000000110000001101110110110111101100000000010000100000101101010111001
110110010001001010000110111001101111100110101010100001011110010111111101110001101100001101101100000001010010010111010111011000001101000010110101101110000000000111111010111111011111001010000000000000001111111000110101111111000000001111
100000111100011010110110100011001000001100111111111101011011000011100101100100101101100101111110101111010111000000000001110010100000011111111111101110101011011101111110000011111001101000110101010110100000001011110000000000010111111001
111111101110110011110110101001111110111111100000010001010000011000110001101101100100110100000011100001010001101101010111111110111111111101001010101011111111111000000011111110101100100011111111110011111110111111011111101011111100001101
101111100000110110000011111011000011110101111111000101111010110010100101111100101101110111101110001011010111100101010000000110011011000000011010000001001110101011101011000110101110101110001000011000000010000000001001111110101101100001
100000001101111111010110000001111011010000110000010111000010010110111101000001100111000000101000101001010000101101010110111111000000010101001010111111011010101011111111101110000110000000100011001010111110111111111011010110000000101101
101011101001101101110011101111000000000110000110110100010111010010110001101011110001101010101101101011110101111111010010111011010101010101100000001010001000101000010110101010111110111110111111011110000010000000000001000010111111111001
101011101101100000000110001001101110110110111110100101010110011011110111111010100111101011111000111001100100111010010110000011010101111111001010101000111011100011110110100000011000001110010101111111110111011101011100011000000000001111
111110001111111101011111111100000111110010100000110111010011010010000110000000110000101000001010011011101110001011010110101001010100101011101010100010001000001000110000001111000010111011000000101000111101000101111110110011011111011001
100111011000011111111101010110110100000111111010110111011010011110101111010110110111111010101010110010100110100011110100111011010110000000111010101010100011011011100110111111101010000001101110001011101101110100000011100111000011111011
110011111111000000000000000000111111110001100010100100010011011100111100010011100000001010111010011000101110101110111110001001111111010111111110111010111001111110101111110001101010101101100010100000000000011111011011111100010110110001
111010101100011011111101111110011101110111110111110110111011110111110111010111110101101010001010111101101011100100000110111111101100010001100010111110001011100110000101010111111111101111001110110110111111000001111110111111010000000101
100000000001011010000001100000110000000001100001100111100010000000010101110000011111111111011011100001100001110001111100000000000111110111001111101111111110101100110000010000000101100011111111110010111001111111101100000111110110111111
101010110101010011010111110111111011101011110111111100001111110111000000100101001011010101001000101101001100010101111001011111110001100000011100000000000000000001111011000111111101101010111011100110000011111110100001010000010010000001
111110110101011111111110100111000010001010100001011001101100000100011110001111100000000001111011111101101101110100001101010111100101101011110001101111010101011011001110010111111101111000000000110100101000000000001011111010111110101011
100000010101011001001000001100011010101110110111000011111111101110110000100001101101101100011000011001101100110101111001000000101100111000000111000001110101010001100011110000000000001011101011110110111111111111111111001010000010101111
101010110111111101101011011101110011101100000001111000110000001100110110101011101100101101001111111011001110010100001111010110100101100011011111111100011101011011001011000111010110101000101000010100000000000000010001101110101110100101
101010100100110101000001110000011001101001101011101010100101100110110110101011000101100111100000001001011000110101100011011111101111111001000000001110110001110000011111010001110011111101101011011110110101110101000111000011111111111101
101110101110000000010101111101111100111101111110000011110101110011100010101111101101101111001011011011111110010101111011111101100110000011101011011010010100011011110101111100011000000111111110001100010100010101110010010111011011000001
101100100111010101011111000000010111110111010000110110000111011111110110100110001100100001011001011001110000111100110000000100101111011001101001000011111111110000000000011101001010110010110111100110111110111101111000110000000000011101
101001101101011111110000010101010111000000000101110100111100001110000011101100101101110111011011111111011101100001110111110001111011011101101011010111101011010101011101110111101111111110000000101100000010001100011110110110111101001111
101011001000010000000101110101110101111010110100011110100001100000110111101111101000110001110000000110000111110101010001111011011010000111101110010000000000011111001101000110100000000000111011111111111110101101000010010110000111100001
101001101111111011010101000100110000000010110110110000101011001010010000100011001011100100110101111110110001100100011100001110000010101110000011110110111101111011101100010000101111010110001000000001010111100101111010111111010000101011
101011001101101110010111010101111110110110100111111110111111101111010101101001101111111111110100000000011111101110111110101110110110101100101001110010001111000000101001111011101111111111111101010100000000101100110010001011110111101001
101111101000000000110100010111101100110100110001100111110000000110010101101011001110111111100101011111111110111000100011100000010010100101101100011110100010010111111100001000100000011000000101111101111010100101111010100010110101111101
111110111101010110111110110100000001100101100101101101100110101100111100101011100000000100111101000000000000001110001110001110111010101111001101000010101000110011010110101010111110111011011111100100001111101100011011101000110000110111
100000000001010110100000011111101101101101101101100000001110101110011001101110101011010101101111101011111111111100100110100010101011101011101101011010101011111000000110111110000110000001001010001110100000100110111000101011111010000001
111110111111010100111111111100001101101100111100111101011000101011110011101100001001010000000011001000011111010111101100110110001001101000000111001011101001100011111100000011010010111011111000101011111111111110001111101011011010101011
111111100000011111111101010001100111001101100001100001011010101000000110101111011011011010110111011011000000000011101101110110101100111010110110011011001011111011011111011001110110011001110010100011110101111011111111111000001010111001
100001110101001101000000000100110011101111111111111101011011111010110000101000011111110010010001011011010101011000101101100111100111110010100011011001101011000000000001001101110110110011000111111110100000100000000000110011111010001101
110100000101111101110101110111111001101010110000000001110011000010010101111111000101111010110111110001011101110011111101110101111111100110110111111100101001010101011111111111011111111000010011011100001101101111111110011000011111111101
100110101101101000000111000000111100111000000101011011111001111110110100110000010000011110110110011011000100011010110111000000000000110110110000010111111101010101000000000000000001001101111000010101111111000000111111110011110101110111
111100111111100010111111111010011001100010110101011010000011000000110101111101010101110010100000111001111101010000000011010110110110110110111011110111011001110101101111110111111111011000111111110101011011011110000000111011100000010111
100001100111001011111100000010111100101011111101010010111011101110010100110001110100000111110110110011111111110101101111110110111110100010100001100100001100110101000000110000000000011110010101010100001000000011010111101110101011000001
111111110000011010000111111011101110101010000001010111100010001100110101111011000101010011100100110111000001111111100001110110000010101010101100001101111101111111110111111110101101110111000000000001111011011001111110100000001111101011
100000011011011011010000000000101010101011010101110110001011011101100111000011101101011000110101100000011111000110001100010011011010111011100101100000000111011011000000000011101100000001101110110100000001111111001000001101100001101011
111111010011011111111111111011101011111111010100011111011001010000110011111010100111001101111100111011000100011111100110110110001010100000111100110101110000000001011010101001101110110101100010010101011111110101101011100101101111111001
100000000111110000001100000000000001100000011101110000010011010101100110111110001111101100101101101001010001111111110111111100111010110110001101100100010101010101111010101011000110010100110110110111111110000000000001111111101011011111
110101101100000111100001111010101111111010110000110101111001010100110110001100100001111110001101100011010100100110000101000110001111100100100111110101111101011100001010101001010100111101110010110000000010111110110100000010100000000001
111101000111011111001011000011101111000010111101100111100011011101110110100001101011011011111001001011010110001111010000010110111101101110110011010100001101001101101010101011011110000100010110011011011000001110110110101000101110101111
100001101100010000011001110111001001011011100001101110001001110001000100110101111000000000001101101001110010111100011110111110011000111100011000010101011001011101111111101001001100110101111100110001011011111011110011111011101111101011
110101001001111010110011000001100011111111111100111000101011100101101110111100011010101011111001101101100111110111110000011011111011110110110010111111001101011001000000101011011110010100000110011011011000000000011001011011100000100001
100101011111110010111111110111001000010110111101100011101000110101101000011001011010101000001011000111110110000101111101000001100000000010011010001011101101001100011010111110000110111110101110111011011010101011001100001000101010110111
101101010000000110100000000110011101010000000000110110001010100111001111011101010011101101011001101110010011011101011101011111001101111011010010100000100101111110111111100011101100000110100011110011011011101011111001011010101110011111
101101010110101100110101010011001101111010101101110100101011110111101100001111010111101001111111100000111011010100000101000000011100001001111010110101110100001100010101110110111101101110101011011001011000101000001101011111111111001001
100111111111101110011101011001101100110010101101000101101011000100000110100001010000111100000110001010011000000001011111110101000110101011000010010101011101011001000000110000000101001100101000001101110010101011111101010101011001100011
101100101010000011111101111101101101111011101001010101101011010111101100110111110111111001111111011011001011011011011011111111110011111001111011111111011101001101010111111011111111100111101010111101110110101000000111000000000011001111
100110000011101111000001100000101101001111111101010100111010011100001110110110000011101100000011001001101111001011000001000001111000011011100011101000000101011001110000101000011100110100111010110101011110111010101111101101111111100101
110011111011111010011011111110111000011000000001110111111111111110100011100011011000001101011111011011001100011110011100011111001011111011001000000010101111001100011010000011000110010001111010000100000010110010111001100100000110110001
111111111010011011011010000000001110111010111101000000000110000010110110001010010010111101000110011001101001000011000101000000011000001111101010101111111001011110110010101001111100110100101010101111011111111110011011001101010000010111
100000000010110000011011011011011000001111110001110111101111111000110010101010111010000111101100111011001101110111101111011111111111111101101010101110001011111110110110101100101001100101101110111000000000000110111011111001010111110001
101111111000011101001011110011010010111101000101000000100110000010110111101010011111011111001101100001101100010011000011000000010100101000111110101011011000001100011100111110000011111100000010011110101111101100001000001011110000011101
101000000011000001101010100110010110110000011111110110111111101010100011001010110000000001100111110100101110110111101110011111110101100011110000100000000011101101111110001100101111111110110111000011100011111101100010101000010101011001
111111101111011100101010001110110110110101011000000110011010001010110110011110110110101011111110111111111000011100000011000000010101001110011110110110101110111000000011101110100001100010010001010110001110110111110111101111111111110011
100111101100011001101111100010100010100101111111101100110000101011100011011000011100101010001100011000111101000110101110010101000000011011000000010110100000011010111000100110101100001110111011110110101110100011011111111111101010111111
110000001001001100101110001010110110110111110100001101111010101011001011001101010001101000100001111011101111011111100111010101010101001011101010110011101111111011111111110110111101111111101000011111100010001000001010111000000000100101
111010111101101110100011101010011111111111000001101100110010101111101001011111110101101101110100000010000110000011001100010111011111111001101111100110000000001000000001011100011000001000001011001101110110111010100000101101110111101102
100011110001101000110110001010111101100001111101000111111110111000001101111111000101101000110101111000110011011110011001010111000001100011100000110111011101111110110100001110110010100011111001011100000000011111111111100000011111100001
101010000101111110010100101011110100111101010001010000011000001111101001111100010111001101111100011010011010011111001101010001110111001000101011110001011000000010110101111010011010101000001011000110101101001101010110101111111000001011
111110101101010100110111101111010110110000011111010101111110100111001100011001110011101101101110111010110011000011101101110100110000011010101001100101001110111111100100011011110011101111111001111110111101100000000010000000101011111111
110111100101000001111101100110000010011111000000010101101110110100011110111100011110101100000010100010111001101000100100010101100101111110111100110111100010000001110111000000011011001111101111101011100000110111111110111111100000110101
100011110111111011000000001111111011000000010110110101000000011101010000000110111000001101010111110111101111101010101101010100110100010110010101100000110111010100110011010111111111100000000011000001101101100000000000000000001010000001
111000000110111001111010100110000000010101010110010111101101001101111110101110101110101101010001100000000110001010111001010101100101110011000100111011111101110101100111010010000001101101111111101101101000110111110101111110111111011111
111111111100000011010011110111101110110101010100110110001001100101100000111000001100111001010111001111011110111010001101111101101100000111101110111000000000111111110001011000101111001100010110001111111101100001111100000010001101111111
101000000001101011000110000100001100110111010110010110101011101101101010001010100110011101010001100001111010001011011000000100100110101101100011100010101010011001011111001111100011011001000000100011000000111100011110101010100000000001
100010101100101001101111010111011110100110011110111100111011001100111110111010101111001101111011001100000011011011011010111101101100101000111001110110101111000011011011011111110111111101111110111110011010000111000011101110101111010101
111011101001101101000101011111010110101111011000101111100001101101100000001111100110011000001001100101101011011001011010001100111110101011111100110010100110011000010001111000010000110000000010000111001110111110011110000011100111111101
111011111101101001101100011100010110111101011010000000110111111001101010100000110111011101011011001100111001011011001110100110000110100000001101100110110011011111000100000011011010110110101011011101111000111011000011011111001101100101
101110111000101100101101110001010000110000011011010110100100000011001011101010110011010001001001101101111011110001101110101100101100110101111111001110111110000001110110101110001011100011101111000000011010000001101111001101100000001101
100110100010101101101111111011010101111110110010010110110101010111101011001010100110011011011011101101101001110101100010100101100110010100111111111010100000101111111110100010101011110110000001011010110010101111000001100001101110100111
110000001010101000111010000011011111011100010110110011100111010001101011011010101111011011111110001001001100011100110110110111001100111110001101000010101111100000001011111111101000010110101111001111111010100001011011101101000011110001
100111011010111101111000110110010000000001010100111111110100010100101010011010100011010000001111101100011110111111111110100111101110001100100001011111111100001011011000000011001010110010100001101101010011101011111110100111011000110111
110100001010010101001111100011011101110101110110000110000110110101111011001110110110011010100001111001001010110000000011110000100010111101101100001111011001011011000011011110011011100111101111111000011110001000001100110011011011100001
111101011010110001101011111111111001100101100110111111110011100100110011011111111111011010110101001101100010000111110110000110110110111001101101100010001011001001101001000011011000110011000111011011110111101010111001111011001011111101
100001001010011011000000101010110011111100110110000101000111110101111011001001100000001010110100011000101010110000010011010110011100001011000101001000111110011101001011011110011010111010010000000001010001101010000011101110011000111111
111011011111011011101010000000000110000001100110101101101110000100011010011011111111011111100101011011111110110101011001110110111001011011101111101110000010111001101011000011110010001111010110101111010111001110101110101111011010000001
100011011111111110001111111011101111101011110110100001101000110101011111010000110000000001101111110000111110010101110011000110001101011001111010101111011111101100101011011000011011011000011111100111010101100010100000000001011111010111
101011001010111111111101100010001100001001100100101011111101100101010000000110111101010111101010100110001011111100111011010011111001111100000000101011110100100101101110011011001111001101001100001101010001101111111111111111000011110001
101011011000011010000000001111011111111011110110101111010000110101011010101111101001010000100000110110100000000101100011011000001111001101010111101000100001101111111000110001111110011111011101100100000101100011000000000011101000110111
101010001101000000111101011000011010000001100010101110011101100101110011111000000011011010101011100010101011111100111001011110100111100001010001100010001100000000001010011100000011110110000111110001011111001000011011011000101101110001
101111111111101111101101001011010000111011111011100011000000111100011001001111110111111010111001101011101000001111101011000110110001111101010101001011011110110110101010110001101001100011101100100101000011011011111001001101111100011111
100011101010100111000001101111010101100010100011001001111110000110111100011000000000001110111011101011001110100110101001101100110100000101110101101110000010110111101110010100111011001111001110001111101110011001110011111100011001000001
110110000000001100011101101100010100111000111001101011111110101111110001111111010101111110001000111011100011110000001011000111100111011100011101100011010110010000111000110110011000011101111011100001100111111100011010110111001011101111
100011010110101001011001101101010101100010011011001011000000100000010100011000010100110000101010110000110110000110101011010000110001000101000100110110010010110110001010010011001011000000011000001011110000000101011000000001011001100001
111111111111111111111111111111111111111111111111111111111111111111111111111111111111111111111111111111111111111111111111111111111111111111111111111111111111111111111111111111111111111111111111111111111111111111111111111111111111111111
