1111111111111111111111111111111111111111111111111111111111111111111111111111111111111111111111111111111111111111111111111111111111111111111111111111111111111111111111111111111111111111111111111111111111111111111111111111111111111111111
1100000000000110100110100001101001100000000110010101000000011011011000011000110110011010100000101001010000000000101111011011011010110101010101101100101010011011000010110000001101100011000101000001000110001101100000010001101101100000001
1001010110110010101100111101100011111111110110110001011111110000000011001110110011011010101111101011011101111110100110010001000000010101010000100110100000110001011000011110111100111001110101011111011100100101101011000100101100110110101
1111111111110110000110100000111011011001100000011011000110011111101001100100110110011000000011001001010000111111110011011100011011110000010101101110101111110111111011111000110101101011100100000000000001101100001111101110000101110111111
1110101001000011011100111101101001011011110111000011011100110100111111110001100000110011111111101011011101100001100110001101111111110111111101000100000011010010101001101110100000101010110101111111110111000001100000111100110000000001011
1010101101111011010101101101001011010010111111110111000110010001110101000100110111111000111000101001011001001111110011011000010100010110101000011101010111010110100011000110001110101010110000000000010011111011101011110111111110101101001
1000001101101001010001101001101010011000101001000101011100110111100101110110100001011011101101101011011011011101011011011101110101110110001111010101110101010000001110011111011111100010000101011111111001011111001111100000101011111111101
1110100101101101011101001011001011011011101101010101010110110011001100100010111011011011100101000001001011010101010000001101010000010011011011010000111101000111100011001010001001111010111101000011111111010101100000110111101001011011001
1000110001100101011001100001100000001010101101110000000010110110011110110111101011010000101100011111011010010100010111011001000101000110011001010110011000010000110110011000111011011000001111111000010000000001111111100011101011011010011
1111111101110001001101111100110111100000101001111101111110110111011110100011001001000101100101111011010011010101111110001100011111110010110011010011001110110111111111011011101011001011111010111111110111111111010101101110000000001010111
1001000000111101011000111001111111110110101101010101101100110011001100110111101011011111110000001011000111010100101011100001000010111110111000010111111000110101101011001000101011100000011000000001010101000011000000100011011110111000001
1101111110000101011011101100101000000100000000010001100110011000011110110110101011001011010111111001101100000001100000001101010110000110011011110000101011100100101011100011101000111011111011101111000000010111011111101110011011111110111
1000010000110001010001101101101111110110110101000100101110111110110100110110101001011011000101111100000110111011111010100111111111011110110010100110100010111101101001111000100011110000000001111110011111111100011101100011000001101100011
1101011101100100000111001101101000011100110101010110100100011000110110000010101011010001010000000110101110111110111010110001101010011010111010101111101110011001101011011011101110100111011011011010110110100111010101001110011100101111001
1111000001111111110001101001101101111110111111111100001101011110000011110110100011010111011111110111100100000110101111110111000011001010011010000011000011001011000000000010101110001111110000011000100000001100000100011010111110000001101
1000010111010011110111001101101101010011101111111110111101110010111111010110111000000000000110110100110101111110001101100101011111011000110000111111101110011001101111111110001010100000011011111010001101100110111101111000000010111111101
1111111111011000000110011000000000011000000101010100011000011000110110000000110011011011111100111101100000101011011100110001000101001101111101101101101011011011001000011100111010111111011011101011111111110000111100001011101011111011001
1101110001001111010011011111011111111111110100010110110011111110000111111101111011111110110110011000110101100011011001100111011100011000110101000100000011011011100011110101101010000011111000000001010110111110000001101000111110001010011
1001011101011101011000001010011001110110000111010100011000110110111101110001011010110110100010111010111100001110001100110101011001111011110000010001111110000001101000000000100000101000001101110111000110001111111111100011110111100000111
1100010000001001111111100011011011010011110010000001001011100110011001011101011000010000001110101110101001111110111110110000001100100000011011111111010000101011101110101101101111111101011111000000011111011011010000111111100011001110101
1111011011101100110101101110011001010110011011111111101000110110111101010000011011110111111100101100100011011000110000100111111101101110110000000011000101111111000110101101101000111111111011010101001011010010000111111010101111101011101
1100001110000001100101000011011011010111000010101010101011100110010101011111011011100101110101100110110110000011111110101101011000000010011011011111101111010101011111111100000010001010100001111111101001000110111101101000000011000001001
1001101100101101110001101110000011010011111000000000000010110000110001011000011000110100000101101100110100101110011000000000000010111111111011111011001011010101011011011001010110100000001011101010111101011100110000101011101110010100011
1111101101111000011100001010111110000110111010110111111000011010011101011111011011100001111101101110010001111011011110111101011010000011000000100001101011000000000000001011011111101011011000000000011001000101100101100001111100111111001
1010000111011110110111100000101011101100101111100100000011110011001001001100010000001100000100101011000111010011001100001101111010111001111011101111101011011110101011111110000000111111111110111011001100010001101111101111011001100001011
1011110110000000000001111110101011000110001111111111101001011011100011011111000101111110111101101001110110011001101001011000101110001111111010101010100000000011101000000011111111110100110111101111111001111111000011000011001101001101111
1010100011111111111100010000000011011111101010000110111100011001111011001101011111111011110100001011000000111011000011011010000011100110000000001010101111111111111010101111110110000001100101000101101100101001011111011111011000011111101
1000111010110000000111011111101111010110101011101100010110110011011011011100010011001001010101111011111011100010010111001111101111110011111011111010100000101100111110100000000000101111101100011101101001101011001010001010001011010010101
1110101010000111110101011010101110010010100010101001110110111110000011000110110110011011000101000001110000111010111101111111111000011111001000000000001010000001101111101111101111101101001111001101101100100000011011100000100001000110101
1000101011111110110000000000000011010110111000101100110100010110111000011110010011001001011101011101011101110010110000101010011101111101100011111101011011110100000001100001100110111001011011100101101101101111110010101111111111010000001
1110100001101010000111011111101110010000101110100001100110110111111110111011000111011011000100000101001101011010011011101010110100010101101001101111111111100110110100110111110000011101010010101101101000000000111000000000011111110101101
1010111100101011010110011101101011010111101010101100110110110011101100110011011110001011011101110111101001011010111011101000000101010101111011100010110000101111111111100000010101001100000110000101000010101110010011010101000001111111111
1000001110100011111111110000101011010011000000111110000110011010000110010110001100100000000000011110101101011010000000000011101101110000110000001000010111111101011100111101111111100001111111101100011011100011000111111111111100000000001
1111101010111010101010000110001011010111011101111011110000110011110110110011100001111111111011001100000001011000111111111000101001110111100111011011000011100100010110100100011011111111100110101001110001101001101110111010111110101011111
1000000000000010101011111111101000000001110000101001111101110111000110110110001111010110111111111111111011011011101011111011111101010010110011111111011110110001110000001111110001010010101110000011111111101011100000010000000010111110111
1011011111111000000000111000000011110101111110001100000101100101110110010111100011000000000110100110011011000001101000001110011001011010110110001101111110010111000110100011011011010110001100111111011110111000110101000101010111110110101
1111011110101110111101101101111000011111001111011110110001110001100011010011001111011111111110001111000011011011100011111110111101011000000000111000110011010011011111111111011010000000111110000000000000001011111111111111011101010110101
1000010000001111111101001111101011111111101000010111111101011011111011000110011110001110101010111000011011011110001001001000010100011011111111101101100110000111000001010110000000111011111111101111111111111111100000000011111100000110001
1010111010100001100000011010000010110101001111000101101101010001010011011111011011011010000010001111110000001111101111011011110111000001000011000000110011011101011111010010111110001110101111000000000000110010001101010110110111110010111
1011101111110100111111011011111010110001011011110000101001011011011000000101011001000000111110111000111110111000000110011010110011011111011111011010011010000100000111000110000010111100100110010111111111110110100101011110010011011010001
1010001100011110010110011001100000011011010001111110101011010001010011111101000011011011101100101110011010000011111110111010011000000101011100001111111010111101111101101100101111110110101100111110110110100000111111111100110110000000111
1111101111011011000011001100111011111011011101010100000001011011000111110101011000011110101001101100111000111111111010101010110011010000000001100101101010000000001100101001111011010110000101101100000000001010010110110110100011011110001
1101100000000011101011100101101000000011011000010001101100000011101110010000001111110110100011000110101110011010000000101010000111111011110100101100101010111111111001101011011011000111110000101001011101111111000000010100001000000010101
1001001101111001101110101101001110111010001111011111111111111010101011000111100011010110001111110000001100111000111111100000101100001111111101101110100000100000001101101011000001101101000110000011001100000101010111000001111110110110101
1101111101111100001100000001011100101111011000001010100000010000101001101100110110000000111010111101111110001011100110110111111001111100011111111010001110001110111000100000010100000000010100101011100111111101111111111100000010111110111
1001010111000110100111111101010101100110001111100010111111011110101011101101111111110111100000011000011000100000101100010011011100110101110110110000100011011111101101101101010101011011111101101000111110000000000000111110101111100010011
1101010110010111110101110000000000101100111100111010110000011010000000001100101011000000001111111110111110111111100110110110010101100000000000000101110110001011101101100101110111001000011101101101111010111101111110000011111101001011001
1001010111110101000000011111111011100110011001111010110111001011111011111110101001110110100110110000001100000000101100010100110100101111110111111111011100100010101000001111110111101011110111111100000000000100000011111111010000011010011
1101010101110000011111010100000001101100110011100010111111100000111011001100000011100011111100011101111001111111101001110101110101100000010100000011000110101010101101111011010000101000000010110001010101011111111111110000000110111111011
1000010101000101010000000111110111000110110110111000001000001010000001101001111010001010001101001101010011101100101011100001010000001111111101111110010110101110101000000000011011111011111110011011111101000000000000000111111111111101001
1011000101111111111111110101010011110000110110001111101110111010111011000011111111011111011001111001011011000110001000111101010110100000011000110000111100101100101011111011111111010000000010111000001111111111011010110000000001011001101
1111110101000110001000000000000110110110110110111000001000100011101011011110000110010110001011001101011000011110111011101100000010101111110011110111100101101110100000011110000100011011011110101111111010111111111111110111111111011011101
1101000101011111101111111010110110011110110110101111101110111011000001000000111100110000111001101100001101111010011010101001011110100011010110100011101111111010101111000011110001110001000000000000111000000001100000010000000000000000101
1001010101011001000100011111110110111000000110101001100111111111110101011111100110000101110011101110111100101010110010101011000011111000000000001110100110110010101011011001100111011011011010110111101011110100001111110110110111011111101
1101110101001101110110110100000000001110110000000011001101101111011101000110110110101101000110000100011001101010011000000001111011011101010101011000001110011000000001011111110001011111111011110001101000010110111111110110010111110000111
1000100101011000100000110111111101111000100111110111101001001010001000010000110110111111110011110111011011101000110010110100101110000101111111111101111010110011011111110101000100000101101111011111000011111110000000010110111101110111111
1010110000001110111110100001000000101111110110000011001101101011101110111110110110010110111001100110010010101011100111111110000110111111101010110100001010100111111010110101011111111101001100001010011000011011101011111111101100010101101
1110111111100100101000111101111101101011111111110110011001001001000000101011100011000010101100110011010110100000110101011111011110000111000000010101100000001110100000010100000000001101011001011010111011110011101111100101100001000000101
1100011000110110101010000000010101101010100000110111001101101101111110000001101111011110000110111000000010001101110000010101111100111101010101010101111011111010001010110001111101100000001011111000110010111010111100001100001111011111101
1001111101100000101111111111000101101010111010000101100101001101111010111111000001011011011100100010101110111111100111110100010110010101011111110101011111110000111110000100011111001010111000100011111000010000011001111001100110000000001
1100010101111110001101100010010001001010101111110101101101101001000000101101101111010011011110101111111110010110110000100001010011000000001010110100000110000110000111111111110111101110000011101111001101000101001100001011111111111101011
1001000000111011100000001000111100011010101110000101100101101101101010101101100101010110000110101111111000110110000101101111110110010101111010100001010010111110101101000001010101100111010110100001011111101111100001111010011111111111111
1111011101100000001101101011110001011000000011110101110101100001111110101000110001000010111100001010101101100110111111000000100000111101101000001101011000011011111000011111010000110001110000001111011001101010110111000000110110000010101
1111110101101111101111111111011101001110110111000001010100111011010100001011110111011110100110111010000100110100000010011111101111101111000011111111111011010001011110110001000111111100010110100000001011111000010000010101100011011110001
1000000000111110001010100000001111101100111101111101010101111001010110101011010001011100101100101010111101100001101010110000101011101011011111000110001001000100000110000100010001101111111111111111111010111011111111011100110111000000101
1101010101100011011000101111011010100001101101000000000001001101010011100001011011010110001110100000101100110111111110110111100010101010000000010000111101010101011100111111111111001011101011000111010000101000101111111111100101011110101
1111111101111001111110111111011000111101100101101101111011011000000111001111011011010100101000001111101101110100010110110010001010000000101111110110001111111111111001100011101011101010000001011100000111100010000000000110110000001111111
1010111101011100000010110000001110001101110101111111111011001101110001101011010000000001111111100000100000000001000110110110111000101111111011111111011010101110101100001000000000000000110100001101110000001011111101011100110110100000001
1000010100000101111000111111100011101001010100110110000001101111111100001011010111111111111001001111101110110101110000000000001110100111011010000001000000000100000001111111111101011111111110111000010111011001111111110101100010101011111
1111000111101111010011100110110110001101000101100011110100100111011111100011010010001100101101101001000111100111111111110101011111111100000000111011010110110001111100000000000101011101011010001011111110001100000010110100001011111111111
1011010010101110011010110110000011101001110100111010111110001101000011001001010110101001100101001011011101110000000111111111111011010101110110001001111111111111000110110111101111110100010010100000101011111110111110000001011001010100001
1010011000000100111010010111101000101101010101100010001011100101111010011011010110111101001101101011000000010101110000000110101010000000010011111101111111011100011110010001111011000001110110101011100000010011110100101011001111010101111
1011111111110110100011010101111110001001000001111011101010001100110011010000000000011000011000101011011111110100010101010000001000101011111111111111010110000101110010110100000001110111010010101000001011110111000101111111101111000000001
1000000010000000001000000001011111101101110100110011000011100110110111111101111111110011110010000000000000010110111101110101100010111001111100001011000000110000110111111111111011010111000111111011011110110010010000010101111001011111111
1110101000110101011101010100001010101101011110011001111001101100110010101000010001010111011110111111111111111110000111111111101110001100010110100001101111111110000001001001111110010000011111111110010000010110111101000001011011011011101
1100111101100101010111111101100000101101011011000011001100000110111010101101110111010010001100000000001011101011110000011010100011100101010010111100000000000110101101011011000110110111111010101111000111000000000111011111011011001010101
1001111001110111010010101111111110101000001011110111101111101110011000000000010011010110111110111110100000000000110111000000110111111111110110010111111111111111111111001011011110110000001000000001010011101101101111110000011011011010101
1011000011000011011000000010101000000011011001010011001010101010111111111011110111010010010100110111110111111111110111101010011110111010100011000010001000010100001010011000000100000111111010111111111000100100100100011011110011001000001
1111101010010111111111101000001111010110011101011001100010101010010111011011010110000110110101100000010000000011011101111111111100100000001000011000111011110001111010111011010101010000011011111010101010101111111101110011010111101011111
1111111111111101110000001111101101010111000100001011001110101010110101010000010100110000000000001011011010111111001000010101010101101111111110110010000001010111000010000001110001110111000000000010001110100111010101011010000110100001011
1011011001101101011111111000000000010100010001011001101110100010110100000111110001111010111101111001110010000001011011110101010100000010110110011110110100000000011000110100110111111111111010101000111111110000000000000000110000001100001
1010001101101101001100010010101101011110111111011101001010001110110111110001011011001110011000111100111011110111001011010000000001111110000011000010011111111111001011100101111110000000111111101010101011010101011011110101100110100101101
1011011001000101011001000111111101111011101110000001101011011000100000011011000000011111110010000110001111111111100000000101010100000000110111101110111010101111111001101100000000111111100001111010000000010111111111111111110110111100101
1000001101110000001111111101000111110000000011111101101010011110110111001001011111111011110110111110111110011001101111111111111110101111100000101111101000000000001111111101011010011110001011011111111111111110110000000000011100000101101
1111011000111111100110110000010011011111101010000101101011001010111101101100001011000000011110000010000011001011000111000110101011100010111111111001100011101010100000010111111111000000101000000000000001101100010111101010110001011100101
1010011101101101110100011011011011010111111011110100000011101010101000101001100000011010111100111111111010011011011101011100000000101110011010111011001111111111101011110111110101010101101010111101101100000101110111111110011111110111111
1011000001100100000110111111110001010100110000100001011000001010001101100011111111111111110111111101011110111011011000000001111111111000110000000000011110110101111110110101010001110101111010000111111110110101000000000111110001110011111
1011111100110111110110010100100100000001100110110101001101100000100000001000000000100000000001000101000100000000000011011101101011010010000110111111000000000000010110010101010111111100011011010000000010111100010110111100110111010110101
1010101101100010000000110110110111111101001100000101011000110111111101111010101110001010101100011101011101101011101111111000000001000110111111111111010101101111110100110100000001001111111111110111111111101101111111110101110011000010001
1000000000111011111110110110000110000000011110110101111111111111011101011111111111111010101101111101001000111111111010101101101111011100000001000001010111000000100001110001111111011011011001111111010101100101000110010101010110011000101
1110110110000011100000000011111111111111110000011111101010101101010101001101000000011111111100000100011011110100000000001111111101000111111100011111110001010111101100000100011100001010001100011001000000110000010011010100000011001011111
1000111111110110110111011000000000000000000101111011000000000000010101011100011111001101110111110101011011010101111010100110110000010000001111110110011011110001100101101111000001011010111001001101011111100111111110000001101110011111011
1111101000000010111110011111111111101010110101110000011111111111010000000001110111011100100011111101110001010000001111110000000101111110100000000010111110111111101111111011111111110000000011100000000001001110001111011111111111010110001
1111101110111000101000110000000111111011111111011011011000000000000101110100000001110001101110001100110111010111100101100110101100000111110111111110000000000000101000000000000001110110111110101101111111011100100000000010110010000011011
1000100000011110000011111111010100000010001010000011001101101111110111111101101111111100100000100110010111000011111100111111111001111101011101110100101111010110000011111010101100000010000010111000001100000001110111101000110110111111001
1010001010110100111001010101110101110111100000101011111111111000000010001111111011011001101111111100110101011110011001101101011011000000000000000001111111110110111110001011111111010110111110111101100001011111011111101101100110111101011
1111011010100001100011000000100100011101110101111010001000011101111000111011010001011101000000001101100000000110111011100000001110010101011110101101000001111110000000111111001011111110000000000101110101000011011100111111110000000000001
1111111111110101001011011010001111111100000101100011101111000111111011111011010111010101011111111000001110110000110000001101111100111111111111101100011100001011011111110101011010100011010111011100011101110111000001111010100110110101011
1010111110000101101011001111100111010111010111111111000101110110000000101011000001010000010101010010100111111010000111011111010110001010110001101101000111111001000101000101000000001111011111111110111111110001101111001010001111111111111
1000011011101111111011101100110101010011111110000101110101010100111010000000010100000101000000000111110000001011101111110000000000100000000111001101101111111011010000010000011011100001111101110111110111011011100101011000100000101010101
1111000000111001100001101110000000011010101011110101000000000001100010110111010101011111110101011101011010111011001000000101011010111111010001100100100100001001011110110101111111111111100000000011010100001110101101011011110111100000001
1011110111100011111101100111101011000000000011010101110110111011111011110111111111000110111101000100001010011001101011111111001010000001111011101101110001111011111111111111100000000010101111011001000001111100101100000000110000001111111
1010000010111001101111111100001011111101101000010001011110110001100011100000000011011100000111110001111110110011100000000001111011010111111110111111111100000011000000001010001111111110001011111011011111010101100001101010010101100000001
1011111000000011000111011001101010110001101101000100000000100111110110001101011111000001111110111011111111111011001010111111111111110001010110000000101111101001101110101010111100111000100000001111000101010101001100111111110100101011011
1001101111011111110100001111111110100101111111101111111111110011000100100101001101110100000000011000001001011001011110000001000001111100000010111110000000101011101011111010111001101011110111111101011101000001011110000101111101101001001
1101001111010110100111011011010100001111010100111010111000000110010101110111100001111111010110110011011011011111111110111100011100011110111000000011111010111000000000011010001011000000010010100000000000011111010011010000001111111011111
1000011000000010101110011000000001011000010110110000000011010011110111000110001100011011111111111011110000010110101011101101111101000011111111111110011111111110111111110010100000011010111000101111101011000000000111111011111011011000001
1011000010101010101011011111110101111111010100000101111111111000110001101111100111000001100001010000110111110110000000000111110111111110000000100111010101101111110000011010110111111110001111101011111001110101010010101000101001001110101
1010011011111010101010001110111111110100000001110111000000000010111011111011001100010100001111011010000000000011011111111111010010110011011111101101010101101011100111111010110000000011100101101000001100110101111110101110001011011111101
1111111111010000000011011010101000010001101011000111110101111010011000110011011001010101011011010010110111111111000101101101000110011011000001101100010101101010101110110000011111101001110000000010111110011100000000000011100001011000101
1001110110000110101000000000101111011101001111110101100101100010110010000110001101110111000000011111110000011010010100100100010011011011011111100101110101101010101000111011001010111111011101011110000111111110111010101111110100000011111
1100000100101100111101101110000000000101111000000100110111001010011010101111011100110001011010111101011011110000111101101101111111010011010101001100010001000000000011101011100000000000000111111111111101100110011011111100111111111010111
1001010001100110011001111000101110110001111111111110000111101011111110100001010110011011110010010100011001011011110001000000001010000110010000011101110111010101101010101010111111111110110010000011101001001111111000010101101100011110101
1101111101001100111101011111100110110101001110001010101100001000110000101111000010110000011111000001001100011011011011011101111010111111000111000000000000011111111000000000000000000111111000111110101011011011101101000000000110110110101
1001100001101001100001000000001110110111100011100000111001011010011010100011010111100101001100011011100101000000000000000100110010100000010001011010110101000011011011111010111111110001101111110000000000001010001111101011110000010000001
1111110100111011111111101110101100011111111000001010001101011011110011101001110000101101011110111001111101101110111111111101100110001101011111111110111101111111011000001110000011011111101111000101111101100011011011001011111011000101111
1000000111111000111010111110111111111101011010101111011001010000011010001011000111111111001100001111001101101100000000000111001110111111000000000010011111111110001101011110101000001110000000010111111111111110000001101000001001101111111
1010111111101111100000000000110000110000000011100110010011010110110011011011010111010110011110100000011000100110101011010011011100000011010110101111110110000000100101000010101011111011011111111110000011010110111111001011111101100111001
1111100000101100001010101110111101100111011001101111011001110111111001110001110000000011000110101110111110101100101001111110011001101111111110100000000000111111111111010111101111111000000000101011011110000000001111101000001111110101011
1111111110000001011010101000100001001100010011000101111011000000011011000101100101101111110010100011101010111110101100101010111011111110000010110110111010000011010111111101100000001101111111101001010110111111100000101011111010011101001
1010101000110101010010101101110100011111011011101100000011101011110001110100101101100000011111111000101011111011111110000000010000000000101111110110001110111000000000001001101111011100000000000011010010000010111110111111001010110001011
1000101101100101011011111111000111010100010010001111101001101000011011111110111100110111000001100010000000000000110000110101000101101111111101011111100110001111101101100011000011110001010111111000000110111110010111110101011000011101011
1010000000110101011111010100011110000111011111111010101011001011011110000000010111100011010101101011110101010111100101111101110111111111011000000101001100111110111111110111111110110111111101001110110000011010110101010100000011110100001
1010110110111111110000010001011000101110011000000000111010011001000011110101000000101001010111001000010111110111001101010000110000010000001011111101101110000000011011111101011100000010101100011111100111000010000001000110111000000001101
1010111110000111111111011101010010111011001101101010000010110011101110000101110111111111010011111010111100110001011000011010011011110111111011011000111011011011000001101000000001101000000001001000110001111110101111011100011101011100101
1010100011011101011000000001010110100001011001111011011010010110000011101101000000010111111110000010000110111111111110111110110000110111101011000010010001001011011100000011101111111111110111100010011111101100111110000101110111001111111
1111111001110101001111110101010100110100001101000011010011011110101001101001101101000001100111110110110000000000110100000011111011110000000000011111010101011111011110111111000000110111011110111111110010101001110011010000000111101011011
1000000011110101100000000101110101100101011101111110011010000011101101101101101101010100001101000111111011011110000110101011000000000111101011111011110111111110000010011101111111100000000000011101011000000011011000011011011100111010001
1010111001000000001111010101100101110111110111000000111111011001101101101101000111010110101100010000011011000010101100101010010101010000101011000010100010101011110111000000000000001011111111000000000010101001000010111111000101110000111
1111111100010110101100010100110101000110100111111101110100011011101100100111010001011111111110111011110011111111111001101110111101110110101001011000001000000000110001101111110101111110111001101111110111111100010110001101110000000101101
1110001110110011111111011111111111011100110101011100000111011000101101111100010101000000001100011000011000000000001111101000001100110111111100001111101011111111111011100000010100001100001101111111110000110110111111100000111111111111101
1000100000011010010100000000110000011110000000000001111100011011111111100001011101101010111110110011111101101011101010111101011001100000010111111111111001101111101111001011111101011101100000000000011111100111101000101010000001101010101
1110101010110011000001010110011111010000101011010100000111010001010000111101011101101111110110011000101000101000111000001111001100111011000000000000001100000000101101111111101101110101110101111111011001101100000011111111010100000000001
1000111110111010011011010011111110011010101110011110101100011100000110011001010001100001010110111011101010101110011011100111111110110001010111011010111110111111100001110100001111110100011101000001111011000001101000010110010111101011101
1010110000001111011110010110000000111110101000110000101101000101011100111101011011110100000010110000101110100111000001111100010111111011010001011010101100000001101111000001100111010001110000011111100001101011111101000010111111111111111
1011100101111001000011010111011011101000111110011011111111101101110111101001011000110101110110111010000010110011010100111001110101100011010101001010000111111111100011011111111100000100011101110000001111101110000111111111101100000000001
1111110101001100011111111101111111000011110100110000011000000100000000001101111010110100110010011010110111110111111110000011110000110110011101011110110011111011001110000001011001101111110000011011100000000000111110101011001101111111111
1000011111100001000011000001000000010110000001111101111111011101010101111001000010110111110110110010011101100000000110101000000111110011000101001100010110000001101000111111000011101011111111001000101101011110000010000001011101100000111
1111011010111011010111111101011110111111111011000000110110000101111100001101011010100011011111100111000000110101010111101111110000011011101111011001010000110100000010000000011110111000000001100010111001011011011000111100011000001111101
1010000000000001010010111000001100100000000001101010100000101100101110111001010010101000000001101110010101100101011101100000011111111110000001001101011101100110101110101111001110000011110111101011111111000011111101111110111010100000001
1011111101111011111010000011100110110101101011001010111101100110000010001101111011111010110111001100110111001111000001101011000000110011010111011101011001111100100010100001100000101000010000111111001110011001101111000111100011110101011
1000000001000000001111101001101111111101001011101011111000101111101111111111000001011011100001101001100001100011011111111010011011100110010001110111111100000110101010101100110101101011011111110101011011111100000001101101110111010111011
1111111111010101011101001011111101001001101010001110000011100000100000010001101011000000110111111011111011101010000000110011011000001100110100110111001111101111111110101001110111111011111000000000000001101101111111100101000000010001001
1000000000010101010001101010010101100011101010100011111001101010101111000111001111101010110101011111001110111111011111111011011010111110100110000101100000100000000010101100010000110000101011111111010111001100000110110101011111110111011
1011010111010101111101101011000000001110001110111110000011101111100001010011101100001111110000001101100000010100000000110011001010001011110010110000001010101011011110111110110111111010000010001101111100011110101100000000000000111111111
1010011110010101101000001011111101011000100010100000101000100000110111011110100110100001011010100000001110110001010111111011011110100001010110110110101110101110000110000010110001101011111000111000101101110010100001101101010111101101101
1011111000110101000011101110100001110010101110111010111101111101111110000110001100101111000010101101111011111101110111011110010011101100011100110111100011111111101111010110110100001011111101101010000000111011101100100111111101100101001
1011101110100101101111000110001100111010100010111011100000011111011000101111011110100001101010101100000001011100110000000011000111100101111110110000101001011010111011011110110101011000000100000011011010010000111001110110100100001101011
1010000000111101111101010100101111100010110110100011111101110111011111111100000110101100101110101001101100000110010111010111101110101101100010011110101100000000000001000010010101010010110101011001011010110111111101100110001101111000001
1111010101100001000000011101111000111010100011110110000000000000001100000110110110100101100110101011001101101111010111110011000000111000001011000110101101101010101111011010110111011011100111111101110011110100000100110000111101010011011
1100010111111111011101000101010010000011101010000011101010101011100001011110010100110100110010111001101100111101110000110111110110111101011111101111111001001111111111111010110001111011110010110101111000000001101101100110000000000110011
1001111111010111111101101101011111011001101011101010001010101001110101011000110110010110110110011011111110010000110101110110000010001111000001100000001101100001010000001010010111000000111000010100001110101011111000110011011101101111001
1111000000000101110000100111000000010011101111111011101010101100111111111101111110110110010110110010110111000110010111100011010110100011011111001011111111110100000101011111010001101010001111110111101111101000001010110111011111100101011
1111111010110000000101111100011111011011000110000001101011100110000000010100011000010110111100011000000001101110110000101010010111111110000001111000101111110101111111111001111111001110100010100001100001111111111110110001000110110001111
1000000010011010110101010111111111010011101100110101001010001100101111110111011010110100000101110010110101100010110111111111010000000011010101011111100101100100001010101100000011101000101000001111101100110110100111100111010000010111101
1111011011001110110111000001100000011110001001100101011011100110111000000001110010111101101111000110010100101011100011010110010110110111111111010110101100110101100000000001011010101101111010100011000111100000001100110001111101010000101
1000010011111110110111111101111101000011101011110101011010001100010010111111111011100000101011110110111101111000111000010011011100110001101010000000000001100100101111111111011000111000001011101111010111101101111101110111101101111111101
1010111010101000110100000000010001011011001111010111010010100101000110011101011110001011100000110110110001011010011011000110000111110100000000110111110111110101111100001111111101100010111110001100010000000100010101100000001100011110101
1110011010000010010101010101000101001011101101000111111011101111101111110000000011011000101010010110011100001011011011111100110001100111011110010111110001011101110101111000101111110110000111100101010101010101000000111111100101000010101
1000111111011010110101110101101101011110111000010000011110000010101100000111011110010010101010110110110001011011011000000111111101101100000010110000010111000000100000010011100010011110110001101101110101011101101011100000111101101000001
1010010101110010010111000101101001000110000010110111110110101010000001110001000110111011101110110100100101111111111110111101000101001111010110110111111101111110001011110111101110111011111111101101110101000101111000001111110111001010111
1111010100000110110100011111111101111110110110110011010000101011101100010101010110011000100010010101110100001100011000000000011101101011011100100011101101011100111011010110001010010011000000101100010101010100111010100000000001101010001
1000010111110110010111010000010000100011100110011011000110101011000110111101111111111110111011111111000110100001111101110101000111001000001111101000000000000110001000000010111010110110011111111110111101011101101110101011010111111011011
1010110000000010110100010101000110001111110011001011110110101010010011100100000000110000011000100110010010101100001100110101101111101101100101111111010101111111011011011000000000000010110111010100001101000100000010111111110001001010001
1111100110110110011110110101010100100000111001101010000011101111011001001101101101111010111010001100110110111001111001100111000001111100110000000011011101111101001011001010111011011000010000000110111111010110111111110111111100011011011
1000001100110100111100111111010110101101100011001011010111111000001100011111101100110010001010100110110110001100011111110011101100110101100101111111000100000101101011011011111110001101000111111100000001011100000100000011001111111110001
1111100110011110000111101000010100100111111011101011111100000010101111110000111111110111111011101100010010100101000010011000111110000101101100000001011101010000111011110011000011111101011110000110110111000110110001111001101011100110101
1010001100111010111100001111010110110000001010001110000001010110101000000110000001100101111111000101010111110111011110111010011111010100111001011111000101010101111000011000010111110101000000111110010001011100010100001100001000001110101
1000100110110000000111100000010100011011011011011111101101110111100010101111010101110000001101101101110101010110000000001111001101010111110011000001110101010100001010110010110000000111101010000010110111000110110110100111011011111011111
1101110100111011011100001101011111011011011011010000001101100011001011101101011101000101111000001100110000011111010110101101100001010100000110011011110101010101111010011010010111010000101011011110110011010010110011111100010000111011111
1001100110011110000111101001011000001001001011011010101001110110011000111101111111110100111110100110110111001111010111100000110101111101011111011000011101010100111111111110110011011011101111000011111001110110011011010111000110001000101
1011110011010000101100001101010011101011011011110011111101011111001101110100000110100101101100101110100111100110010000101010010100011001000011011011011111011110101101101110010111001000100001011000001101110010110000000011010010100011101
1000110111110110100110101001011011001011001110011011011000001111011101100001111100001100000110100011110000110011011011101010111101011101010111010011000111011000000000000010110101101101101011001011011100011011100101011110010110111001101
1010100000110110101111111101011010011011100110111110000010100110010000001111011111011001101100101011000111100110001000101010100111010001010001111001010001010010101101111010010000100101101001101011000111001001110101000011110110001100101
1111110101100110111100000001011010110010111100010111101110110011111101100000000011011011001101101111010011111111101011101110001111111101111011001101011111111010111000011111010101111101101011101001111100011011011101011001110010111110001
1101010111001111100111010101110010011010010111010100000011100110000001110110111111110011011001000001011000000001101011100110100000001100001001100001001110110010001111000101111100000100101000101100000111110001001111011011000110000011011
1000000001100101110000011101100110110011000000010111011001101111101100010100000000011001001101101101111101111111111000101100110111100110111100111101100000010111111110010000011101101111101010101101011100011100011011001011010110111111111
1011110111111100000101010001001110010110011011000000001100100110000110111110101101111101011111000100001100000000110010100101100000111110000101100001101010110000000011010111110101111011111010100101000001110001000001111011010010000010001
1011000000111101010101111011101100111100110011101101011001110011110010101100100101110001000001101101100110110101100110101101110110001100101100101011101110011011111110010111110111011010111010101111101111111011111100001111110110110110111
1011011110000111010101000001101001101001111110111101011011000110000110000101101100011101101111101100101100110101101111111101000111111101101101111011000010110000001110110000000011001010101111100001100000011000000110100110000010110110101
1010000011010100010101111011001100101100110100000001111111101100110010101111100101110001111000000101111001100111100101011001010000111001101100110001110111111010100010010110101000011000000110001011110111111011011111110011010110110000001
1010110110010111010111100001101111100001100111101100000001111110111011101010111100111100001101101100111011110000101100001101011011101111001101100100110000011010101011110110101010111011101111101000111111101110001000111110010010011011101
1010100111011100011111001011101000001100110100001001011111011110100001100000000110000110111111100110001111100110100001100101110000000001100100110101111101010011111000110110101011100000101011001011101000000010100010000011110110110000101
1011101100001101110001101000101010101101100001011101000001001100101100110101010100110110001100001110100011001100110101101101000101010101001111100100000111111000110010011110111000001111100001101000000010101110110111101001111100010101101
1001101101011111111100001110101111111100110101010001110100011110100110010111111110010110101110100010101111011110010101111001110111111101100000110101011111111010011011000010011101100010111111111101110110100011100000111100001111010111001
1011000101011000010001100010101000000001111101111100110110110110110100110110000110111110100110110110100001001100110100001011000000001111001011100111011101010011110011010110110100101000000000001100011111101111110110000110111011110011011
1001101111011011000100110110111110101101100001000101100100000110111110010000111100110000110100010110101111011110110101011001110101100001101000110110000000011000011011010100000111101010111101100101000011000000110111011110000000110110011
1011100011001111101110110111100111101000110101110000110110101100100000110110001110011010011101011111111111110000010111001101100100101011001011100100101010111101010001010101010001111010000111101111101111010101111100001010101011111111001
1011001010011000000110110000110000001110110111110101100100111111111110111100111011111011011001000000000000010101010011011001101101101011011000110101101111110001110101111101011011011110111111001011000001110100001110100011111111000101111
1011011011001101010010100111111101101000100100000100111110000110000000000110010000001001001101011011011111011101010110001111001100111011010010110101100000011100010100000111110010000110000001100001010100110101101011101111010110010000001
1110011001111111010111110011000001001010110111101110000011011100101110101111010111111111111111010011000001111001010110100001101111110001010111111101101110111101111101101110111000110110111111111011111110011101100000100000000000111110111
1000111011100000010011000111111101101110110100001100111011000111101000100011000000000110110110010111110111101101010011101101000000011011010000110000100110010111110000100100001110110110000000110010101011111101101010101010101011101011111
1011100000110110110111110110100001001000110101100110001011010111111101110111010110110000000011010011000011000111111011111001101101001011011011111010110011000110010101110001100110111110111101111000000000000101101110111110101000000001001
1000101101111100110010100010111101011010010111001110101001011100111000010101011100010110111110010111101000011111101000011011101101011011001000001110110110010000110101111101111100000011111111111101010111010111001110000111111011010100011
1010101101101001111010001110101101111010111100011100101101001110000010110100001110110010101111011111001010111101001010111110001101111110011110111000110110111011111100110000010111011000000010111111110001010001100011101101001011010101001
1010100111000011000010101000000001100010011111000110101101011000111011111110100010111110000001000110011010000000011010001100101100010111000010100010100110001000001101100101000001011011011000011010011111111111111000100000011001110101111
1011101100010111111110101111010101001111110001101111101001001110011000000111101010011111010101010110111110101010111010111101111001000001101110101010110011011111011111001101110101001011001101000000111101100110001101101111110011100100101
1001100110110001111100101000010101100110000100000000101011011000110011111100001011000011010111111111110111101110110010011000001101101100101110101011100111000001111001101001111111111001100111010110000000001110111111100000011000111110001
1101101100110111000001111101010101110100110101010110101001001101111000011001101111011001010000000101010001100011111011111101101101101110100010101110001101101111100011001100011010011011101100010011010101111000000000101010110010000010101
1001001101100110011011000001010101000110110101010011101101011001010010111111100110011111111010111100011101101000011000011000101000100110101010100011011000000000001001101001110000110011001110110111111100000011110101101010011010110111101
1111011000110011001110010101010101010011111111011000111001001100011010101000001111000110011111101101110000101111001101111101101010101110101110101110001101101101011111111100000111111111100010010000001101111111011111111011001011100000111
1000001101100111111100110111010111111111011010001010001111011111011010001101011000010010110011000101000101100011011100011001111010100010100111101111011111000101000100011001010001010000110111010110100100010100000111011110011000111011111
1110111000111110110110111111110110101010000000101010100110000011011010101101011011011000010110010000010111111001110101111100001111110111110001100011001100011111111101111011110100000101100001010010111101110001011100000111010011100001101
1110011010110000000000100000111100000000111110111110110011101110011010100101011011110011000000111011010000111100000100000101111110000101010111110110011001000010110101110001100101010101101011010110001100000111000001110001111000110101001
1000110010011110101111111110101001011101111100001111110110000011011010101101001010000111010101101111110111100111011111111111111000110000010110110011001101011000000000010101101101010111001110010010111111010001011011111100001101111100011
1101100111010000101000000000001101010001100001100000011110101011011011101111011011010001011100000000111110001111000011000000001110011101010000110110011001110011010110110100101101010001100011010110001100010111001000000101100100000110111
1100110011011010111111111101100001111011001100110111011010101001110001100001111111110111001101111010000000100001110110010101100110111001010101100111001100110111010011111111101101110101101011011111101110110001011011011111101101111110001
1001100110010011110110000000110101100001100111100011000010101011111011110100000011000111101000011110101011101100010000111100110100110011010100110011011001110001110111011001101000110101001011000110000110011111111110000000100100000010101
1101101111011010000000110111110101101011101100001111010110101011000000110110101111110000111011110010101111111110110101111111111110011001111110110110001101100100110000000011001101110111101001101111101111000000101111010111111110110110101
1001111011011011110111111100000101101010000111100001010110111011010111110110101100000110110000000111100000001100011111010111011011111100100010010100101100110101100101110111101101100010111100100000111010011011101001010000111011100011111
1011011010011011000100000001110101111111010111001011010010110001110001100110101101010010110101101110001011011001000000000000000000001110001010110110100101110100110100011111111111001000000101110110110000110001100011111010000000101000001
1011000000110010011111101011110101000000010100011001111010100101100101101100111001110111111101000011011001111111111010111010110101111000111111110100101101100110100111000011000001101101101111010010100110011011101110101110111110111011011
1011101010111011111100001110000101010101010101011100011011111100101100101110001101000000011001101110011100000000001110001110010101100010000000011110101101111100111100011001011111001001111011011010110110110000000000000110000111100011001
1010001011100011100001101000110111111101011101001111001011000001111001111000111001010101111111000011001101101111011000100011010101101111011111011000101000000110011001001100000001101100000001011110011100011101011101011111110000111011101
1011101011111110001111111101100100000001000101100001011110010100001101100010111101010100110000010111101101101111111101101011010111001000000001111110111010101110111101011001111111111101101100010111010001000101000101001101111110011001101
1001101010000000101000000000110111010101011111110111110011011101111001101011101101110101111110110000111000100000101111001111110001111101010100110000111010100010101001001101011110011000111101000101110101011111010101100000000011110011001
1011111011111110111110110101100110011101011011000000000111110001111100111000001101100100011100010110001110111011100001100110010100001101011110011010001110101010001101011000000000110010000101110001100101001011110111001101101000011001011
1111111010010111110000011101111111010001000001101011011100110100001101100011101101110101110110111110111010011011101111110000110101111001001011111110101110101010111101011011111101100110101100010100110101100001110011111001101011110011001
1101100011000001100101110000101001111101101111111001000001111101100100101000101101000101100000011100000010110000000001010101111100001101100000001100100011101110011001010000001111111110111001111111110111001011011000001011101000111001011
1000111111111101001111111011101100110001101110000011110101100000101111101010101001010111001101000110111110111011010111011111011111011001101111111111110110000111110011111010100000000010001100001011100110011000011011011110111010011011111
1110110100000000011010000011000110111111100011101010010101101010100001101111101101010001111111010011110010001111110000011110000001001101000000110101011111010000011001110010101010111010111101011010110111011011110011010100001111110010101
1000000110101011010000111001110000101100001011001000111100101010101100100111101101010101000000011001010111111101100111110100110111111111010110000101000101011011111011011011111110001110000111001010111100001000011010000001100000011000001
1101110000111111111010100011000110000001011111101101111111111010100110110010100101010101101101001101000011110100110111110001100000010100011111010000010001110000001010000000000111111000101111100000011111011011111111010111111011111011111
1111100110110000000011101010010110110101000110000100110110001110101110111000110101011101001001101000011000000001100000000100110111110001000011011101110100011101101111101010110000001111100000101101000011001001101111110000001111110001101
1010110111111010101010001010110100110111010011101110000010111100101010101011100111000101111101111010111011111111111111110101111111110101010111111001111110110001100110001010010111111001101011101101010110011100001011000110100000010100001
1000000100000011111111101010111110011100011110100110101010000111100010101000110011101101110111011011100001011010101111111111000000010101110000001100011011111011001111011010110000000011111000100111110110110101111001110111111010111101011
1111010111010110000000001010101011111001011000001110111000111100001010100011111010001111000000000001101100000000000000000110010101111111000101100101000001100011101010011010111011111110011010110000010011100000000011000000011110000101001
1000011110011111111010101110100000000011011010101100011010000111011010101000011111100110010111011011101101011011111010110000110100000001010111001101010111111010000011011110011000000111001010010101111000111010111110011011000011011101101
1011011000110010111111100110111011111011011010100111011011111111001010101011110101001111111110011000111001011000110010111101111110101011110001100101010001010011011010000110110010101101011111111111101010001010000110110001101111000111001
1001111101111010000001110110111111000011011011110011010000000001011110111000000001101100000000110011111011001101111110000100011011111111000111001101010100011010001010110110011010100001011111100110001010111010110110010101111101111100011
1011000001000000101100010110100000011011011011000111110110111111110110001110101111000110111110011001100001011001010011011111111000000001101100011111011101111010101110111111011010110100001010101100101010001010111100111100000100000110111
1001101101101101100111000011111111010011011011010011000110001110110011011000100001101111101000110011111011111100000111000001010011011011000111000110001100001110101100000001010010110110111010100001111010111010000110011111010001101100001
1011001001101100110011110111000000011001011011010111101100100000010111111101110111000110000010011000110000000110101110011100000111111011110100011111011111011000111101010101111011100100000000101111011010001110101111000001010111100110111
1001101101001001100110000001010110111101001011010001100110101011000000011000110001101100101010110010110110110010101100110001010000001001100101000110000001001010110001010100011000101110110110000000001010100110100001010101010000101100001
1111111111111111111111111111111111111111111111111111111111111111111111111111111111111111111111111111111111111111111111111111111111111111111111111111111311111111111111111111111111111111111111111111111111121111111111111111111111111111111
