11111111111111111111111111111111111111111111111111111111111111111111111111111111111111111111111111111111111111111111111111111111111111111111111111111111111111111111111111111111111111111111111111111111111111111111111111111111111111111111
10101011011000000000001101001101011001010110000110011000001010101100010100110010110010101010010101101011010110101001000001101010101100010100000110101011010000101100010101000011010101010100000101010010101000010101011001100101000011010001
10000000000011010110100001011000001101010010111100111111100010100111010110100110111000101011010001101010000010100011011101101000000111010110111100000000011101101001110000011110010101000001101101010110000011000000011101101101011110000111
11110101010110010111110101011111101101010110011001100011101110101100010100110010001110101011000101100011101010101111010111100011010010000110110001010111110101101011010111000111010000011111111001010100101001011111110101100000000011011111
10100101010111010101011101010110000101000100111101111010000110101111000110111000111000101000011111111001101110100110000110110111110110111100011101111110100101100000000001111101010111000010011100010001101101010101010001101111011000000001
10110101111100011100011100010011010001110001110000110011110000000101110000010011101110001011111111001100001100110000101110000010111100000110110000101000110001001111111111110000010101110110110101110101111111110101010111100011111101101111
10000111111111111001000001000111111101011100011110111001011111011100111111011010101011101000110101011110111110110111111011011110011101111110100110000011111101011101110000011101110000110000000000000100001010110000000010101110110111100001
10111111010100101011110111110001101100000101110010011100001100010110100111010010001011000011110101000110111100110000011001000010110100001010101100101110101001000100000101011000110110011010101011011110101010110101111110100000010010110111
11111100010110101110111110111101000001110000011000110001101111010110001100000110111001111001010101011110101001110111110011011110010001101000000111101010101100010101111111111101100011001011111001011011101010100111101110001111110110111111
11100001000010101100001100011001111101000111001101111101000111010110111111110110101011100011010000001100101101000000011011000110110111111010110111111000101001111100111100110100001001011011011101010001111010110110001010111100000000000001
10001101101000000001100111011100011111101110011001011111110000000010110110000110000010111000000111111110101001011111110001010100100000011011111100011110101101101101100110110001011011111110000111111100110000000000111010000001010101111111
11011111111101010100110101010111000110111011001100010110111111101110110111110011011110110011111100111110101100000011011101011110001101111011101101110000101000000000001100011011111000110100111110110001100111010110011000111011110100000001
11110100000001010111100100000000011100110010011101010110001000000110010101010110011010100111100110101100100001010110001100001010111111010010101101011110000010101101111101111000101110010110101100111100001111110011000010001000010110101111
10100111111101011100110110101011001101111000111001000011101111110110110101000011010010101110110000001110001111111111101101111010000010011010101000011111011111111111100100110011100111010100000110011001101000011111101110101111111111101001
10001101001101011110000000111111100000101110101111110110101001000000110101101110000110101010110111111010111010001011000100101010111110110010000011110010010101010110110001110110001101110001111100110011111011001111111100100000101011111011
11100101101101010111010101110100111010000010001110000010101101111101100001000011010110101000000101010010101010111011101101101010110110111010111000011011000000000010100100000000101000100100001101111011011011111011111001111110001010110001
10001100000111110101111111100001100010101010111011111000001000011000111101011111110010101011101100011000001000101001101000100000000000010000001111110011011111111000001101110101111101101111111001101000000000000001101111011111111010000111
11101111101110000000001010111100111111111000001001101111101101001110011101000100110110001011111101111101111010001011001010101111111111110101111100111011000111111111111111111111010101100001001101100010101111111111000111000001011000101111
11000011101011111111100000010110001101011011100011000110000111100011000000011101100111011000010101010001000011111011101011100001011100100111110001101010011100000110101011011011010101001111011001001111100000000111110101011111000010111101
10011110001001100011111111000111101000011111101110011111110110111011110101001101001101001101110101011101011000011001000001001011010101101110011011100011010001011100000011000001010101011001001101011101101111111101010000000000011111111001
11000011100011111010101011101100001111010100101100111111100110000000000111100101011000011100100001011000001111111011011111011110000000101100110010111001000111110001101000011111010000001101011001000000111111011001010111011101111101101101
10010110001001010000000010100111100111010110101110000110101100111010101111110100001110111001101011011101111110110000001011011111110111100001110110110011011111111101111011000011000110111100001101011010000000011101010001001100100100000001
11110011011101011111101000110000001100000010100111101100000111110010111001010110111100001100001111010100011010111011111001001010100000001111100010011011010101011000001011101000011110000101100000001110111111110001000111111001101101111011
11110111111000001000111110011011100111111010101100000111110011011110111101000000110110111110100110000001000010100000101100011010001110101100101110110000000000000011011110001101000010110000111011011111100110111100010000001111100001111111
10000010101011101011110111011110110101110000000111110110000110010111100001011010010110001010111111011011111110110111100001110011100011111101101010111010101110110110001111101101011011110110001011000000110110011001111111111010110111000101
11111010101111000001100001010110110101011111110011010011110011010011111101111111000000111010010101001111110010100000101111000110101111100001100000000010100011111111100001111111111000010010111001010110100111001100100001011010010000011101
11000000001101110100001100000100000000000110000110010110010110011010110000101101101011110000110101011101011010101110000111110010000000101100110111010111101111011101110100000110110011110110011011111111110101011001101111011011010111111001
10011011100101110110101111110001010101010011010011010011010111001000111110101000111011011110010100001000011010101111101101111010111111111001100011111101111110000100011111110000111000110010111110101001100100011011000101010000000110101101
10111110110100011111101011111111010111111001111000000110000011101110000010101110110001001100110111011011110000000000111000011000011101110011110110011100111010110001111010011011101101100111111110100011110001000000010001010111010000000001
11101100000001111111111000010111111111001100100011011111110110001011111000000000110111011110010110011000000110111111111111011101000000100110100000110110101000011100110010110000101100110001011010001111100101010101111100000111011010110101
11000111111011010110111111000001101101100110001111000110000111100001100010101110010011011000110011000011011111101101001011010101111010001110101111100000100011001111110110010101101101110100000000100011001101110100001111010001011010010101
10010000000011010110100000011100001001001111111101110011110101111100110111111111011011001110000110011111110001000101011001000000001011111100100000001110001001101011010100111101000100010110111010101000011111000110111011111011110010110101
11111011111000000010111111110111101101100110110000010110100000110101111110010000011010011010111111000101111100010000001101101111111111010110101110100011011100111000000001100111011110111100001011111010110001101100000001101111111110010101
11110010001111111000110110100010100001101100011111000110001111100000011011011111011010111000010110011100000110111101011101100101010101000110100011101111111110011011110100101110000011101001111111011010000111000110101100000101001111010101
10011111100001101110100000001000111100001111010111110100100110111101110000000110000010001101110100111110111110011111111001101100000000010000001000101110101011000000010111101000101000001100110100001010101111110010101101110001011011110101
11011111111100000000001011011110000111011011000100000110110110111000011111110011111010111000110101100100101010110110110011101101111111010101011011100000000001110111110110000011111101111111100001111010111101111110100100111100000001111101
10010010111111101011111111110110111101010001110111101111110110101110110100100110110010110011100001110110101000010010110110100000000001110111001000110110101011000000110000111000010111100110001100001111111000000011101110000110101101000101
11011000100110111111100101000000011000011101110110101101010100001100100110110100111010010110111011010110101011110110000000001111111011111111011101100011101001101010011111111110110010110110111110100101100011111001111000110110100101011111
10001110101100110100110001110101001111001100000000000101000110100101101100100110011011000100011011000010100011100011011111101111101111001001000101101000101111101011000000000011110110010110000010110000001000101100001110011100110100010111
10100000000110000110011100011111101101011111101011110001101111110101001110110110110010010001000010011000001110111000000001100000000101101011111111111111111111001111110111011111010011000000111111100101011110101110100010110001100111000001
10110101110111110111010111011011001101011001111111100100000011010100011000000010011000111111011000111111011110011011111111111111111101100000101010110011111001011101110011111000010110011111111101111111110110000010101011110101110011011011
10100101000010000000000100000001101001010011010100001101011000000001111111110110111101110011111010000001111011010011110101000000000000001101101010110110101011110001011110001011110111000000000000000000000111110111111111011100111001011001
10110101101000110101110001110100001101011010000001101111111111110100011011010010101001011010101111011011110011010110000000011010101111111111000000100000000000011011011010111010100000011111101111011011010000010000000000000110100011001101
10011111001010010101000101100111100000000011111111111010101011010111110010000110001100011000000101111111010110000000101010111110100000000000011010001011011111111010001010100010001011000001111011111001010110110110111111010010110111100111
11011011111110110101111100110100110111101001010111010000000011010110011011110111101101110011111101110101000000110101111110000110110101110110110011011001110101010010111010001110111111111111011000001111110110111110001111110110110001110001
11110001100000111111110001111110000100101101010101011111111011010010110011100001101001011010101101000000011111111100000010101110010101110010011011111101100001011010101000100000110110010100000011111111111100001100100001111110111111000111
10100100001110011110000101101011011110001000010101010111000011011000011000110111001100000000000101011011000000001110101110101100111100011111111110110111110111010010000010101010000010110001111000000001011111111111110100000011101001101111
10001101011111110100110101000001111111111111010101010101111001001111011110100001100101110101010101011111010101111000100111100110011101011011010110000111110101010110111111101011111010000100111010101100000000000011111111111111000011100001
10101001011001100111111111110100000101100110000001000100111100011010010100111100110101011111111101010001010100001111101101111111000111110000000000111101100000000000000000111111111000111110001111111111111111111110101011000000010110111111
11111111111100110111001010111111110000110000111101110101101001000011010110111110100000001010101000000111111101100011100000000110010010100110110111110100110110101110111111110110001010000010111101010010000111010110100000010110110000000011
11010110101110000001100000010011011110111101100000000001101011011001000000000000001111100000000011011110101111111000110110111111011000001100010000000001100011100110001010100000111110110110000000000110111100000010001101111100010110101001
10000000000011101100001011011000000000000001001010110100000001111100010110111011100000101101111001010000000000111110110010000011001101011101010111111111110111101100100000001010100010011111101111111110010110111110111101011111011111111011
10111111011011001111111010011111111010110101101011100110110101101110110111110011001111111000011011110111111101100111110111111111100101000101110011010110100000111111111011111111101111010011111000111010110100010100000111010111111011111001
10100011110001111011100011001100000011111100111111001110110111000000100100000111100001001111001111110000101111101101010000001010101111101111111000000010101111110000110000110101000111111010110010000000000001000001111100000000000010101111
11111001111101100000001111100001111110000001110100011000100110010101101111101111110111011011111111010111100011000000011010100000100110101010011110101000000011100111111010000000010010101000000111011010101011011100000101011111111000000101
11010011011000101101011100111111111111101101100110110010101100111101101100000011010001000000000010000010101110010101001110110101110000100000110010101010101000001110101111111111011000001010101101111110111110000111111111010100001010110001
10011000011110111111110110000000000000001111110000111010101001101111101110110110000100011011011110111000000100110111100010110100110101110110110111111110101011111000000000000001011011111011111000110010010111010010000010000001111110010111
11011111010100010100100011101010101101011000011010011110101101000000001000110011010101111110000000011111111101111111111111111110011100011100000000000110111000000010101010110101001000000001000010000111000001011000111110111111010111111111
10001100000001010110111011001010111001111110111110110100111101011010101101100111110100000011111011000110000101011101010001000010110001001111101111111110011010111111111111111101111010110111011010111101101011111010000000001111010101101101
11100111111101000100000001111111111111101010110110100001110111111011101100110110100101011111111110010010111100000000000111010110011011100011000011011000111010001101010101101000001010010011011110001100111110110010101111100000000000100001
11101101010111110111011011011000001110000000000000111111010110000001101001111100001101000010000011111000000001111111111101011110110001110111101000001110001110100000000000101010111110111010000011011101111110011111100000110111101111101111
10000000000010100001111010001111101011110111011011111100000011101011111011000001011001101000111000001011011100000110000000001011111100010011001011011000100110110110101010001110000111101000101111110100001010110101101101110000100001101011
11101101101000111101100000111100000000000100001111000111111010001001100011101011011011001011110010111001000101010000111111111011000111111010011001001101101111100110101110100010110000101010111110110001100000000000111100010101111111000001
11111111111110011100111101110111111011101111111101110111111000101100111010111010001001101000011010011011010101110110000000010000011111101110111011011111100000110110100011101010011010001010011010010111110101011111111001111100001110011011
10100000000000110001100000010100011111111000000000000000000011101001111010011110111011111011111011110001111100010011011101110111111000000111100011000000101101100011101111111010111111111111001010110110111101000001101100101001111000111001
10111111111110110100001101000111000100110011111111111010101000101101100011000110100001100011110000011111101111111110000111100000100010110011111001011101111000111000100000011110000000000001100000000000001111010100000110001100000010101101
10010100100000000111100111110101110110100111111100110011111101111001101010010000110111111000011111000000000001101111011110110111101110011000111011001101011110100010101011000010101011111101101101110101111001010101011100101001010110001111
10110110111111010011111100110100000000001100000110111011110000110011111011111010110110000011000001011101010100101011000000100010101011110010001111011100000011110110111110010110101000001111000100111111101011111111001111111011010110101011
10110100000100010110010110000111011011101001010000000010100110011001100011000010010100110111101111111101011110000001011010001000000001111110111101000101111110000110000011010110101010100011111110000011000010101011100000011001010110100001
10000001010001111111000011110100011111101101011110101010001100111100111011101011011110110001100010110111111111101101111111011101111100000010000001011111101011101100111110010010111010101000000010101000011110000000111111111101111110101011
10110111011111101011110110000001110100000101010000101111100110000111111001101110001010011011111000000001110101111100000001001100010111111111101011000001000001100110011011110110011011101011011111111010111110111111100000101111101000101001
11100001111000000000110000110101110001101111010101101110001100110100000011111000101000110000111010110111010000000110101111101101000000001111111111110100011101101111000001111111001000111110000101001010010000000010110111101010001101101011
11110111100011111110100110111111011011111011010100111000101001100101010111011101111010011101100010110000000101011111111111001101111111100010001111111101000101100001111100000110011101111000110000011011000101010110100110100000111001001011
10010100001111000110001111101010000001100000011111111101101100110111011100000000110011001100110110100101011111001101010001101100000000111110111011000111010100110100000101011111000111001110110111111111111111111100001100001101111101101001
11011110111100010000101000000000111011110111011111000001101101100110011111111010011011011110010110110111000011100000000100101101011010110000001001010001111111111101101101000110010000011000100001011001111010101101111001011111001111111011
10001011110001111110101111101010110010110011110101101011001101101111010000000010111110000011110110100011101000101010111101111101001010010111111011011111111011001101100111111100110101001110110111001101000000000000000011110110011011001111
11100001000101000000100110001010011010100110000000001010011001101101110110110110110110111111110110110110111101101010001101010111011011000001101010001100010000011001110010101111111111100011100011011000011111111110101010100011000000011111
11101100010111111010101111101011010010001111111010101011001101101101000111100010100000000100011110100000000100111011100100000011001001111100000000100001110111111100011000100100011111111111111000000011000000111110111000001111011111111011
10001111111111101010101010001010011010100110000010101001101000101000010100001010101110110001001011110110111101111000101110111111101100000111011101111111100110101101011010001101110101010110001101010111111111100010001111100010000110101001
11011001111101000011101000101011010010101111111010111100111110111010111111011011101000011011111001100110001100001101100010101000100101010001001111110110110000001111110011101001010000000010111111110000000111101111111111111110101100001101
11111100010101110110001101111001011111100011000011100001100100011010110000010001111101001000000011001100101101111000101010000011101101011011100010100010110111111010111000100011010111111000011000110111110000000011011000011100111101111001
10100001000000000011111101100011110101101110011000101011110001110011111101011011011001101101110111101001100100001111111111010111100101110001101000001110000000000010011010101111000000111101000011100000110101011000000011110110010100101011
10001111111101011011000001101110000000001100111101111110000100011000110001010011000011101101100001101101110110111111010101010000101101000101101011011010111010101000111111100110010110001101110111110101111111011010111110110000110101101001
11111111000001110001111011001111101010111110110000010100110110110011111101010110010110000111111011001000010100000000000001110101111111101101111001000000011111111101101101101110111110111000010000010101011011110010011010110110000000000011
10000000010100111011000011011000111111110100110101000110100110011001100001010100110110110000001111111101111101010101011111111111000001101100110011101111000000111111100000101010000010011010110101111111010000010111000000010011010110101001
10111111011111101001110111111101110101010101110101010011110100111011110101010101110010110101100000010101101101110111000000000011011111100101111001100001011111101011001011111010111111111110111100001010000110111100010110110111110010101101
10100000001100000011000101000000000000000000010101110110000110110011000101011111000110100100110111110000001101110001101011111000000110110101100011110111000011000000011000011000000011111111101110111000111111101111111111100010111110100101
11111110111111010111010001110110111101010101110100010011110100110111101101111010010010101110100000111011111000010111111010111111111100010100111000010001101000010101111101011101011000011011100110001011110000000101101011001000000011110111
10000000001011010110010111010011111001011100011101110111000110110101001101100000110110100010111010011000011101010001011000000000001101111110110010110101101101110100001111110001111010110000001110100000000101010000000000011011111011010002
11111010101000011111011100000110001101110001111100110110011110100001101001111110010110101110100011110011001101011011001010101110100000000011100110110101101100011110111001111100101111111011111011111111111111010101101011110000011110010111
10000010101101000101111111111110100001111100110001100100111000110111101011000000110100100111111000011110011101011000011011100011111111011000101100011111001111111100011011010110000101010000111001011100001011011101111111111111001100110111
11111110100111010001110101101011110111000001111011110110100010010110111001110101100110110011011011111110110101010011111000111111010001111111111001001001100000000101001011010110111101000111101011000001100001001100000000000011011101111101
11010000101100010111000000000000010011010100110000110100101010110100000011111101111111100110000000010010000101011000001110000000000111101101111111011011001101110101100000000000000000010001100000011011101011011111010110111011010100101001
10011110111111010110011011111101000110011110011011111111101010011111111011011000001100001111010101000110101101010010100010111101110000000100100011010001101001111111110101110110111011111100001101001110111111110000010010001011000001101011
11000000001011011100110010000001010010111011010000011011001011011000000011000011011110100011110101011111111111111010101111101111111010110001101110000111111100001011000100110010001111101101100111100000000101111110110111011001101100000001
11101010111000001101111011010101011011100000011101110000011001001111111111110110000010110110000101000101010010110010100001000000011111111100000111010000000110100001101110010110111100000111111111110101010001010010100101011011001101111101
11111010001111011001000010011101010011001011011000011011011011101000000100000011010111110011010101011100000110011010110100010111110101011101010001111011110110110101100010110110000001111111011101011111111011000111110001011111101100001111
11011011011000011111011011001101011010011001111101111111010001111101110001101110010001011111110101000001010010111111110110111111100100000101011111100000111100110100110110110110111111100000000100001010101111110001100101110000111001011001
10000001110011001100011010011101111111011111000001110000010100110111000101000011010100011000000111011011111000001101100010101100110001111111000010111010001111100110110110011100011110101111010001101000000101000111111100010111111101000011
11110111000110011110111111011001100110000110010100011110110110100011110101101111111111010011101100001001101010100000110110000101110111111011111110001111011000111100110010111101000000000001011101101011111101010110000101000000000101011001
11000011110011011000110000001100110111011100110101001100100100111000000101000000011001111010000101101100001110101101111110110000000000000000111000100011010011111111111010100001101011111111111111000000110100011110111111101010101101011011
10011000110110011010111110111111100000000111100101011110110111111111111101010101000011110011101101000110100010111101001011111101101110101010000010101110000111000011010011101011001000000001100001010111110001110010111110111010101101001001
11001010110011011111101110011000001101010011001101000011111100000000001001010111111111011111001101101110110110000101011001101101100011111111011111111000110000011000011000101001111010101111101111110111000111011000000100001010111111101101
11101010100111110101000000111111111101010111101101010111011111111111100011010000000001011101011111101011110110110100000011100111111000110110000001011111100110111101111101111011100011100111000000110000010000000011111101111111111010101101
10001010110001100000010101110101100001110110100101111100000000000000001011010101010100000001001100000000011100011111011000001110001010000011011111000111111110001111000100110011001000110000011110011010111011101000000000000000000000100101
11011010110100110101011111100001111100010110001101101111110111101111011010011101010110101011111111110111000101001100001010100100111110110111111001011100101011111000010101111011011011111011111111111110001001101011010111111111110111111111
11110010010101111111010000001100000001010011011111000101011110000111010011001101010010111011000011000011111101011110101011110001111110011110100011010110101011000010111111011011010010100001100011010111111111101001010000000000011111011011
11100110111101100000011101011001010101010111011111110101011000110100011001011111011010001111101000010110101101001010111001100100001011111100001110000000000000011111101010011001011000110100001110000011110000111111110101011011000000000001
11001100011111001010111111111111010101110110001100110100000010011110111011001100001111011110001110110000000111111010111011110101100001110111100000101101101011000000000000110011001101110101100110111110000111110000111111001111111101010101
10011111110110011011100000001000010100110111101001100001111010111000001010011001100101000010101000100101110010000010001010111101101011000001001010111111111001111110110111111011111101100100110000000000111110000111101001100000000111011111
11011000000000110011110101101110111101100101001100001011000010110010101011001111110001011011111101101100011000111011101000000100101000010100011010000011011100000011110011001010000101001111110101110110000000101110000011001110101111000001
11001101101101111010000101000000011001001100011001101110011011110111101011100010110111111110000001100110110010011111101011010110111101011110111011011001010101011000011000011000111101100001010100011111010111111010111111111111111101101011
10011001111111101111010101101010110011101110111111001100110011000110001110001110000000000010101011001100011010110100111011011110001101111010101111111100000111111010111110111111111111110101000101000001010000111000000011000001010001111111
10111100111000000000010111111010011110000110001110011110011010010011100110100011010101011011111001101110110010000001111011001100111000000010100000000111011110101010000111101111000010110111010101101111011011100011111111011111000100010001
10011001100011110101011100000010111100101111111000111010110011011011001111101011010101110011010011100110011011010100101110011110101110101010001101111100000000001011101101000000011000010100010111000001011001101110000000000000011111000111
11010011001010000111110001111111100001101001000010110000110110010011101100001010011100011010000110001111001011010110000111001100000010101010100111111111011011011001100000010101001011010110110110010101001100000000101110111011000011111101
10010110011111110110111101000000001101111100010110111010100110111110000101101011001101001111010010100011011111010011010011111001010111101110110010000111001001111011001010111111111111111110110111011111111110111111111111111111111110110101
11010011011000000100010101111110101100110111010100100010110011110000101111001011011101111000011010101111001100010110011000111101010011000111111000110001011100101111111010001010110111101011100011011010111000000011010001100101101110100001
10011010001110111111000111100000101101100110011110110111110110000110100001111011000101110010110011100001011001010111001011101101011001110000011011111111011001101101111010100000000011000001101010000000001110101000000100101100101010101111
11001111011011111011110110001101101100001100110000100101100011110100101011000001101100011010011011001111111101010011011001000101011100011011111000001111111100000000001111101101011000011111001111101010100110101101010110100110101000001011
10011000010000000000000000101101100110101101100101110100001111110110101111110111000110111011111011100000000111010110001100011101000101110001101010100001110001101010100101001101111011000001011100001110110010111001111111101100000011100001
11011101010101101101010101101101001100111001111101100101101100000011100110000001101100101011000010001101010110010110111110111001011100110100001010111100011111111111110001100100101001010101010111011000010110001100101101100001111110111011
11110101010111101111110101000111100110001100011000110100101110101011001111010100100110001001111110101101111111110110000010001101001101100101101110111111110110111111111011101111101101011111110000011010110010111001101000001100111010001001
10000001011100001011100101010100001100100111001101100110101000111001100011110101101100111011000000101100101001100110101111011111011111110111000110000000000010001010110000100110000111000000110110110010011010001100000011011110000000111111
10111101111111101001001111110101011111110011011000110011111110100011101010000100111110001001111010101110000011001100100001111111110111000001101100110101011000100000011111110000101111111111111111111011011110111110110110000110101111110101
10100001000101111100011010000111011000110110001101110110010111110110001110110110010110111111010010111011011011111101110100101101100001101011111101100101111101101101010110011111111100101101111001100011000111100111110011010110100000000001
10111101110001010001001011010110001101110011101100010011000000000111100011110111000110000110000110011000001001100000010110000000001111111111010000110100000100101001000010111010110110100000110011111111110000110100000111011110110111110101
11100001100100000101101000011100100000010110000110110110010111101100001011000001101100101100110100111101011100111011010110110111100000110101010101100111110101111101101000110000000010101111100110110110111111110111010001000010100000010101
11111100110111010111111111011001110101010010110011111111111100000111011111010111111110100101110110001101010111111110010110110000111111100000011100110000010111110111101010010111011000101010110010100000000000010110010111110111110111110101
10101001111100010111000000010011000101010111100110001101000001101111011000010000001100101111000111011001110110000011010100110110111101101111110001111011011110100011001011000001111110000000000110001011011111110011010000011101000011111111
10101101010001010001110101011011110101010011101111100000011111001100001111010101111110100110010100001100010000101011011110110110000000100000011100110001111010101111101001101111001111010101111100111011001101010111010101001001011000011011
10000000011101110101111111010001110101011010000110101011110000011001011100010100001100101111010101101101000101111111010000110010110110001111110110011101101000000110111011000111101011111100001110001001111000000001110101100011010011110001
10101111110000011101011100010100011101011011011110101010000110110011010001011101111111111000011101101001011100010101011010100110110011100000000011001100000010111100111111110000000000011001111010111101110010110111110111001111111011110111
11111110000101111111000001010101110001010001110000001111110011111001011111011000000111111101010000111101000101000001011010110011111001101111111010011001010110010110100001111111010101111101101010001111000111100000010001100000011000000001
11010000110111010111111011010101100101110111111101101000000110000011010000001101111100101001111010110001011101010111001110011011011100100000001111011101111111000000001111011111010101110100000000111011101111101010110101101011111110101011
10000101100100000000000011110101001101111100011000111010110100110111111101011000101110001101100010011011000111010001011111110000001101101111111111110000000011011010100000000001010101000111010110101010101010111111111111001001101000111111
11011111001110101010101000111111101111010001000010011010100110100001100001111110001000111111111011011001010110011111111010000101101100100000000010111101010111001010101010110111110100010011110010000010000010110001011011011100001110111101
10001100011000101011101110000110000110000101101110111111110011110111110101100000100011100110000001011011010011000000110011101101100110101011011000010111010001101010101011100000111101011000110110101000111000010111010001111001011000001001
11011111010010101011101000111110101100110101001100001101100110000110011111110110101000110111101011011001011011011110000111111001101100101011111011000001111111111111101000110110001101001110110011111010011111000000000111101111111010100011
10001011011011111010111010011011111110110111100111011000001111110010110000000110101101100001101001110011111010000011010000001101101101101010101111101101100001010101001101100010100101100010111000111111000111101111101101000000001010101001
11011000001010000000111011000001011000110100001100001110101101111000110111010110101100001101101100011001100011010110011011011001101101001000000111101100001101010101111100110110101111101110011110101101010000100011111000010101011110101101
10001101101011011010100010010100001101111110111111011000101100000010111100010011101101100101101111110011001001010111011011111101100111011011010011001101111100000000110110110010100000100110110110000001111011111110111101111101010100100101
11011001101010010011110110110101011001000000110110001101100111101010011001110111000101101101000000011001111011010011111000000101111111001001010111011000000110101010000010010110101101101110100000110100001000000000001100100111110101101101
10001101001111011010000100011101011111010110000110101111111110001110111101000001101101101001101101111100110011011001101010111101000000011011110001011010111110101010101110110011101100101000110111110111011011011111011001101111000000101101
11100111101000001110110110110001001100011100110011101000100000100010001101101011000101101101100100001110011001111100001110000111101101111010110101010010000010111011111111111111101101111110100001100001001001000001111011000001111010100101
11001100001111011000110110110101100111011001111011001110001010111011011001001010010101101101101110111000110011000001111111111110101001100000010111011011101110001000000011111100001100001100110100101101101011011011100000010100011010110101
10011110100110010010010011100100101110001100001111101000101110001010001101101011010101101100100110011101100111110100011011101100101100110101110001110000111111111010111110110110100101011001110101100101101011001000001101111101111110110101
11000011110100111110110110001101101100111110100110001101111000111111011000111011010100101101111111001111110000011101000000000101111110110100010101100101111011011110000000000011101111111100010101101101101111011111101100001100000010110111
10010111011110110000111111101100111110100000101100101001000010010101111101100010010101101000001100011000000111010001010111010000111010010101111111101100000000000110101010101111000000011001110101111111000001000000111001011111011010110001
11010110000000100110001100001001111111110101100110111111110111000000000100110111011111111101100111011101010011111101110011010101100000111101111111001001010111010011111110101101111111001101111101011000010101010110001011111011111010111101
11011111111101110110101111011100001100011101111111110100000110011011101111111100000110110000110011001101011000011001100111110111111010001100010101101101010011010111010111100001011111111100011000011111010111010011011000000000001010000101
10001100010111100100101000010110100111000000110000000111110011011000100001011110110000111011111011011001010011111101110101110000110010101101000001101101111111110010000001101100000000000110110011000111010011011001111110111011111110101101
10111001000010111110101011010000110001101101100101010100000110011011111111010100010101100000011001001101011000001100110000010101111010101111101011100100000000011000101111111111010101011100100111101100010111011100010110001000000010111111
10001111101000000000101011011010110111111000111101110111101100110000001100000001110101110101111011101111001101011001111010111100001010101000101111001111011111001101101111010111111101000110110001100110110110000110110010111101011110011011
10111110111101010110111110010010100100000011110001100000000110011011011110101100110100110100001110111000011001001101100010000101011010100011100101100011000111111000111000000000000111010110010101001110010100110110000111110101000011000001
10011000000001010100011000110110111111111000011111110111101111011011001100111101100101111101100000011011011011101001111011111111001010101001110100101011010000110010000010101101010001111111010101101100110110010111010011100111010110010111
10111111111111010101011110010011111000000010110110111110000001110001011110110000110100110000101101011010011011001100001000000001111111101011000001101011010101111011011110100111110100000101110101101101100100110011011000001111011110110111
10101110000000010101001100110110000011101010100000000000101100011011000111111011110111100101100101001111011001101101011011010100001100001001111011101011110100110001000010110000111111111100110101101000111110011001011101100001000011110001
11101011111010111111100110100011111111001111111101010110100110111001111100000010000011001101101111011100011011001101011011110110111111011011000000111110111101111011010110010101101110101001110101001010011000111011001101111101111001011011
10000000000010001010001111110110000000011101011111010100101111110011100001111011101010011001000111110001001001100101011000110100000111001110011010010110001100101011010111111100000100000011011111111010110010001001111000000100011100001111
10111101101011011000101100000011111111010000000000010110100110000110101011000001101110111101010000011011011011110111011010011101010001111100110011000000100110001001110000011101010001011000001010100010011011011011000011111111000111100001
10111101001010010011101101110110000000010101110111110110110100110000101001101011001000101001010110111110001110000110011011111101110101100110111011011111101111011101000111000111110101001010100000101011111011111001011000000001110000101111
11100001011010111000111111000110110111011100011100000110011110100111111100111010011010001011011100110000111111010110110001100100110101110000011110000000111101010111110001111110011111011011101111111000001000001011010011011111111101100001
11001101010010100010011011101111100100011101001101010011111000110101001111111110111110111110001101111010000001010100010100001101100100110101001100101110000101000110000100000000111011111111000000111101111010111001111001000000001111111011
10011101111010111010110000000110001111010001011111010110000011110000011010100000010110001100111101011011011011010101010101101100110110011101011001100111110001011111101101010111100000010101111101100000001110001111111101011010100000111111
11010001001011100011111010111111011000011101000110010011101010000101111000001010110000100110000111000001110001110101010100101110010011110001001101001101111111111010111111010000110111110101011111110101100110111110011001011110101010101101
10011101100011101001100010001100010010110001111110111010001111010100110010101010110110111100101100010100011101000101011101101010111000011101011111100000000000110010001011111111100000110000010110111101110010110000111101110111101111100001
11010000111010001101101110100110110110100100000011100011011000010101100110101110100100011001101001110101000111101111011001100010110010110001000000110101111111111010111001101110110111100111110000101000011010000110001100000000111101110111
11010101100011011001111110111111100100110110110111001110011010111100110110101110111110111100101101100101010110001100011011001010011010100101101011110100000011010010101011000000000000001100110111101110111110101110111001011010000001010101
10010111110110010011000000011000001110110110110001101000111010011001100110100011100000111110101001101101111111101110111011011010111110110101101111010101111110000110000001011111110101011110100110101111100011100010011101110010111111000001
11010100000011011111010101011101011000110110011011111101110010110011101100110111110110011000101011000100011101100010001011011110101111100101001100010100000011110000111100000000011111111010001110001011101110001011001100111010000011011111
10011101110110011000010101000111011010110110110001100000011011111000101001100110010110110010101011101101010000001010111011010000000000110111100001011110111110000110000101011111111010101010111010111000000011011001011110011111011000000001
11111000110011001110110111101100011110110110111011111010111111101010101100110011011110111010101001100101010101011010001001111010110101111110001011001100000000101100101101000001100000000000000010100011111010011011000011000001111010110111
10000010010110011000110100000101010000110110100000110010001100000011100110011011000000001010101011001101011101001010101011000010111111000000101111100110101110111101101101011100001110111010101000001000001110110001101110011100001110010111
11010110111111010010011110101111110101100011101010110110101111011000101110110011010101011110101001100101011001011110111111101010001111010110100101110110100110000101111111011110100010011110111010111011111111111101100011001110100011010001
10010100000110011011011000100011000100110110001110100010111000001101101011111001011101000010111011001101001101000010011000001011100101111100110000010110110010111100011000000111111011110110111010001011110000101101101001101011111111010111
11010111010111010011011011111010010110011111011110110110110011011000111000010011011101101110110011011001011101111010111110101000110000101001111010110100110111100101001101010000001000000110001011011000000110000100111011000001010101110001
10010110010001111011011011000011010100110000010000100110010110011010111101000111110000100111111011001011111000001110101111111011111010001101100010110110110000001101111101010101111101110011011011111010101100101101110001110100000000011011
11010011010111000011011011011010010110011010111010101111010011001110000101010010100110110101011010011000110010100010101001011000011010111001001110011110011011011100110001010100000100010111110000001010111111101101011111100110101011011001
10011111010110011011001001111011010110111010110011100011010111101100101101111000111100010000001011010010110110111010001100000010110010001111111000111000111001000110010101010110101101111110011010111110000001101000000011001110101011111011
11010000010011010001101011000011010100001110011000110110010101100110100101101101110001011101101110011011100110011010101001010110010110101010000010001010001011010010111101010011100111100000110010000011111111111101111111100010111000001001
11011011010111110101001111110110011111011111011010110011010100001100101111100000011011011000100011011011110111011010101011010110110110111011111011101010101011011011100001011000110000001011110110111111010111010111111111101111110010101101
10011110011110100101100110000100110000000001010011111111111111111001101100111101010001001101110110011000010001010010111001011100111100011011100011101010111001011000110101010011110110111111011100000000000001000000000011000101000110111001
11110000111100001101110111110110100101010101011000101110111110110011100110000001011011011000110011001101010111111010110011001110011001000000111000101010001011011011111101011000010010000000001101010111011100010101011111010001101110001101
10110110000111100101000011000110110101010101011111100000010100000111001100110101111111001101111011011101010000110010011001100011111101101110100010101010111001010010101111010010110111101010100111010111111111111101011101110101100011011111
10000110110110001101011011010011111111011101010000001111000001010001100110110111110101111000001010010001010101111010111011001000001101100010101011101010001011111000000001011010010001101010101110010000110000001101000000110101001011000001
10101110111111100111001111110111100000001101110110101111110111010101101100100110000000011010101011010111111100001011101001101101011001110110101110001111011000101101101011011010110100111010100011010110000111111111010101111101011011011011
11101010011101101100011000000100001110101100110010101000000011110100100101110000101101001010101111110001100001101001100011000111110011000100100011100011011111100001111110001010110110001010101110010110111111111011110100000111111111011001
11100011110100000111001110101110101000111001111011111110111000110110111111110110100101011010111000000111110111111011001011010000011011010101101011001111000001110100000011101010110011011010101111010100000000000001111101111110110000001111
10001110000001101100011000101100111110001100101111000000110010010011110110100011101101011010001111010100000000001111101111010111111110010101001111100001101111010110111111001110100111111011101011011111010101111100001100011010010101011111
11100011110111001111011110111111100000111001100000011101111010110110000000001000101101011110101000010110110101100110000110010000010111110101100001101011000100010100010101101110110100001010000001000001011100000111111001000000111111011001
10001011000110011000001111100000001010011101110101010001100010011111101011101101111111000011111101010011110111110100101111010101000011100111001101101001010001111101000001100011100001111010110101010101011110101111111111111111111001001011
11011001110010111101101001111011011110110000011111011100110110110000001010000100011010011011000001011011000010111111100011010101101000110011011111101011110100000111010101101001110101101110011101110101000011100000000111000111010011100001
10011011000110101111111100000011011000110101000011111110110110011101101110101110110010110011011101011001111000001011110110010101101101111110011000001001100101010110010111001011000100000010110000010101101110001101111101110000000110001101
11001011110110101011010111111001001110100101010110100000110011010001100110101100011000111110010001111101000011011000110100111101111100011111001101011011001111011100110001101001101101010110111010110101100010100100000000000110101111100101
11101010100011100000000000000011101100101101010100001101100111010101001110100110110010010011011011000001111011000011110101110000000111000001011101011111100011011001100101111100101111010010011010111100110110101110111101010010100011001101
10001010001011110111011010110110001101101101011110101001001100011111100010101100011010110111110001101101100011011000010100011010111110011011011001000111110111010011111111011001100011111111011010000101100011100010000101010111101111100101
10101011011110100110001010100010100111001111011000111011011111011000001111101110111110000001100100111001111010011010110101011010011000111001001011010011010101111000000000001101101000000001010010101100110111001111010101110001100001101111
10111110000110001111011110110110101110011000001110110010000111111110100000101000100110110111110101100011000010110010110111001111001101100011111011010110000000110010110101111001101011101111110111111101100001101011110100110111001111000011
11100000101100111000000110110010101000110010101100011010101100001110101111111110001100010001011101001001111011110110110001100001101100111000011011010110110101111110111111111111101000111010110000000100110101100000011110110001100001101001
10001010101101100011010110100111101010100110100110110010101101101000100000110100101110111100001101011011000000010110100101111011000110001011111001110011110100001100000010001100001010000000011010101111110101110101001011111011001011001111
11111110111001101001110110110110001010111111111111111010111111100010101011100001111000000110111111011010010101111111101100111011010100101000001111000110000110101110111000100110101111010101111111100011000101000101100000101111111111100001
11000000001100101111110010100011011011110000000000000010111010110110101111110100111101011100011011001111010100011011000110001110011110101011100101101111110010101000001101110011100011011100010101111011010101101100101010000000110101001011
10011101011101101000000111111001011001100101010101011010100000000110100000011101101111001101010000011000010111000001101100111111011111101000110000100110000111101011011000110111001010001101000000001011011101101101111010101110000001101111
11010001010001111110101101100011010011110111110101111010111110101110110101110000000011100111010101111111010100010101100101111000000110001010110110110100110011001001011111110001101011100101010110111110000111101100111011100111011100101101
10010101110101011000100001101001010110000110000101000010110000101100100100110101101001110011111100001110010101011100101100101101010111101111110110011110011001101011000000010101101001101111010100000111010000100110001111110011000110100001
11011100110111011110101011111011010111010111011111110110100101100110110101100101101011011000011101111000110101000101101110000101010011100000010100111100110011101001011011111101101011000001011110111101110110101111100000110111111111110103
11110001110110001111101011000001011100010100010011000011101101110011100100110101101011000011110000001011110101101101100110101101011010001101111110000101110110001011011000001111001001101111111010000001111111100101111011110000000100110101
10000101010110100001001110011011001111011111011000010110001000011010001101111111101001101001100110101011000100111001110110111001010010100100101010101101100011101010001101100001111101100001110010110101000011111100000000010101110001111111
11011100010011111101101111001111111000011011011110110010101110111110101100011000001011001011110111111111010110011101010110011111111111110110000011100101001011001010111000101111011001110100000111110100011110110110111011111111111111000001
11111001010111000000000001100010111011010010010000010111101000100000101001111101101111101011000001011000010111001100010100110110100000000111011001110101101001101110111101111101011100110101101100000111000010000110110000000000000000011111
10100011111100010110111011111000001111011000111010110110001010101010101100000111000000101011010101001110110101100110111110000000101101010001001011011111111011001110001100110101010001100111111110110001101000101100111010101111111111110101
10001010011111010100001010110010100110001101101010110010101010101011111101010110011010101001010101100000110100110010011000101110111111111011101000001111011110011000100110000000010101110000000010100111101101100110100010100000000110000001
10111000110100010111011000110110110011011101100010100110101010111011000001010011001010111011010101001101110110000111001010100010000011000000111011100101010111111110110011011011111100110110111111110000100101101100101010101111101100101011
11100011110001010100011011100110110110010001111011110010101111110001010101011001101010001011011101011000010110101101011111101110111111111010011000110000000000001100010110001000000110100010000000011010101111101110101110100001101001111001
11001010000101011101001001101100010011011011000010000110101000000111110101011101101010101011011101001010110111100001011000000111111101000010111101110101010101011110110110101101101110101111010110110011101010111011111000110111000011100011
10011111110101110001101100111110110111111011011011010011101011110000110101110001111010101011000111011110110100001011001111010000000001101010110111000101010111011000011100101100101000101101011111111000100000000001100010011111110110111001
10111100000100110111101110001100011100000010010001111000111111110111110111110100011010101111101100011000011101101111101000010110101111111110000011101111010111110011001110100101101010100001000000011010110110111111111111000001100000011011
10011001010101110100000111011110111110101011010101101010001100000000011100000101111010100000101001001101011001000000101110110110100111010100110110100110010000111001100010101100101110110101010111011111110010011111000001011111001011011001
11111101110100010111101100011000000010111111111101000010111001010110111111010101101010101010111101011101111101010110101000011110111100000001111110111100111110001101101110101111111000110101110011110001011011000001010100000011011001001011
11101001110101011110001111110011010110110000000001101010001101010011110010010100001011101110000111011000011001010010111101001100110001101100000000000110000110101101100111100000011111110100111000100100011001101111111110111011011011011001
10000011000101011100100000010110011111100111010111001010111001111001011000110110111011111000110100001101111101010110100001100101111011001101011011011111011100101100110001101011110101011101100011101111111011000110110000001111011011011111
11011011101111010001101101010011001111111100010110011111111111000011001110110011110000111010111101111000011001010011111101101101000001101111001001000001111001101101110111111000000000001111001000000000001111101100011011011110001111000001
11110010001011111011101101011001100110111101011111010001101111101000011000110110000110001010011000011010111011010111000000100111010101000111011101101111101100100111100011011011111010100001101111011010111110000001111110000011100001010111
11000110100000110011000101111101101100000001011010011100000000101101011010010011110111011010110010110010001010010001101101101100010101010001001101100010101110101110001000001000001010101101100011111010000011101100110000101001111101111111
10010011110101111011011100001100111110110111000011010001101110001111011010110110000011011111111010110110111111011011000100101101010101011111101100101000000011111000101101011101111111100111001000101110110110001101100110101100011000001001
10111011011100110001001101011110000111100001101001110111001111100011111110010011010110000001001110010110000011111011110110100111111101000000101001101010101000001101101001000100000101110011011010000010010011011001111100100110110010111011
10100011010001100101011001110100111101110111001011000111111011101010110000111111110111010100011000110011011110110001100010101110000001101010111011001010101101111001101011101111110000010111001110111110111111111101011001111111111010101001
11111010000101101101001100000110110000000001101110010101110000001000011110101111100011010101001110111111011100000101110111101010101011001010011001101110100100001101101011000000010101010001101000000110101110000000001100110110011010000011
11011111110101101101011001110110011101011011000011111101011110101011010000000011001011010111011100000001110001010111000000111000111001101111110011000110101111011000111011110111110101110111001101010010000011110101100110000011000011010111
10000000000101101001001100110011111101011001110110000000000000101001010101010111101010010011010001101100110101011111110110100010110011000101011111110010100110001101110001100000011111110001101001010111101001100101110011111001101001011101
11111111010101101011011001100110000001011011000011111110101010101011010101110101101110110110010100100110110101011000000110111011111001010000000001011111110010101101100100110111000110000100101101110000101011110100011000001111001011000001
11100000010100101001011011110011011011111001101010000000101011111011011101100001100010110011111110101110110101011101010011111001101101010101010100001101011010101001101101100001011111110101100100110101111001011101111101111000011011010101
10001011011110101101001011000111111000101111101111101110101011010001110001101011001111111000110000101010011101110001111001100011100101011101010101100000011010101101101101101011000001111111101101100100011011010001110000001011010001011111
11011011000110101101011011010100000010001100000011001000101010000101000101101001100001100010110101100011011000110100110011001000110001010001010100110101001010101000101100101001010100000000100101101110110000010100010101101001011011000001
11111111111111111111111111111111111111111111111111111111111111111111111111111111111111111111111111111111111111111111111111111111111111111111111111111111111111111111111111111111111111111111111111111111111111111111111111111111111111111111
