111111111111111111111111111111111111111111111111111111111111111111111111111111111111111111111111111111111111111111111111111111111111111111111111111111111111111111111111111111111111111111111111111111111111111111111111111111111111111111111
101101101100000010101100000110101100100100001011010101101010110100011011000000000001010001100000000101000010100000110101000001010100001010110010100101010101101100100000001100110010101010100010110011010110010101010101100011000000011010001
101101001111101000001101110010100110110111100000010101100000010110111001101010111101011100111101010001110110111010010101011100000111100000111010101101010101100110101111100110000110101010001110011010000011000000000100111010011010110000111
300101101010001111011111111000001100000000001101000000110111000010101101111111101101011001100111111101010110101111010000000110111111111110101010100101010101110010111111110011011100100000100000110010111111101111110001101000111111111101101
110101100011111110010110011111101111111110101111110111111111111010101101010101000001001100001100100000000010001110000111111111110100000000000010110001000000111010110000010111000110001111111110011000000101000010011111001010110101011001001
100000111011011011010110110000000010111010101000000100101001101010001101010101111101101111011110111011111011011000110001111001010111111111111000111100011111100000011111010110011100100000001111010011111101010110111001011011100000011101011
111110101000000001000010111011101110100011111111110101101011000000111101010101001100100110001100101111011010001110111111001100000001010110011101101001110010111110110011000000110101110111011011111010101001011110101100000001110111010000001
110100000011101101111000011110001100111000110100110001101001110110110000000000011110101111100110001100000011011000001101011101111100000111000001101100011000010100011001110110010000011111111010101000001011001100000001010100110101111011111
100001010110001000011110110100100110001101100110000101101011011110011111110111000010001011001111100111111000001101111101010111101111110101111101000101110011110110110011010010110111111001101010101011111001011101111101110101110000101000001
111011011100111101000000100110110010101000110111111101001011001000110100011111111011100001101101110110111111101100111001010010101010100000000001101101010110110010011011010111100000001011000000101000001011000101011000011101000101101011111
100001111111110111111110001111110111101101100101101101101001101010010111001101110011110111101001000010101010101101101101010110100010101111111101101101000010011010111010000001101111111001011101101011111011011100001111111101101111000000001
111111110101000110000011100101100011000000110100000000001011001111010101011001011000110011001101111010101000000000000101010110101010111101010000001101011110110010000011101111000000110011110101000001011010010101111000010111000010011010101
100001010001110111111011110101001001111110110101011111101001100110000000001101001110011011011000000000000010111110111101010110001110010001000111100000001100011000101110001110011111100110110100010100000000110101011011110011101110111010101
111100010101000101000000000001101111100000000111111010101011110111111011100101011011011011001111110110111010100000110101010010100111010101110111110110111110111110111111100011000010110000100001110110111010110101011001010110100010001011101
100111011101010000011111101100000110111010101110100000000001100011011110001100011000000011011010011111111111111110110001010110111101011100111100011110111000011010010001101111011110110111101011111110111111110000000011010100001000111000101
101100001000011111111110001111110010001111101100001010110100111001010100100111001111101111011011011011001101011000011100000110011000011001101111000000101111001010110111000110001000000001101111011011101101100101011000000001101111111111111
100111101010111100000011111011010110111000000111111111110111101100000111110101101101100110000011010001011001010011001001110011011111001101101010011110001011101010000101110110111011110101100110001001001000001101001111101011100000100111011
101101101111110111111010011000010110101101110101110101010110101111110110000001101100001111111011011100001101011001100011110110000110011001000011110000111001101010111100110000101000010111101111101011011011011001100000111111001111101101001
100000000101100000000011011111000110100111110001010001010110001010110010110101100111100011010011010111100101011111110110011110111110111100011110011110110011001000001101100111100011111110100101000011011001111101001111100101111000101101011
110111010000001111111000010101010010110110011100011100000011100000110111110111001111110110000110000001110001000010110110110010110100101111010100110100111011100010111001001111001000001100001101011110011011111111111010110000111011100101001
111111111111111011111111010000011000010011011111000111111010111110100011010010011000010011010111111101011101011110100110011000010001100001010101100110101010111011111100011100011110100111011100000011000001011010100000010111101001101100011
100000110111010000001000011111111011000111010111110000001010011100001110011000111111011011110011010101000000011100001100110011110100111100000001110110100010110001001111000111010111110101010101011110011111001010110111110110101011000101111
101110000101011111101111010111001111110000000100011110100010110111101011001110010100000010110110000101111011010111100110100111110111101111110111010100001110100100011001011110000001011100000001001011001000011010110000110000100011110001111
101111110101000001000000000101101001000110110001110000111010110100000010011010110101111010100011110001101111010110001110101110000011001010000000010111101110110111001100011011011100011110110101101001101011000000010111110111101110110111011
111001100000011100010101010000001101110011111101011110100000010111111011011000110111100000110110011011000000000000111100001011111001101011101111010110101010111111100111011000001101110011100111111011000001111111110100000001100100110101001
111100001010111111111111111111101000111110000001010111111010110101000000001110010110111011100011010011111111111110101001011011001011000011111110000010100000011101101111010011111111011001001111011010010111101011010001111111101101100101101
100110101110100001101010110000001110001111111100000001111110110101101011011111010110110000110110011001100111000000101101111011100011011110110011111000001111110101000101000110101111001101011001010000110000101011010111010101000000110001101
110000111000111100001010100110100011101011011111111100101000000001111110001000010100111011110111001101101101111110001100101001111011011010011000000011101100110101110100010110000101100000000011010111111101100011010000000101011111111011001
111111111111111111101010001111111010000000000011100110101111111011010111101111010101101001100101100100101001000000100110101100110001001010111111111011101001100001110001111100111101001111101110000001001111101110000111010000000111011011101
101001101100000010000000100110000000101010101000110000000000000010000010000110000001101100110101110001101101111110110000101101100111011010011010011110000011111101011011101110011000011001111100101111011011000000101111110101110100010001101
101101001111111011110110111100111111111111111110000111010111011011011011101100111011001110000100111101100101001111111010001100110011010000110000110111010110010101011000000111001011111011010110111100001000010101111101111100111101000111101
101101101010000000010011111111101110000101100000110100010100010001111010000111110001101011110001101000110101011001011111011101111001000111111110110101110110110101010010101101101000101001010110111001100011111111011000000101101111011110101
100001000011111101000111100001000011110100001111110101010111111101101011011101011011000011000100000011100101001101010001001000110011011101011000110101100000110100000111111101000011101011010100000011110111101010000011011101000110001010101
110100011010100001011100111101111011010110101100000111111110100000000000000000000001110111111111011010110100011000011101101011111011010101001110000001111110010101111101010000010110101011010101111110110100101000111111110111101100111010101
111111111010111111011110010000000000000111111111011110110000111010110101010101101101000010100111111000000001001111011000100011011001010000011010101100011011000000011100011111011100101011000000010000011101100011101010100110000110110010101
101010110010101111000011011011011111010001000111111010011110000011111111110111111101111000101100101111111011111010001110001110001100000101110011101111011011110111000101111000001001100001101111000111111000001010000000101111110010000110101
101000011000000001011010001111111111111101011101101011001011111111011010111110100000110011100110000000000010110000111111101010101110111111011001101000001010110101101100101111011011001011000001011100101011111110111111101101010110111100001
101011000010110100001011101100000000110100001000000011101011110110000000001010111110000111001111011111111010111110011000000010101000011010001100111111100010100000111101100110001011101111011111000001101000010110100011000101000010000001011
101111111111111110111110100111110110000111101111111001100000000000101011100010010111101101101111111010000010101100110010110110111111010010111101110000111010101110011000110111011010100110000001011100101011110110001001101101110110110111111
100110011101011011100100110100111111110111000000000011001111110101111111111011010100000101100110101011111010101001111111110100010011011010010000011110001000101011001110110101010000101100111111111111100000000000101111101001100000110010001
110100110000001001110001110110101011000001111011111011011101110111110100000011010110110101110010101011000000000011010101000101110110010010110111010011101101101011111010110101000101100110000000100110110110111010100100001011110111111000101
100001111111101011011100100000000001111100011111000001110000000100100001111011010111100000000110101001110101111010010101110100110111011000110011111010100000000000110000110001101111101110111111101110110111111110110001011010100000011011111
111100101000000000001110101111111101111110110101011100110110101110111111000000000011001011010010101011111111001010110100110001100100010011111010110010111101111111111110111011000010101010001101101100000001100010110101111010001111111110001
101110101111010101100010101000001101000010110001110110111111101000011000010101111010011011111010101011011011100000010110000100110111010110110000011000100100101100110110000001101110000010111000100101011100001111111111110000100110010100111
100000100110010111111000111111100000011000011101100000011001111111001111111101100000110010100000101011000010111111000010111110000110000110110111111110110110000110010100111111000000111000011011101101000111111011000011011011110011000110001
101010001111011110001110110110111111111111010100111111011100110111100101101101101011111110101110000011111010011000011111101000111111101100100000101100110110111100110110001110011111111101110000000001010000000001101111010011011111101100101
111111011111111011101110110100000000000100010001101100010110100001110001000111111111010100111111101010100011001111011100000010011000001110101011100110100000110110110100111000110000000100000101011011110111111111000101011000011011000101111
111000000110110010000000000111010101110111011101000111010110111101011100010001100000010001111011111000111011100100010111111111001111100110001001101100101101100110100001111110100101110101111111111110111101101001101100000010110000010000011
101101110100111011010111010011111111010101010101110100000010111000001111111011111011011101101010001010100001110111000011011111100110101110111011001101111001101100101111001010001111111101110110111100011000001011001111011111111101111101001
100111110110101011111111111010011010000000000000000101011010101111101010100001001111000101101010111110111100000000011001010010110010101100101111101100110011100110000001101011011100001101000000011001111101111001101000000011100000000111111
110000000010101010101001101010110000111101101010110001111010101010000000111100011101110000001010101100000001111101011100011010111000100001100101000101111001001100101111101000000110111100011111110011100101001011000010101110111101110010111
111111111000001010101101000000000111100001101010011101100000101011111110101110110001000101100000000111111011110001110111010000101011101011001101110100101101011001111011001101111100000110111100000110101101011001101111111010010100111110001
101001011111101010101000011010110011110111101111111111111010001011000000000000011101111111110110110000011111011111110111011110000001101111100101010101101000010011011010011101100001011111100001111110101000000011001011011010110001101000111
101100000000000000000010110010111110111111001001110110011111101001111110110111000100011100111110111011001101010011000100001011111011000110101101010001101111000111010010111001101111110011101111001010000010101111101011001010011101000011101
100101101111101010101010111011100000101000011100000111000000001011011011111111110111000110101011101111100000000111110001100000001001110100101101000111101111110000011010001011000000110110100000011010101011111011000011011000111000010110001
110111111101111010101011101111111110000011111001010001111111100011000011000000100011110100000001000001001011110001111011111111101011010110000000010101001001100111010010111010011111100010101111110010111000010001101110001010000011011110111
110110010000000011101010001000110111011111101011011100000000001001111011111110111010100001101101111101111110000111010011000000001001010000110101111101101100110011111010101000110011101010101111011000011011110111001110111011111111111010001
100011011010101011001010101110100010010000000011011111111111101100000000101000000000001011001001110000111111110101011111111111100011011110111101101001101101100110101000000010110110001110100000000010110011010001101000110001110110110000111
111000000011111001111010100010111011110111011001010010001101111110110110101111111101111001111100011110101011100000000111100111111011011100001101001011001001101110000010101111100000101100001111111111111110010111001011100100000010111011111
100011101110000011111111111010000000111110011111111000100101001100010100101111000001111011000001000000000000001101110011001100000001010110111101100001101011001100111111100001101111101001011100000000000011010101100011001110101010101000101
101010001100110110001110000011111010001000110101100010110001011001011110000001101111000001101011010111111101111111000110011110101101010010000111111011001001100101100001101111100010111011110101101111011110000000111011011111111000000011101
111010101110011111011011111000000011100011110000001011110100000011111000110100001000011011111111010100000001000011110111010111111000011000110011010001101011110000001111111011001110011010110100100011111010111111101010000100011010111000001
111011100111111100000001101111111110111111011111101111000101010110101110011110111101001110010101110111110111111000000000010101111110111110011110011101001010100110100000111001100100111010110001111110101000000101000000110001110010011010111
100011001101010111111100001000000000000000011001111110011111111110000011110000100001011111000000000110000100000011111110110100101000001100111011011000011010101100110101101011001101110000010111011000000011011101011101111111011111111010001
101001111000000011000110101111111111011111010011000011111010011011111001111101101011010011111101111100101110111110000000010110101110101001101011001111011000001111111111000001101100011011000000000011110111110000000100001111000101110010101
111111011111111011110111101001100011111000011001111000000000110000001100010101001111011000011001101110111111101100101111000000000111100011100001101011010011100110001010011111100001110001010111111111011101111101111101100000011101011110111
100111010001101001100000001100001000101111011011010011111110000111101111010001100001111111000011101011110101000111111001111111101101111000111011001010010111110011011010111101001101100111111110101100001101011000000100111101011001001111111
110000011101101101110111100111111110101110011001011111010111011100000000000101101111100001101110000011000000010000000011110000101101010011100011100011010100011011011000010001100100001111001010000110111101011011111110011111111011011001101
110101001000000000110001110000000110001011011101010100000001111110110101101111000011001111111111111011011111111111111000000110000000011000110110110111000101111110001011110111001111011101100000111100000000010000000011110001100000011100001
100111100010110110011111011111110011100000000001010111110100000000110101101100010111100011010011100001111111110000011111111111111111010011110110010010011101100110111011010111011111000000001111101001010111000110111110011011101111010001011
101110110111100011001010000010110110111111111101010110000101010110010101001001111100111000000110111101100000000111000011111100000000000111100111011000110000001100000000000000000101101110100001100011010111101110000111011001000011010111111
111100000110001111100000111000110110111111110101010111111111111111011111111111001001101111110000000000001101101110011000000001010110110010110100001101100111111101111110110110101100111111110101101111111100111011010000001100011111110101101
100111110011011110111111101110000000000000000101010000011010101011111010110111101101001000000111110111101001111100111010101101010100110110010111100101110001110001000010010011111110110001011111101101101001110001011010111001000000110101001
110101000111010000000000000000111110101110110000000101000000000000000000000000000001101101101111111111101111011001101110100111110110100011010110110100110111000100010111111111110100000101011011000000000011010111111111110011111111100000011
100101111110011111111111110101100000101100011010101111101111111111111011101010101101001111111000001100001100001111000000101110000111101001010110110101110101011101111111100110100001111111001010011010110111000000001101100110100000110111001
110101101011111100011000111111111010111110111111101001111111110000000011001111111101011010000010100111111111101010011101101011111101001100000000000101000000000101011010001110101111111011100000111111111110010111111001001100101111100011111
100001101010110110110010000011110011111011101101111011000000000110101010011101000001011000101110110110111000000000111001001000011001101111010101110001011111111111010000111010000000000001001111101101101010111111011100011101100101001110101
111101000000000000010111011001100111000011101000111001111101101111111010111001111100011110111111110100001111111110001101011101001100001010010101000100000011110110010111101010110101111111011111100001000000011101001101111000110101011100001
100000010110111111011101111100001100011010101110101011010111111011011111101101010001000111111001100001100101010110111111111111100001101000110111101110111000000111010101100000010111111011000000001100011111110101011100001110100000000001101
111110111100100000001001101101011001110000001110000000000110111000010101000000011111101101101101111111110000000000110110101010111100101010111111001100001010111100000000001011010000000000011101011110110101100000000001111010001101111111111
100000100001111111100011000001111111111111011010101101110110001101000000010111000110000000000101011010111111110101100100000000000001101110100000011001011010010101010111111111111011111011000101000010000000101111011011111000111100000001011
111101101101100000001000010101001010000000001011111101000011101111110101111101110111010110110000000000100010110111110111110101111011111100110101001101111011000001010000000000101000001111011101101011111010000111001000000010110111111100001
100001101001110111111101010111100000111010100001011001111000000110111111101001110101111111111101111010001000111100000000000101000001011001110101101000101111010111011010101010001111100001000111001000001010110001101010101110000000000111111
110100111011000100000101010110110110001110111101011111100011010000011100101100000000101000000001000011011110101001111111110101111011000011000100111010001110010001110010111011011111111011010011101011111011100101101010100011010101010000001
100110111001101110110111011100000100111000110000010110101010011111010110000111111110101010101101011111110000000011110110100111111111111011101101100010100010110111110110011111001000001011010110101000001011001100101111110111011101010111011
101111100011001000100000001111101111101110111011000000001111110000000111110111111000000010101001010000111111011010000000001100000110010001100100111011101010110000011111001101111011111110010000111110111111101101100001011101111101010011111
111010001001111101110101011011111011101110100011101010101100000111010000010000000011101010111111111010011000011111101111100111110111011011001110111011101010110101000011100000000010110111011110000010000011001111001100001000000101011000001
111011111101001111000101010000000000001010101001111011100111110110011011011111101010001111110100000011010010110000000001111111010101011011101100100000111110010111101001101011111000000011000011011010101001100011111111100011101111011011111
100010110111011010010101010110111011100011111101000010001101100110111111000000001011011101100111111011000110111111101011011101000000000000111110111010001110110000101011001000011011011111101111111111111111001000000001101000100011011000001
111000010110000000111111110100111010001001011111110111111100001111101000011111011111110000110101101010010111100011101111000000011111101101100000110010100010110110101110011110111111001110000000000000000001011110101101001101101001001110101
111111010111011111111110110110101111101100001100000100000001011010000011010000001100110110000001000011110001111000001000011010110000001101111010111010110110110111100011011000010101101011011111101111111101001110101111011100111101011100101
101110000001110011010100011111101101111111101001111111111111111011101111011010100110000011111100010111100111011101111101011111111011011101011110011010011111100000110111111101000000101011000001100000000101100010100011111001110111110111101
100000101111000110000111001100000000010100001111101001011011001010111100010011110111011111000001010100001110000001110001010101100011011000001111010010111011110101111110101101010110100001010111001011101111110111101000001101000001110111101
111111101101110011110101011111111011000110100111001100000001100000010101010111011101111000011101111111011010111111011111010000001010011010101000010110000000110100000000000101010010101011110001101001100001010101101011111001011111010100111
100101000000110111000000010110111111110011110101101111011100111111010001111100000000000011010001100001111011110000010011111111011011011010101101011100110111100101011111011111010111111000010111111011111111000000111000001100000001010101111
110000011110000001110111000110101101000110000000000101111110110110000100011001101111101011011101111101101011011111011001111100011111110010111111110001110001110101000001000001010000001010110001111110110001101101110010101101110111010100001
100101110000110111011101011110000000011111110101110000100000010100111101111101111111101011010000110000000001011000001101010001000010100111111010000111100100011111010101101011010101011110010100101110010111100100011010101100010000000001111
101111111101100101011000001011110111011000111111011110111111010001100000100111010000001011011101100111110100010010100000000101010110001101100000101100001110110000010100111111110111000111111101101010110100101101111111101001011011010100001
111011010111110000000011011011011111001010011010001000111010000101110101101100000101101001111001110100000111000110101010101111010111011101001010100110101011111111011111110101110001010000110000000000110101111100000001101101110011010111011
110001010111011111011110000001011000011110110000101110000000101101011111000111010101101101000011010110101110010110101010100111111100010000011010101110100000101111000000000000011011110101111101011110000000110110101111101000011001010001111
100100000000000000010000111101001111010100000110100000111110111111000001110101110111001111101010000100101000110011111110110001110001011011001110101100101010000001010110101101011001100100011001000111110110000010100000101101001111110100011
101110101010111010111110100000011100000111111111110110110000000111111011100000100111011000001011010110101110011111111100010111011101011001100110101110101011111011010110101111110011111111111101010000111111111110101010101101100000110101001
111011111110110010110000101101000101010001011011010111100110101100100011001010001101111111111011111111101000111010101001110111000001010011101100111011101000011110010110100011000110101010101111011010000000000011111111100101110110011101011
111011010111100110111110101111101111111100000011000011101100111110111000011010101001101111011110100010001101110000001100110100011011011011001101100000001011110110111100110111110000000000000001110010110111111110001111110111000110111101111
100000000011001111101000101000000110101001111000010110000110110100000011010010111101000001000110001000100111000101100001111111001001111010011111111101011000000111100110010001011110110111101111110110110000011011011010010001101110010100001
110111111010011001100010111111010010100011101011010100101100100001110110011011100000010101101111111010101111110100111011000000011011100011010100111111011011110011001100111100000010100000100011011111111101000001000000111111000011000110111
111100000000111100001111100011111000001010000001010101100110110101100111111111111110110100000110111110111100000101110001101011001010001110000110000100011000011000011110001111111110110101101001001011101111111100011010000011011001101111111
101101111010001111111000001000101101011011011011010101001100111111110100000000000011111111110000101000100001101100011011111111011111100011011100110111001110111010110111100000000110100100101011011000000000000101011110111110011111001000001
100001000010111011111110111110000001111110011011010111100111100000000101011111111011011011000110000010110101001101010000110001000011001011110101110000011100001010000000110111111110101101101000000010110110101111110000000111001111100011111
111011101010011000000111111111111011000000111010010110110110001011011111110000000000000000010110101110110101101101111011100100011111101110110111100101011001011011111101100000001011101101101011101011111111111010111110110001111001101000001
101111001111111111110101001000000001111010110010110100011100111111111011111110111011111111011111101000110101101001110000110101001101000110000110001101001101111111110111001010100000101100101001101001101011010000011100010111110011001011111
101101111100000100000001101110101011000011110111111111011110110000000001010011111111100000001100001010110111001011000101100101101100010100110000111001101100110000010001101010101101111101101100101100000000000101000101111100011001101000001
100000000001010001101100001100111001101011000011111010000011111111111100011001100000001101011111101110010111111011101101101101001001011111111010011111100110000111000101101010111100000111111101101101010101011101111100000001011011111011111
110101110101110111111101100111110011111011011110110010111001100010110111001101110111111101011011111111011100000000111101101111101011001100000010110000001100110001101100111010000101010001010111101101010101000100000111110101111001100000001
100111110101000100000111110111010110000001110000111011111011001000000001101101011110000001000000110000000111101011110001100110101111100111101110110110100110010100111110110010101111010100000000101001011111011111110011011101101011110101111
110100000111111111110110000100000111011111000110101011000001111101110101001000000000101101010111111110101100001001100101101100000001101100001000100110110011010110000011100111101011110111011101111011000111000001011110001101101010111100001
111110111110110000010111110001011101110101111100000001111100110111111101101111011010100111110001100000100111101100110111001111010101100101011101101100100111111100110111110001100000110110001100011110011100010100001010111111000000000110111
111111100000000111010101111101011000110101011101010100101110100110000000000000011011110100000111111010101100001110110001111000010101101101010100100110110101100101100000011011110110110110100110110011000110110110100000010110010111011100001
110101001101111100000000001001111110100000000001110110000000110111111010101101110011000101010010111010100110100110111111010010110111000111110001110111100101101111111010111010000111100110110010000111011100100111110101000110110001000101101
100000011001000001111011100011101000001111111100110011111110000000000011101000011001110111010110100011110110101100100000000110100001101110011100110101110000000001101110001011010001111100111110101101111110110000111111010000110111111111111
110111111111111111100011111010001111111101110001111111100000110110101000111101011011000110011110001011011111101111110110110100110101101000110001111100000110101100000010111111110100000110000110100000110111100110101011111101111110011110001
100100001110101010101110000011101000110001000101101000001010100011111011110101011010010100110000101011000000000110000100011110100100101101100100000110110111100101111111101100110101101100101110111110000000110010000000001100111010110100111
111111101010000000111111011011101110100100010111000010101111101010000001100001001011011110011010101111111011101111101110110000101101111000001101011100110000101100001001101110110111111110111010000011111110011011011010111110010000110001111
111000000011111110110011110010000100001111011110010110111100001011101011001101101011111000111010101000000011001001111000011110101101010010100111000110011010101101111011100100010000110000011000101000111111110001010010001011000110000100001
101111110110001110111001111111110001101100001100110100110110101010001011101001101010100010110011101011011011111101011101110000111101000110110011101111010011101101101000001101111010011011011010111011100001010101111011011000011111111110111
101000000011100000001011011101110100111111011110100111100010111111011110001100111010001110010110001001110010000000000000010110000111101100011001101011011000101100000011100000101111110011011010011001001100011111110011001111000101101011111
100010111000001010100000010000000110100000001100101100001000111000001100101001111111100110110111011111111111101011110110111100101110001101001101100001011101101101101000111110000000110110001111001111011111111011000111100011010000000000101
101111111111111111110111000101010011110101011001100111011010001111011110111011000100001100111100010111000000111111000110011001111000111101111101101011010000101001101010011111111011111110100101100111011010000001010001101110010111011011101
111100000101110101011100010101110111010101001100111110010011011000001100110010010001011110001111010101111110110100010110110011010010100000011000111001011101101011001011000000001111011100110001101100000000111011110111000011010001111000001
110111010000000000011001010101000110000101011101100000111010001101011110011011110101001100111000010000110000000001010110110110000111111011011101111011010001101001101001101110111100000110100101100001101101111000111110010110010100001111011
100001111111101011000011111101011111010101111000111010110011011111111000111111111111011111100010111110111101101101110110100110110100000001001101101111111011101101101101100010000001101100110101101011111100001110001011111111010101100001001
111101101000001010011110110001110000010111101101110011111111110100000010110100000000010010001111100000000001000111000111101100100110101011101000000001110000111001100101001110101011111110110101101000010111011110100000000110010100101011011
101000000011011011010000000100111011111110100000010110000000110111101010000110101011011011111000001011010101101111110001100110101111101011001101011111000101111100101111011000101110110111100111001011000001000011101111111111110101101011001
100011011011110001010101010110100010000000001101111111111110000000001110111111101110010000011110101011010101001101010111110100100110001011011001000111110100000101100111001010100000110101110111101001101101010111100000001000110100111011011
101010011110100101010101110110101111010110101100011000000011011010101000111000001100111101000111111111010101111000000110100110110011011001111101110001100101111100110001101111101010000000110000111101000111010000101010111011111111111011001
101110110000001101010101110110111101110100100110111111111000010010101010001111100110011101010011010110010111000010110000110100100110011011000001100111110100011111100101111110001010101110110101110101010001111010111010001001000000001001101
101000011110100111011111010011110000000110101100010111111101011111101010101000001111110111111000000000110111101010111010011111110110111010010100110011000111000000110100000011011111100110110100100111110111101111111010100011011111111011001
101110110000101100010000000111100110101100100111010000000001010000001110101111011000000010100010101101111101111110001011011011000010001011010101100110010011011010010101101110001100001111100110101110010000000000001010101000000000011110011
111100111101111111111111010100110100100110101110011111101011011101011000101100011111111010111011101101011000110000111001110000010111011010011101001111011011001010110100111111101111101101110100000000111010101111111111101110111101000011001
100001100001000100000100010101100111101100101100111100001111110001010010101001001101000000001111001101000010011010011111100111010001011110110001100110011011011110110110000000100011100000110110101010011110100000010101111000000101010111011
110101001111110001010001010100001100000110111110100101011000000101010111101101011001101110100000011101011011000011010110001100011011000011111101001100110011000010110011010101110110001010010110101011001110110101000000111010111111010110001
100111101010111011111101011110100111010100100000110001010011110101011101000111011101001000111111010001010001101111000011101101011001011011000001011001111011011010110110010100011111011010111111101011100010010101010111101010000011111111011
111111111000000010100001010000110111110110110101111111111110000101010000010100010000011101111111011101011011111100011001111001001101111011011101111100101001001110010011011101111010001010001100001000110110111111011110101011011000000001111
101101010010101110001101010101100100000100110101101000101100101101111010110101111111001101000000011001010010110001011100001101011000001111111100011001100011100110110110001100000011011111011101011010110010011011000000001010011011010100001
100000000110101000101001010111111111010110100101000010101001101001100011110101110000011111101010110011011110100111010110101001010010100101100001001100111010101100010011011001011011010110000111110011100111000001101010111011011001110101111
111101110011101011101011011110011011111110110101110110101100101100110110000101000111000110111110011011111000001100000010101011011010101101111011011001100000100110110111111101111001000110110000111000110101010111101110011001011011110100111
100111000111001110001110000011000000000000011111111100000001111001100110110101010100010110000000110001100011101001110111101011001110101100000011011111111011111100010000011000001011011100110110100010110001111111000010110011011000010110001
110011111101011100101100111011101111111111111010011001110111111111101111100111111110111110111110011011110110001100010001111001111000101110110111001011010000000101011011001101111110001101100111111010100100100001101111110111010011010110111
111000010000010001111110011110111111110111010011010011000010100000000101111110100000011011110010110011000010101111010100001111000010101010110100011000000111011111011111101100000011011111110011000010110110101011111101011101110110010100001
100011000101110101100000110110110000000101011000000110011000111011101100000000111010111001011000011111111010111010010111111000011010101000110111011011110001001011000001101101011011000110110110010110110110001111111000001001100011110101011
101010010100110101001110110010011111110000000011010110110010011011001101101010000011101101010011011100111010100000110000011011010011101010111100010010000111100001101101101001001111010110010111010100010100100101101011100011110110111101001
101011011110011111101111111010110000011011010111010110110110110010011100111111101011000000000111000110000010101101100110111010011011001010001101011011010000110100100100111011011110010000111101010110110110110001000000111111111110100111011
101001111000111110111011000000011111000011010110010100110110011011011001100001001011101111110101011100111010101001101100101110111011011111011111011011111011111111111110001110001011010101110000010110011100100100011010000001101010101111111
111111000010010100000010011111010111101001110100111110010011010011010011110100011110111111110100000111100011101111000110101111101110001100011000010010000000000000111010111100100001010101011111011100111001101110111111111100100000000000001
100000011010110001101000111000000000101100011111110000111001111001011010110110110000000000000101010100001010001100010110000001100000100111001110111010110101011110000010011001101011011100011110000110001101000110000001111110001111110110101
110101010010011101111101101011011010000110110000000110110011000011111110000011100101111111110101010111011011011110110111011011001010101100011000011011110111000011010111001101001011000111000011010110111101101100110100000011100000110011101
100101111011001111000001000001111011010011100111101100011001111110110110111111001111000000000101011111111001010110110001011011101010101111011010111011000110010111111101011101011110010001010111010011110101111001100111011000101101111001111
101100011011101000010111110101101111011111110100001110110011000000000011111010011011111111011101011000000011010100011011011110001010101011001110110011011100110000001101111001000011010111111101111001100000110011110111111011111001111011011
100110110001111110110111000111101000001100011110100010011001011011111000000000111001100000001101111110101001010001010011110011101011101000011100011010001110110101111000001101010111110000100000011011001101100110110000001000001100110000001
110100111111010100111100010110000010100110111010110110111101111111111111111111101011111011011000110000111011111101011000000110001011101011000111010010111010011100110011111111110110100110001111110001101000110000111010111101111110011101101
100110100000000001101001010100101111111110000000010110011001000000000110000000000000000010001101111010001001100001010011101100101010001011010011010110100000111101110111011010111110110010100110011011101010110110001010011000000011011111001
101111111110101101000011110110101001000000101010111100111111111111010011111111111110101011011101100010101011110101111011111110111111011111010110010111110101110001100010001000000100110110110000110011001010010110101011001101111110000001101
111011101100111111110110000111111100011010101010001101111110000111111000000000000000111111011001101010101001011111110000010110001101001100010011010100000100010100101110111011111101111100011101111011011111010110111001100111011011010100101
100000000001110111100011011100010101111011101011011000011000110000100010110101110101100000001101101010111011000011010101000011111100011110111110011101010110110110101010010000000000000101000111011001001100010110011011110000000001011101101
111010101101000101001001110001000001100011101011011110111010011010001011100101000101111010101111001010001001111000000101011000110001001100100011111001010010110100000000110111111010101101010000001111111001011100111110010110111111000101101
100010101111010000011011111111110100111110001010000110001111111111011011110111110100110010100110011111101111111110101101010011111011101110001010000011011011100111010110000000111111100101111101111110001101000110000011000010000001011111101
111010111000011111011010001011000110110000101011011100111101101111111110000100111101111010110110110001000110000110111001011001001111000111011111101011010011001100010010101111100001111111001111011000111111101100101111101011011011000000111
100010111111011000011111100000010010011010101111011111100000101010101000110110001000110010100011100100010011010000001101001100011000011100000110001010011001100111011110100000001111011111101010000011110000001110111101101001111111101110001
111010100111111111001101111101010110111110111001110101111110101000000010100100100010111010111001101101010111110101101101011001111111011111011110101011010011110110000011101101111011010101101010111000011101011000010101111100001101100011011
111111110001000000011000111001011111100000001100110000010110000011101010111110110110101011100011101001010011000101001101111101111100010000001100101011011011000111011001100100011000000000000000001101111111001101000000010101111000101001111
100001011100011011001010000011001101111110101110000101000011101110001010110000100010100011001000111101010111010101111111101000011001011011011110111011011010010011011100110101000010101101011010111111100110011001110111110001000010111111111
111101010110111111011111011011011000110000111010101111101000000011101010111111110110101011011010110001110110010100110100000011111101111111000111110011001111110111001101100101011111100111001110010110001110111100110000011100010110000000011
100000010111100100001100011010001110111101111000101100001011010110001010011101000110111011011011100100110011010101100001101000101001000000010000011011011110000001100101101101011111110001100111110000100011110110110111011001011111010111001
111111010101110001111001010010101100000001100010100111011010011100101011110000010011100011011011001101100111111100110101001010001101101010111101111010010000101100101101000101000010010100110100000101111000100110100001110011000110011111101
100000000000000101100011010110111001101101110110101100011011011110101110000110110111111010010011101100110011000001100111011110111001001110001100001011111110100110111101110101101000111101100001010100011011101100110101110111010011000001101
111111111111110111111011010100100011001101010011111101010011010000100011110011100010111011111000111001111001101011110110001100011101011000100101101011101111110110010111100101101011101100101011111101111110001001110100010100011011010100101
100000000000000100000011011111111001101101000110000001011011011010111110000110001000001010000011111011100011001111111111011001001101011110101111101010000001100011000011001100101000001101101000001101101111100011000101011110111011010110101
111010101101010101011001111011011011111001010010111101011111111111110100101111101011011111011011000000111011100101100000011011100101110000100000111111101100001110010111100101111011011111111010101000001010101011101101111100110011010010111
111011101101010101010011000000000011000011010111110001000101000000000001101000001001010101110001110101100010110001101010111010001101000101101111110001111110100111110110001100011111000000011011111101100000101001101100000101111010010111111
101111111101011101011001101111111001010111111101000101011101111111111011111011011101110000110111110101101110000101111010100011011111110100101111011100000000110000110011011001000110010111111011001101101111111011001101101100011011010101101
100110000001011001111111111000000011110100000000010101011000000000000011011010001100011110000011000111101000101101000010101011001010110101100000000111010101111011100110001101101110110000001001011001100000011001101000101111001001010000001
110000101011001101110111010011101000110110101010110111011011111111101010000011011110111110110111110010111110100101111010111110011000000101101010111100010101101001101110111101001100110111111111001011110101001101101010100011011011111010101
111111111011011001000000000111111101110111101010100110011011111000001111110111001100100000011101111000110110110101000010110000111101010101101010000111010101100011001010110111011110110000000000011110000111011001101011111011111111101011111
101111011001111111101011011100110001100011111010110111011110000010101000000100011110110110111100000010100000110111101010111101110111010101001011011110010111001011011000000011010111111011111111110111110001011011001111010000000011000000001
100000000011001011111110010001100101101110110010110100010000101010101111111110110011110100000111010110110111100011001010100001100000010101011010011100110100011001011010110110000000001001100000000011000111110001100110011011101001101010111
101011011111100001010111111100001101111000100110110111111110111010111100000000000111011110110110010010110110001001101111110111111111011111011111000110100101001011011010110111010101011100001101011111110110111101110000110000101011111010001
111111111110111101010101111111101111011110110110010100000000100011100001010110110110000000111111011010110110101111111101010110000000001011000101110010101101101111001010110100010101110101011001111101100000000111000101111010111111000010101
100001000010110000000001010000000011000000000010111111011010111001111101110111110110101110000011111010111100100001100000000011010101100001110000011011111111000001111110111110111100000101011100000000110101011100010100101110000001110110101
111101111000011110101100000101110110010110101011101100010010100011000001000000010100111100101110000010000110101011111101101011011101101100011010110001100000010100111110001100001111010111001110110111100101000110110110000011010101000111101
110101011111000000101101010101000111010110101010000001110110111001111111110101110110011001100110101010101111101110101101001011111001100110110010010111111111110110001011111001100001010001100011100000110101011100110110101001110101010011101
100000010100010101101001010101010001110100101111011111100110100011000000000100010011010011101111101010101101101100000001111010100011001100011011111111000010100110100000001101101011111011001110001101100101001110110010101011000111011000101
111111000001010101001111010101010100011110101110010000001111110111111011010110110110011000101111101010101000001111101101100010001001101110110000011001111000001111101010100101101111110001100010100111001101011011110110101111110001001101101
100001111011010101101000010101011110110000111000111101011000010110000011011110100011010010100110101010111101100011001101101010101101111000011010111100000010111111001011101101100001011111111111110111100101001011011111100010111011101101111
111101100001010101101101010101110000011011111101100001001111011111011010001011101011011010110100001010011001001110011100111010101101000011001010100001011010000110011000111101001100000000000001010001101101100000000000110110101110111111011
100000001101010101111101010101000101011111000000110101011000000000001111100011101010010010110110101010110011101010110001100010101001101001011110101011010011101111001010000111101110101110101011000111000101101010111011100010100100111010001
101101011101010101000001010101110111001101010101100101001010101101111000001000101011111011111110101010011011001000110111110110111101101011010111111111111011000011011110101100000111100011111011010001101101101110001000110110101101101000101
111111000101010101010101110111000100011000010111110111101010101111111111011011111001100000001100101010111111101101100001010011100000111011000000110110100001101110000010100111110101111001001001011011111001100111111110100000000000000011101
110100011101011101011101111110010101001101010110000110001010101000000100001000110011111011011001101110110000000111111011000110001101100011010101100000001011111111101111101100000000001100011111010000001011110000000010111010101111111111101
100001000111001101011000011100110111101001011111110010101011111101010001011010111110000001111101101100011111010111100011010111101001101001011100110110101000000001100001101111011011111110110111010101111000011010111111111010100000000000101
101011011111100111111011010101100110101011010000000110101111011111011101011010101100101011100000111001010000011101001001010100101100111111001101100100111010101101101100101000010000110111110001111100001101111010000101001010111011011010111
101011000000110110000011010000110110001011111101010010101110001010001111001110100001101000110110110011110101001100011011010110000110001111011111101111100011111001111101101101111010000000010111101101011100001011010000011111111001001110111
101111011010010111101010010101100011101010000001110111111011100000111000011111110100111010110010011000011101011111001011011111101111011000000010101000001001011100000100101101100010111110110010000111011001011110011101000011100011100111101
101100011011110100001011011101111010001011010111000110010001101010011011000001100101100011100110110011111001011110011011011100000011010011101000101101101100001101101101100111111010000011110110110100001111011111001101011110111000110011001
111101011000111111011011011000110010101111111111010011011100001110111001101111110101111001101100011000110011001100111111110001101001111011101101100111001110100100100100101100000010111001010110111110100011001010011101000000001011111001101
100001110011101100011011010010110111111110000000011110001001101100110011000001010111010011111111001111111111011110001101000111001011000010000101001100011000101110110111100111101011111111000100001011111001111000111001101011011000101100001
111100011000000101011001011010011101011011110111011010100011000110110111110100010100000110100011111110000000000110101001101100011001111010110101101111011010101011100001111101001001000110010001100000111111000010001111001111110011100001111
111001011110101111001101111010110000000010111110001011111111110100011100000101010110101110111010111011011111101100111101000111001011100010110100101000010010100011110100110001101100010000110100110111101101111110111111111110010111110100001
100011000010100001011001100010011101101000000000111011111000000101010001110111110011101100110000000000011000000101100000011111011011001011110110111101010110101000010101111100001101011111111101111110100000011110000001110000111100110110101
110110011011101101011011111010111001111010111111111010101010101101111101100000011010000110100101011011011011101111111101011000001011101001011111110001010110101101110101100001100101000001101100001000001101000010101100000110000001110100101
100011011001101101011010000011110011011111100000000000000011101101101101111010110011101100001101010010010010000000011001001101011110001100001101011101110110101100011101110101001101101111000111111011111111101111100111011111111011010101101
110110011101111001111111111001100110001111111111010111101011001101000000011011111011001001011101011011011010101110110011101001000111101101111101011100010110100111001100110101101101100000011111111011110001100000101110000000001111011101101
100011000100001011110100000011001111101010110000011100001011011111110101011000110001101011110001010010011011100010100111111101101100000100110000000001010110110110011110011101001101001011001100000000000100101101111100101101101100001101101
110111010101111111010111110110011000000000000101111111111011011011000101011011111011101000110101111011010011001111110101000000101001101110010110110101010110110011010010111001101101101111100001101010111110101000000110101100100001111100101
110100011100001100010100000110111101101011101111000000111001010000011101111000101110001011100101100010011011100000110001111101101011000010110110110101010110010111000110100011000111100011001011111010011011111010101111111110110100000110101
100111001101011111000111110110010111111110000001111010000011111101011001100011101100101000110100111011011110001101100111000001101111110110010011100101010011010101010011101011101100001110011000011111000001011110100000000111100101111100101
110100011001001101110111000011110110110111101111011011010110000001001101101000101101101101111101100001110000100100110001111011101100000110110110001101011010011100010110001110000111100011001101000001111100000011101011011101111100000111101
100110111101011000000001101110000000000010001000000010010110101101111001001110001101101100101100111011110101110110110111011000100111101100111100101001110011000111010111101111111100001111101101111011111101101000101001000000000110110000101
110110011001110011101100000011011110111010101011101110110100111001100011011000101001101110100110111111000101000110110100010010101100000110001110111100111001011100011100001000000001100000101100011000000101101010111101010110110111110101101
100110110011000111100110110110010000100000111111001100110101111111001010001110111101100110001100100000010101101110110111000111111111101110111010001111101011010111001101101011110111101101111101011011111111001010001101011100110001011100101
110100011001101110001111100111011101101011110100011110100101100000011111101000011000111110111111101011010101101000110111010011011000000010110000101011000011000011011111001011000011000100010101111000000011011110111111000110011100000111101
100110110011000011011101110011110101001010000001011000110100111011001110001010110011110000010011111010010101001110100100011000001111010111111010111000011011010110000001101010010111101101000100001010111111110100001111010110111001010010111
101100011111110110011000000110000001101011011101110010100110110010011000101110011011000101000110000011011101101100101111011011111000010001100010011010110010010011011100111111010110001111101111011010000000000110100101010010110011011000001
101001001100000011011111010011111101101111111000011010101110100110110010101100110001110111011100111010010001101110101100011000011110110101101011001110010111010111000110100001010110100001101011111011011011111111110001010111100111001101111
111011101101010110010000011110111101001101000011111010111011111100011010111110110100110100011101111011011011000011100110111101001100100101101001011110110100010110011110111100010100110101000000001110011111000000011011010000110001011101002
100001100111010011011011010000000001101101111000001010011011101001011010100000010101100101000101000001010011101110001100101111011111101111111011011000111110110111000011111110110110110101101110111111000000011011111001111011100101010000011
111011001100010110001111111111010101101000000011011110110000000011011010110101011111001101011101101011111010100110100110101010001100000001100010001010011010010100011111100000110110111100101000000011010111001111110011100000110101110101001
100011011001011100111000100000010111111111110110001111111111101001001011111101011000011101000111001001100010001100101110100000101101011011101011011011011000111111000000110110110110011001111101111110011111100000011000101010010100011101101
110110011011011110001110001111011100010101110011100011011110001011011011101001011010110111101100011011110111011111101100101010111111011000111011011111110010000110011011100110100100110011000000100011001000110101011010101011011101001100111
110100110011010000111011111000011001000100000110001111010000101001011010000011010010000110100111011001100110000000111111101110011000011010100001110110000111011111001011111110110110110110011010001011100011111111111111111111000111111110011
100110011010011010110000011111010011110110101100101100000110111011011111101011111011101100001110001100110111101101100000001100111101001010110111000000110110001101011000000010011100010111011011011010001110101000000101010101111100111011001
101100111011111110100101000000010111000000100110100110101100110011001100001010110011001001011000101110011100000101111010100110111101111111100001101011100111011101111010111011010001010001111011011110100000101011111101000001110110101011101
100110001111110111110101111101011101111110111110111111101001110111101101011010000111101101111101100111111110111100110010101110011000001101001101111000110011000000001010011111110101011011000011000110111010000000000000011100010000000000101
101111101100000011000101000001111000000000001100111100001111000001111111001011010001111000110101001101000000001111111010101100110010101000011111010011110111101011101111001110000101010001110111110010011011011111101101000111000111111111101
101000001111111010010101010101101101011110111001100001101100011011000000011111011111011110000101011101111010100011100011100110110110101101011000000111100011111000100001101010110101011011110110000110110011000011101101011111011100000000101
101011011000000000111101111101000001111000011011001101101101111011101011001110011000000000101101111000000011101000110110001110011110111101001110101100001001100011101101100011100101110010000011010010011001101000101101000001000001111111111
101001010010101010001101100001010101000010110001101001101000001010001001101000110011010110101101100010110110001010100011011000110000011001011000101101101101101000101000101000110100011010101010010110111101101010101101101101010100000000001
111111111111111111111111111111111111111111111111111111111111111111111111111111111111111111111111111111111111111111111111111111111111111111111111111111111111111111111111111111111111111111111111111111111111111111111111111111111111111111111
