1111111111111111111111111111111111111111111111111111111111111111111111111111111111111311111111111111111111111111111111111111111111111111111111111111111111111111111111111111111111111111111111111111111111111111111111111111111111111111111111
1011001110110100110000110100101010000000000000110010100000110000010110110101100110010000110110000110110011001011011000001101010110011010110100000010101011011010110110101010110011001101011000001010010010100101101000110010110010101011010111
1011100100000001100101100001100011111111111010000110111110000111010110110101110111010111110011110000000111100011001111101000000011011000010101101010001010000000110100000000100111101100011111101011010110110100000010011000011010101011000011
1001110111110111110111111011111001011000000011110110110111111100010110010101000101010001100110011101110001110111100110101011101111011111010101111111101011111011110110111110110011000101110110000001010010100101111011111110110010101011111001
1011010101010100000011010001101101001111110111100010100011011111000011010000010000000101110111011001000101000011001100000010111010001010010000010100000011001001100111110110010110010000110111111101010110110101101111110010011010100000110011
1000000000000111111001011101101101011001111100001010101110000000011000011111011111101111010011001111110111110110011111101010011011101011010111110111101001101011001101000111010011111101100001100101010110110000000110011010110000001101111001
1111111111110101001101010001101100011101011111111000101100111111111111011001111100001010011001100110100011000000111010001110110001101010000011100100101101000001101101110101010110101000101111110101010000010110101111011000011011111111101101
1110000011100000011000011011000111000000000101111110101111111111111010001100110111100011011011110000001111111101110011101100111011000011011110110110111101111100000000110000010110001110100110100000011011110111111010011101110001111010001101
1011111010001101001110110011011111111111110000000000000001100000010011101101100001101110000001100111100011001001011000000110101001011010000000110110010001100111111101111111000011100100001100101011001011000101011011001100110111001011011001
1001110000101111101100011011001100000011011110111111111011111111011011001001111100001100111100111110001111101100011111110010101011111010111111110111011101110100110000011010011110110110111110111111100001101100011010011110110001101011011101
1100000101111010000001001001011111111011010110100000000010100001010001101011011111101111111110011011011110000101110101010110001010110000001101010100011001010110011011010010110100000110011010110100110111001101110011011000011011001011001101
1001110111011011110101100011011001010000000011110101101000001100011011001011010000000101100110111000000011110100110000000011101010111110111001010111001101010011001111011000110111110110111000000110000101101100010111001110110001100001101001
1101100111000000000100111000001101011101011011010111101011111111011001101011011111110000110100101111101110010101111101110110100010100110101100010001101000011001101101011010110010100010001101110011010001100110110010011010011011111011001101
1000110100010101111101111011111101000111110001011100001110010000000011000011000110110111110110000111001011010100101111100010111010001100101111011011001101011101001100011110011010101010111111100111111011001100011010110011001010110011011001
1011111111011111000001000000011001011111111101001111111111011111011000011000011100000101100111011101101011000101100110110110001010111110000011001001101111010001100111010100111010111000011110101110100001100111010010000110011010110111010011
1111001100011000011111110111001011001101010100011011000000000000001101010011000111110001101100000101100001110100101100110111100010000011011111101011100110000100110000000110110000111111001100101010111100101110000110111111001000110101011001
1001101001011111110000010111100001011001000111001011010111111010111111111011110101000100000111011100001111010101101001100000111010111111011010001010101111111110111111101100011110101101011110001010000101100010110110000011101011100001011101
1101001111010011111111000100001100011101110011101011111100000011101010000001100100010110110010000111100110000001101101110111101010111000011011101010101011001010101000000001111010101000000110100011110001001111100110111110000000111011010101
1001101011111010000000010110111110110001000110001010100001110110000011111011110001011111111011011110101111111101101100100011001000001111010001100000100011100000001111111100110000001011011100111011000100011101110100011011101111100011000101
1100101001100011111101111111100000010100011111100010111111111111111010011110011011111100000010011010000110110001100110101111100011111100010111111110001110111110111011011001111101100001001110100001111110111001010101110010000010111001110001
1110101101111011101111101101111111011111011111111010110110011000000000110000111111000111111011001011110010010101101100101101001111100111010010110011100010110000011000001100011111101011111011111011001010001100000000011011101110000011000111
1010100100011010001010000000000011001101010110100000010111011111111110111010010101110101101010011010111011011101101101100101101100001101010110100111001110100110111111101111010110101000110001101001101000111111101111010011100011011001110001
1000001101110000100000111111111001100000010110111011010101010110000000011111010100100001000011011010101010001001100101110100100111011001010010001100011010110100001101000010000010111011111011000011001110101101100011111000001111111100110111
1111101001100110111111110010101101111101110100101010000101010011110101001101010110001100011001011010101011101011001100110101101100001101011000111111000000111111011001111011111010110001010001111010011010101100001110101111101011110110000001
1011101011111111110101011000001100111000110110101111010000010110111111101000000111111001111100011000000010001011101110110000101111101101011011111111101111101011001101011011001010011011011011000010110010001110111010001010101001010100111111
1010100001101101100000001111101001100011110100001101111111000000101010101110110101111111110111001111111011100000001010011101100110100100011000101100001101000001011100000011100010110001010011111000100110111000101000111010001011000110001101
1000101111101000111111011001100011111001100101111001101000010110001010100111110000000010010101101000111000111111011000111000110110110111011011101111100101101100010110111001111010011011011001101110110110001010001010011011011001110010101101
1010001010101101101000001100111010101101110000001101101101111111101010001101011011111011010000001011101110101000001101100011100110100101010001000110110100111111000111101011000011011011011011001100010010111111011111001010000011010110111001
1111101000001101001111011101100000001100011110111101001111101000000000100100000011010001011110100000001010101111101100110110110110001100000111011100000101100101011101000011111010010011011011011111011000101100000101100011110110000000011101
1110000011111100011000011000111101100001111010010101101010101101101101110001111110000100000000101111101010001010101001100110010111011111110010011001010000110001010001110110110011011011010011011010001101101101111100001110000011111011110001
1011101001000111001111001011100000111100101000110000000000001101001101011111000000110101011011111100000011011000101011110111000000011000011010111111111110011101010111010100111000001011011000001011011001100101010110100011110111100001011101
1010001101011101011001100001111111101110101010011111101111101111011111011000010111111111011011100001111010001110100001100101011111111111011010110110110111010001010110010110101111101011001111011010001011110100000011110110010010111011001101
1000111101011001001100111011001010101010101011110001111100000111110110001110111100000010001110110111111011100000001111110101011011011000000000010110010101011101010011010000101011000001011000001011011001010101010111110011000110110011011001
1010110101011011011001101011100000000000001001011100110111101101100111011111110001111011111000011110000000001111011000110101010010001101011010110111000100000000010110011110001010011011011111101010001101010101111100100111101110011011011011
1111110001010000001100100001111111111111101100011001100000001000110011001011011111110001111111011011110101101001011110110101000110111111111011110001110111111111000011011011101011111010001101100010101000000000100110110011000011001011011001
1101011101000111011110111100110010001100101101111101111111101010011011101010011010011100001000000001000101111100001100110000010100101010101001011011010100110001011110001010001010100011011001110110111111010110001100000111111001101011011011
1001010000010011111010011110111011100110000101010101011101101111011010101011010000111111100011101101010111010111101110111110111101101010001011011011010001100101011100100000100010111011011100110100011010011111111111110011010011001001011001
1101011111111010110010110110101000110111101101010101010001101100011010001010011110110100110111111101111110000111000100011010101101001010100000010011011011111100000101110111110110010001000001100101110011001101011001111001000111011011011011
1101010010001010011010110100001110100101100001010100010100001111011011101011011000010110111110110001110011101101010001111010001101101011101110110110011000111001111111000101010011010101111100110000011011011001011100011100010101010001001011
1000011011101010110010100001111110110100001100000101110111100011011001000010001111000000011000011100011010000000011101110000111100100001111100010011001011101101011011101100011011011100111110111101110011001101010110110110111101011011011001
1101110000000010111000111101011010110001101001010000111101101000011101111011011011111111011101001101000011010101010000000101100110111101010110110110011011000001000010111111011000001101100000011000011011011000000000010100011000011010000011
1101010111111000101110000000001010111101101011111010011000111111001101100000011010001011001111101101111011111111111101101111101100001101010100110110110001111101011110110000000010100100111101001110111010011011111111110001111111011010111111
1001011101111110000100101011101010010111111110011011001110110011011001111111011011100000011010000111100001101001110101100011000111011101010110100110011011011000000000111111111111110110101001111000101011010000001011010100010110001010101011
1100001000001111110001111110000010110110010100110010011000011000001011001110000000001011001011010110111101000011000001110110011110010100000000101100110011001101110111101000100101010000001100011110101000000101111001011110110011101010000001
1111100011111010000101000000101000100011000101111011001101111110100001100011111111111111101011110110110001010111111101000011001010110111011010000110011010011000110111001110110101000110100101110000001101010111001011011000010110001010111101
1001111010101011111111111111111110001001110000001111100000001111111100101001001110110100001010100000011101110101001111110110011010110110001111110100111011010011100100011010000001110111110101010101100111011110011000001101000011101010101111
1100111000000011011010010000110111101111010111111111111101111011000001111101011000000111100000111011000000110101101010100010111000010100111000010110110001010110111111011011011100111101010101011111101110001011000011111111101010000000000011
1110000011101000011011011101100000000101010110110011010000011001111100010100001111010000001101111011111101100000101010111010001110110110011111000000011101000000011000010011010001101100010101001010100011011001011111011011111011110111101001
1010101011001111000010000000111111101100000000011010011101111101100001000101011011111101111001101110100101111110000000101010111010000011110010010101001101011110110011011011111101100111000101011010001111001101010101011001010010100001111111
1000111001101000011000111110101010001111111111001011000001010000111111110111011010100111011100101100110100111011110110101000011000111110011000111111100000001111111111011001100000001101110100011011100110011100000001011011011000101100110101
1010111111111110111111110000000011100110100111100011111101010111101011000011001010101110001110000110100001100001111110001010110011110011000011101010111111011001011001010011111011101101000001110011001111000110111111000011000010101111100001
1110000110000100110000000110111010101110110001110110000101010011000000011001100000101011011011011110111011111011001000101110011001010110011110000000111100001011001100011011001111001100011100011000011010011100000011011110010110101011001111
1000101111110001111110110100100000001100111101000011110001011011110101011100111010101000000000010100110001101001101111100110110011000011110000101110000001100001011110110001101101101110111110111110111011000110110110011011111100000001100101
1111111100000100011011100101111111101001101001011000000100001000010111110110011110101111111111010110000111001011101111110110111000011110011111111000101111101111001100011011101000000011100000001100010011101100010011001001101001110111101101
1001100111111111110001110111100000101101101101111101011110100011111111000111000100000011101010000011110101101011000000000110011011011010110011011110101100000101011001111011000011010111111101011111011001100001111001100011001101000000001101
1100110001011010111100111110110110000000101101110111011100111001101101110011110111111010000000111011000001101001111111110000110001111000011011001111111111101100011011110011110111110000101111001100001101001111111111001111101111110110111101
1110011101000000000001100000111111011110000000000011110101111101101001011010110011000011101011111001111100001011011100011010011011101110111001011011000001000110110000011001111100011110101010011110101001011110010101011101000010100011110102
1010110001111101111101111110011001110110111111111010100111101000101100011000110111111000111111101101000001101010010110111110111010101000001100010001111101110010011110110011011110110110000000111011101100000000110101011001110110111001100001
1000010101001101000101011011000011100011111111100000110110000011100111010010000000111011100100000000010111000011000000010100101010101111011111000111000001111000110110011001010100000000111110110011000111011011110101000011000110110011001101
1110111101101101110000000001111010111011000000111110000011111000001110000111010111100000110111111101010110010111111111010110001010101011011111110001111011000010010111001101000111111111111110011011101100001111010101110111110100011011011111
1000011001000111111101101100110000000001111110110000101000011011111100110110010000111110100001100101111110110101101110000111101010101011001101000111010000011011110011101100011110011001000010110000000111100101010101100010100101110001011011
1111001101101111000000111110011111111011110100111111111111010010110001110100111010011000111101101111101000110101101011110000000000000001100101110110011101010001100110100110111010111101011000011111101100110100010101101110110101100100000001
1010011000100101010101100011000010111011000110011000011000011000111111000110001111001110110000001011001111100000101011011101110111011111110100110011000111111100110100110010010000101001111110111010100110110101110001100110100100110101101011
1011001110001100011111001001111010100011110010111111011110111101101001101111111101100000011111101010011000001010000010000111110111010011010001111001110110110101100001111010110111101100101110101000001100110001010111101100110101110111111111
1011011011100111110011111100101010111001111000010100010000010100100011111100111001111011010000001010111101101111011000111110010101111000011100101101100010100000110101011010010101101101101000001110100110000111010011000101100101010000010101
1010011010101101111001010110101010101011001111000111011111010001101011010101101101011010011111100000000111111001110010101011010000101111001101101101111010110110111101010010110101101000101011100011110111110011010111110001110100000101000001
1011010000101100001100000000000000000001101101011101010001011101101111000001001000001111011010001010111110111101111110101011000111100101101001101101010010100111101101011000110001101110101111001111010101000110000110100101000001011111111111
1011011110001111101111111111011101101100000101001101011100011000100101111101101111101101011011101110011000101001010000000000010000110100000011001001011000001101101000001101100111000110100101100110000001010110111110111101111011110110110101
1010010100111011001011011011110001001111110101101100010111011110101101101000000110000000000010111111011110101101011111010111110111100101011001101100001111101101101110101000110001101100110001110011111011110100011000011001110000110110100001
1011010110110000011000000000000101101000000000000111000000000100001101101111110111111111111000011000001100101101010111111100100000101111111100000101111000000101101100111110011011000110111011011011000001100101111110111011000111100010101111
1011000010111101001011111101010111111101011010110101111101110101111101100101010011000010111110111111101110000100000000101110110111101010110111110100101111110000100110011000110001101110000011010001111100110001011000010011110010001000100001
1001101000010111011110101111111111001111111110110000101111000000010000110000011011111010101010110000000111110111101010000000000001101010100110000110001001111010101100110010011011100011111001011101011101111011001111011001111000111111101111
1011111111000110010100000010101101011001101111100110001010011110110111111111000000111000000000011111101101100001111111110111110101101010110111011111101100001110000110111110110011001111011100001101010101010001100110011100011110001101000111
1001010111101100110001111000001000000011000000001100100011111000110011100101011011101111111110110101000100111011010110000110000111000010110100001101000111011000110110101100011010011010001111100100000001010101001111010101110110111000011101
1011010101101001111111111111101111110111101010101001111010101110010110110101110011001101011010010101110001101011010100110011110111101000110111011001101100011110100000100110110011011010111010110111111101011101100101010000110100001101110101
1011010101000011101000000001000000000010101111111111011000101011010010110101100111011000000000110101011100101001010111111110000001111011110011001101000111001011111110101100011011010010110000010110000001001100101101011110110101111100000001
1000010101111000101111111101111111111000111101010111000010000000000110000001110101011101011101100101001110001101010011011100110111010010100111101001110001100000111000001110110000011010011111010111111101011110001100011000000000001001111011
1011000000110011101011011000011101000010011000010001111110101111101111111011000000001111111100110000011011100101010110010001110101011000110110000011010111001011101111101000011011110000111100000001010100001011101101111111011111111011101111
1111010110011010101010001111000000011111011111011011011110111111000110100001111101100110100001111011000000110000000011011011000000011010000011110110010010011111001010101110110001100111100001111101000101011001000000111110000000011010000101
1101111111000000101011011011011111010101010000001011000011111000010010111011011111110110111101011111111110011111101110001111111110111111101001100011011000111001100010100000011011001110111111110101101111001101011010011000111101111010111101
1000101101111101100000000011110011110000010101100001111001101111111010100011010010000000111000010011000111011010001100111101010100110101111100111011011110101100111010110110110001101010011010000000000010011001110010111110001111110000010101
1010000000000000111010101010100110111011011111111101111100000000001000111011011011110110101110110111110000000011101110110000000110110101011001111000001010000110100000111110100111101000111011111111111011011101100111101100111011010110110101
1111010101011110011011101000110110011111011010110000000001011010100010000000011011110100101110000010100110111000000000011111110110000000001101101111101010111110111110011010001100101010101010000000110001000101001111100110111010000111110001
1000010111111111000010001010010100110101010000100101011101111111111110101010110010011110000000111110101100101010111111010101000110111111100000000110101010001100010100110010111110000010101011111110010100010001101010101100001010111101011011
1111011111000000011011101111010110100000011010111111110001100001010000111110011000111000111110101100111111101111110100000101110111110001111011110110100010111110110110011000010011101111101011010110110111111101001010100110111010101101001001
1000011101111010111011101000000000111111011110101100111011111100011110110111001101101111111010100110110111000101010111110001010011011101010010000000001010011010010100111111000111101011001010000000011110110000011010101100001010101001011011
1101010000001111101110111110111110110011010100000110101111101111010011110011100001001101100000101100110101110100000001011100000111011001011111010110101110111011000110011010011100001001101011111111001100011011001000000110111000101011010001
1001111110100000000100111111111000110111000111110100100101000010000111010110101100011000111010000110110000000001101100001001101100001101001101011111101110010001110011010000111111100011100010111101011111011111101101110110101011101000000111
1011100000110111110110001000001110110000010001100110110101111011110000000100111111001110011111101100011010111011111111100011000111100101011001111011000011011101010110010111110101001110111010100001011011001100000100111110100001101011101111
1110110110111100000011101111100000000110111100110110010100111010111111110110110001101011000110000001111111110010011010001111110110110000011100110011110110010100000111000011010101100000111000111100011001101111110110001100101111001000111001
1100111111101111111010101010101010101111111110000011010101100000011100000000110111100011110000101101010110011011000000111110000000111101110110000110100111010111110101011110000001001111101110011111001011100111000100111110101101101011111011
1001101010000000000000000000001010111011010111101000000001111101000110101010100000111000011111111000000011010001101111110011101010000001100110110000110011010101010100001011111101100101101011010011100011001101110101100110100100101010000001
1011000011011111101010101101011111111010000101111111101011010111110100101010001011111111011000011101111111010111001101011010001011011101110011111110110110010101010001111011001001101101100001011001111001101101010000110000001101100000101011
1011110111111000001111111111110101101000110000000000001010000011000111101111011001100000001111010000110101011100011100000011111111110000000110011110100011010100011011110001101101101101111101001101011011101100011011111101111101110111111111
1010100110101101111000000000000000000010011011010111111000111011110011101111111100111111011010011110000001000111111001111011011110000111110011010010101110010101110001000111000000101100110000011000011001000111011000011000011000100000110101
1000110110000111111111011010111101111010110011111111100011110010110110111010110110100000001011000000101111011101101111110000001011111111110110011010000011010101100111011100011011100101111111011111011101110000001011111101111101101110000001
1110010011011100000000010011110001000011111110000000001111011000000110110000000000001010100000011011101101011001000111011111101011000000000011010011111000000001110110000111110001110000101000010011010100111111100001100100011000100011111101
1111010111010111111011011110000111011011111111010110111110001011110110011101111110101111111011011111001101001101110000000010101011011111111010011001111111011100110010111110110100110110101011010111010001101000001111101101110011101111100111
1000000001010011001111111111110001111110110001110011111011101111000110111111111111111101100001110001101101100000111111111000000011111011011011011101001111010001100110110100111101100011101111010110011100101111101110000101100111101010110011
1111111101000110011000100000000111101110111101111111100010001101110100000110000001011000111011111101000000111110010101101111111010101000000011000000011001111100110000000101101000101111000100010111000110001000000011010000110110101010111001
1011011001110011011110110101110110000000001100001010111000100101100110111100111100001110011110000001111110110111000100001100000010100011011000011101111100100001110111101101101110000101110111000011011111101111110111110111110110001000000011
1000001101011010001100111111111111111111011111100000011110110001110110110111110111100111001111111101011000000101110111100111111010111111111111111001110110111101010000111100101111110101100101111011001101001001100010100011000011011011111111
1111101000010000111110101010000000000011001011101101001011111100000000010101000111110101100000011000001011011100000110001100011010101100101111100011010000000100000110110101101000000000110001100001011001101100001110111001101111010000000001
1010001111011101111000001011111111011000011000001111100001100001011101000101011100010101001110110010101110001111101110100001000000001110001000111011011111110111101111100001101111111011111101111011011011000111011110011011100110000101111111
1011011010011000001111101010101011111111011111111000111100001101111001010000000111000001111000010110100100100101001011110111111111101011101110101010011001100001001000110100101100101010101001011010010011110000011000110010001100111111100101
1000011000111101111000001010100000110000010110110011100001011001000011111011011101111100011110111111110111110101101011011100000000001000000000001010111100111101101011111110000110000010101100000000110110000101001101111010101101101010110101
1111001110101001101111100010111010011101010100111010111111111111111010011110000101101111000100011011000101000101101010011101101011100011111010100010001101100000001001101010111111101000001110111110010111111111101101100000111101001000000101
1111101110101101101101111010001111010111000001101010011110101100000010110111110000000100010001000011110101110001100000110111111111001111100011111010111001111111101011001010001101111011111000100000110100101010001100111110010101100011010101
1000000000000000001101010011101100000011111101100011000000000111101010010000000110110111010101101000000001011101001111100110111110011100001111010010101101010000101001100000101001010011011111111110000110001011100110010011010100101111111101
1110101101101010100101000110100111111000010000111000011111110100001111011111101111100001111111111011011101010001011010110000101011010001111101011010101100011110000011111101111101011010010011101000111111101000110000110110010110100000101101
1111111111001010110001110000001100011111011010001101110000000111111100000000001000111011101011010001110000000100001010111110101011111111110100000000000111010100111000110000110001011000110110001110001011000011100101100011010110101111100101
1011010110011111111101111111101111000101011110111000111110110101110101010110111101100001000000011011111101010101101010100100000000100000010111011011101100000101100011100111111100000011100011100110111011011010110111110110000000000110110101
1000000110110000000000011101000011110001010100011111100011100000000111110100100001101100011111000010000001010101000000110110111110110101000101111110000111101111110110110001010110111010101111101100111001110010100010110111011111011110110001
1111010011111111111101000101111010111100000110110111001001001011010010111111111100001001110011111111101011110111111101110111101010111111110000100111101111000111000000000111010111100000001010101110101011100110001110110011010111011100100101
1111111011010110100001110101000000000111110110100001111101111111111010100111011110101100111000101110111110000011011101100101001010001010011110110101000101101101111011111110010011111010111000001010101010001111101100010110000101110110001111
1000100000010110111101110101011111110000000000101111010000110101100000101100000000111001100010000010111000101110000000110101101011011011000000000101110000000101000010111011010110011010001111100000000011101100000111000000110001110000111011
1110111111000000110111000101111100000101011101101101011110010001101110101111111010111111110111111010101111111011111101100000001011010001111101110000011111110001111010101010000011000011111001111011011000000111101101011101111101010101110001
1000011000010110000011110100110111011111111101101101011011011100111100101010111111101110111101100010000001010001101000111111100011010101110111111111011101010111011000001011110111111001101100011111111101101100001101000100001111010111000111
1101001110111111101001010101100001111010100000101001010010000001110110001010101110001010100000001000110100000100001110001100111000010101000110000000000000010101001110111001100101010011101111000111101111101111101001011111111011000011011111
1111100000100001111100000001110100100000110110001100011011111011000111100010101011101010111010111110110110111110100111101001101110111101110111111101010101000101011000001100110101011011001011110011001010001011001011001011010010011110000001
1010110101111101010111010101011110111110100111100110110001100001110101001000100000001010011111100000110111100000110000000011000100011000000101100001011111110101001110111001110101010001100010110111101011101001101011011011010110110111011111
1000010111000101010111111101011000000000001101101100010100111011010000011010001111100011010101111111111100001110111011101000010111010011010001111011110000000101100110101011100101010111110110010101001001101101100000001011010110000001001011
1011000001110001010101111000001111101011111000001110111110101011011010111111111011111001010100110100001111111111101111001010110111011111111101011111111111110101001110000000110101000011010011010101100011000000111101111001000110111111011001
1010010111000100000001010011101110111111011111100000011000101000011111110100000000001100000001100001100110000000000000011111100000001110100000000101001100000001100100111111110101110110011001010000111001111101101000000011010110000111011011
1011010100010101111100000110001000110101010000001111001110101110110001010110110101100001111011001101001111111111101011010001001111100010111011010101100111101101110001111001100100110011001100000101101101110000101011011011011110111101001011
1111110101010101000001111111101110110001011111111000011010100110111100010011111111101011001011101111101010000000001010010100011101101000000010010000001110111001011011001100110110110111011110110111000000011110001011111110001000000101011001
1000000111111111011011000000000100100100000000011111010010101100101111011011011010111111100000111010100011111111011010111110111000001101101010111111011000001101011011100101100110100101011000011110011110110111101010110111011011111100001011
1111110110000000010001101101110110111111101011001011011010101110000011010010011010010101101110100000001110000000011111101000100011111000111111100000001111011000000010110000110110110000011111001100110111100101100000100011000000000111100001
1000000111111111111111000111110100001101111111101000000000101011101110011011000011000001000011111111101011111101001101001111101110000011110111111111101011011110101010111101100000011101110111100110110101001100101111101111011111111101001111
1111110100000000000001111100000001011000110110101111111010000000101011011011011111111101110110010001000010011001111000011000111111111110000010000001001011000000101010001101111101111101110001101100110101100110001010101101010001011001011001
1101011111111110110101010111101111011110000000000000000011110110000000000000001001110001100011011101111011011111101111000011100010110111111011111101101011111101101010111001011001010000011101000110100000110000100000101101000111001101000011
1000001011110111111100000010101000000100111010110110110110000100110110111111011011010100001001010101110010000011001011111000111000000001101010101100000000111000101000010011011101011010110001110000001110011011111110101001010011101000011111
1111011000000100011111011000001101010001111110110011111111110110011111111100001011000101111100000001011010101111101010100011101111111011000000000111111011101111111111000110010000011011111100011010100010110010000110101011010110100011110101
1011001111110111010111111110111111111101100000110111000000000011011111100111011001111111110111010101011000111010000000001001000000000000010111110110101010101011111110010011011101000001100111011111101111100111110000000001011110101110100001
1001011011100101010100101111110110100000111011100101111010110111110110101111001011011100000011011100011110010011111111011101111101110101111110000000000000000000101011111010000111111100110110010100001011111101111110101111011000100110101111
1101011010110100010110001010000000001011111111111101100011100110100000001101101011010101011000011111010111000110011011110001101111111111110000111110101011111011101001000010111110111110010111010111100000101000001100111011011110101100101101
1000001000010111000111100000111111111011001100000000001110001100001111100001101011010111111111110000000011110111001001111101100000011000011111111000101011000011001101111000011100000011000000010110101101101111100110110000001100100110000101
1111101111000010010011111111111111111111100001010101111111101001011000001100000001010011000110100111011001010011100011001000111111001111010111100010101111111010011000101011110101111011011011010100101111001101110110100111111110001111010101
1111000101111011111010101000000000001101111101010101000000001101110011101111111100011001110110101110001100000110111001101110110101100101010000001011101000111011011110000001110111100010010010000110001010011000000110101111011011100101011101
1000010000000000000000001111111101100001000001110101111101011001111111111010000001000011000010111011111111101110101101001100110101110000010101011111111110100000001011101011010110111000111011010111100010111111010000000001001011110101001001
1110111111110101011010100010111001001101111101100111000001011111011110000010110111110111011010110001111001001100100001100110010100111111011111110110110000111011100001101000000000011101100011110001110110001110010110111111011010110101011011
1000100000000111110010101000000011111000000000110111110101010000010011011011111110000001010010011011001101100110111100110011010101100000011010100000000110011110001100111101110111110101001010111101010110111011111110001011011010010001011001
1111111111111110111110111101011011000010101010111100000101011101000111111001101011110111111000110011101000001110101110000110000000111111000010111101110011001000101110110000010111000001011010000001000100011001100010111001011011000111000011
1101111111111000011000110001010001101010111110101111110101000111110001100011000000000010101110111001101111101010101011110111011101101101111010101111111111101101101000011101110101110101111111111101101101111101111010011011001010011110011111
1000100000001111010010011101111111001111111111101011111111111111110100111000011011111000001100101011000000000000001010000011011000000000000000000110001011101111111110110100111100111111101101100100001100110101010000110001100000111011010001
1110111111101110011111111111101101111110001001000010001010110101011110110011001111100011101110101001011111111011100011110110010011111111111111101111100001000111110110100110011001101010000100110111011101100001011101111011101101100000000111
1010110110100011001100000000000101011011101101111011101010110000001100000110011000001110000100000011110000001111001000000011111010010000001111000101111101110101100000101110111100001011110110100000001000111100011101111010100111111011011101
1010110100111011011111111010110000000001100101000001000000011110100001011111110011011111110111111010011111100100011101111010101111011111101001101100100000000001111110001010111110111001100110111111100010101001010000110010001110101011110101
1010110110110001011010011111111011011011110101111101101111000000110101111000000111111011110101100010110100110111110111111010101101011000001100000110001010101100000000100000011010101100001100110010111011101011111101111010111010000010110101
1000110100111100011011010101011010010000000001100100111110011111111111101111110100100000000000001000000110100001110110001010101000001010100111101111111010111111111111110101001010101111101110011000010001101001101000101000000000111000000001
1110110110001111011011010000001111111111111100110110111011110101001100001111111110001111111011011101110000111100000111100000001111011111110000000110001111111011110111111111100000101000101011011011011011101011000011101011111111111110101101
1000000000111001011000011111011001000100111110000000100010100000011111100000001000111000000011010001000110110001110011110101100000001101011011110000111000000000010000101010101101101110101011011010000011001001111001100011000010000011101101
1111111110001100001011000011001101110110100111011110111010111111011001101010100011111111110110011101101110111100110110111101001101011001011111111110101111111111011010000000001100101000001011001111111011101011011100111000010110111111111101
1000001111100111101111111010011001000010001101110110110000011101001100001111110111100000000011111101111000000001100000011101011111001101010000000000001010000000000010111110100110101111101011100110100010101000010101101011111100011000000111
1101100010001111000110101011001101101011101001100010111110110000011111111111011110001101101111110111010011011111111110110111010111100001011111110110100011111010110110110000111110101011000010110110111010101011110101000000001110110011111111
1001001011100001101100000011101101111010101100001010011000011101000010110010000011101101101000000110000111111110101010110011110100001100011010111111110110011111111111111101110000101001111010110100101000000000110101110111111000011000011001
1011101000001100000111101000000000110000100101011000111111010111111010111011111000000111111111110000111110100000000010111001100111111110110000000000000011010110011001101111100110101011100000000110001111110111100001010000001101111011111101
1111001111111111011111001111010110011110110111110010010101010010101010101011000010111110110000111011111010111110101000011101101100000000111101010111111011000111010011000110111100001011001010101111100110000100111100010111111100001010101001
1001111000010000011000011000011100110100100110100111000000011000000000101011111111111000011101101110000000000011111111000000000111111010000111110100000001101101011011110110111001100001101011101100110011110001101111000011010101111010101101
1101011111011110111111111111111110010110101100111111111111010011111110000001101101001111010000101000110101111000000000011111011100001111101100011111111100000000000001100110100011001011001111000110100111000100100111011110010100011010101001
1000001011000000101001100101100111010010100110111010101011011010100011111011000001101011011101101101100111000011011111111011010111101110000110110000000001010110111101110110111111111011111101101100110110011110101100000011000001110000000011
1101101001101110101100110000110101011010101100000000100000011110001000000001011101101001010101001111111111101111111101101010010111001011110000011101011111010111111101000000000110011001110101000001100011000111101111011110011011011101101111
1111100011111110000001111110000000000010101101010110111110110111111110101011110101001100010101100011011100111000100000000011010101101001100111001111111110010100000000011101110000110011010101111100111001011101100100011000110001001101111001
1010111011010000110100100000101101011000000101011110110000010100110111101001100001100111000000101010000001111110001111101000000101101011101100011000000000111111111011011111111110111001010000001101101101001100110111011101110101011000001101
1000111011011110011110001101111111110010110111111000111111010110010011111100001101110101111101111011011100100000111000111111110000101010111111001111111101111000111010010100000000011100011111101101101101011001100100001000011111001101111001
1110000000001111010011011001010110111010100110110010010101000011010110110111011000110000001000110000011110111111100010010111111110101000010100011011000000110010001111110111111110110111010100000000001101001100110111100011001011011001101101
1000101101100011111011111101000110011011110000011111000101110111010110110111111101111111100010011101110010101010001111000000000000001011110111001001111111100111101110000010111100010111010111101110100000011001110001101001011001011100101101
1101111101101000101010110111110111011111000111011101110000110101000000010101100001011110101111011111111010000011011101101101111110100001100110011011110011001100000011111000000001000101000001111111111111011011011101101111110011000110101101
1111010001101010000000100011000000010110010100000000000110000000010101000101001100000000001100010110001011111001010000001111111000101100110100110001011010011111011000000011111111110001110111011011000000011001011000100110100111101100000101
1000000101111111011010001001101101000100111101011110110011010101111111110001111111111110101101000000100001101011111101100110000010111110100110110111000011111011111111111011101010000100010110000001111111010011011110110000101110100110111101
1111101100110101110010101100000111110110100001111100100110011111000000111101110000000000111001101010110100000010101111001111011010110000001100110111111010001001110111111010000000111111010110111100001010000110001100000110101100001100011001
1000001111100101110111101001101111000111101101000111110011111011101010001100000101110110011100111011111111111000000011100011110011110101100101100101010000101101000100001111101110011111000011110111100011011110111111101111100110111001011011
1010101000110101000100001101111101110101111111010000000110000000001010100001010111000100110001100010000110011110101000001110111110000111110101110100011110100000010111100011101111110101111011010111101000000010011010101011001100010011110001
1010101110000000010110100111011000000000010111111011010111111101011111111011011110010110011101101011101111010111111110101000000000101100000000010101010011111111110100101110001000000000000000000000111111111010111010000001101001110110110111
1010111000110110110011111110001111010101010100110011111100000001001100000011010000111100111001111010001101010101000111101101101010100101111011010101111001010110110110001011111111111101111011011110010000000000010011101111100011110000000011
1011111110100100100111000011101111111111010110111110101111101011111001110111011101111110101111011111101000000101011101111111101111111111100010000000101101010100010111101011011001101001100011111011000110111011110110000011001111010111011001
1111000000111111111101111000000000100010000110000000000000001001101111110001110001010100100000010110101101110000000000110010111101100010111111111011101000000001000011000000001101101111111110000001101100100000110011101011100000000011111111
1000010111101101100000000010111110111000110111111111110110101111000000000100011011000001110101000000000001000101110101111010110100111000110100000010101111111011110110011110111000000111010011111100001110110101110111001110101111011110101101
1111010100000100001101010111100000000011100001011100111111101000010110110101001111110101010101101011101011101101000100110000000001101110000001101000000010010010000011011100101111010001010111011111111011111101010101011000001011010010000001
1000011110110001011001011101111111110111110100000110101010001111010100110111111100000101000111111111101011000111111110000110111101101011010111111111111011000111110111110110101001111101010101000000000011100000010101001111011011110110111111
1011011011111101001101011000100000000110000111110100000000100111110110100110110001110111110111010100001011010100000000101100110000000000011110110100000011111101110111100000101011100000000001111111111000111111010101011001011001100110101101
1111011000000001011111011110001010110110101111000001010111111100000110101100110100011110111101010111111001111111111010111110111101101011010000000111011000001000000011001010000010111111111101010111011010110000010000001100001101110000000001
1000001101011011110100001111101010111111111100010101011111000001110100111110100111110000001000000100000011001101100010111111100001101001111111110111111111101101110110011110111000111000100001010101011110111111011101100110111000110111111111
1111011001110010000111111010001111101011110001010101010000010111111111100000110110011111100010110001101011100000001111101101111111001101000100000000001110000111110000110111101110000010001100000001000100101110011001111100101110000000101001
1000001100011011110110000011101101101010100101010101111111111110001011111101111111000000110111111011001000110101011101000001011011111111110001010110100011110110000101110101000010101110101001011101110110101011001100011001101000111111101011
1111111001111111100011111000001000000000001101010111000000001011101010110001011111111110000110000010011011111111110001111101000001110110100101010110111010100000101111000000011010111000111011010001110100000011100001111011000011111100100001
1000110011000000001000000011011110101010100101110111111110100011101010011100010110111011101100101111111111000000000100110101111101010100111111111111100010111111111000011011110000110010110001111100000001011000001100110011011111100110001111
1110011111110101101111110110011000101010101101000100000000111000001010110111010110100000111111111000101101110111110110000000001000010001101011111011111000000011001101001110000110110110100111000001010101001101111001110110001110110000111101
1111011110100111111110000010110010101010100111111110101111111101100000010110000010111101111011011101101000111111000011111101100011000100000001010010101111010110011111111111110110011111110110010111111101011111111100000010111010000110010001
1001010010111110110011010111111111111111111110100011111111000111111111000111110110101000101011000000101101101000011110111001101011111111011101011010101000010000110010101000000110111011111111111100100001010100001101101010000000110011000101
1101000110111010011010010110000001011000010100001011011000010010001111101100110000001110100001111110000101101010111100000011001110100000011000000000101111011101111010000010110100110010101111101110111101010001100001101000111010010110010101
1001110110101011000000110011111100001111010110111000011101111000100000000001100101100000101101001000110000001111110001111111101000001010111111101010000000011000110000110111100101111010000110101000011001111101001011101010011111111100111101
1100000110100001101010011110000111100000010010100011001111101110110111110100111101001110001111101111111101111101011111111111101110111011110101111111111101010010000111111100001101000011110000101111001111101111101110001011000101011111101111
1111110110111100111111111011110000001111000111110111100010000000111111100110000001111000101010101101010100011000001100000011001100100011000001010101010001111010101111011111100111111000100110100011100000101011100011101111010000000111000001
1100000000001001100101100011011011011000010011010100111011111101100000001111010111000011100000101001010111011110100110101000011111110111101100000001011100011111111000010111001100001110111100001010001110000001001110101101110101010000011111
1001111111101101110000111011011111111111111001011110000010100111111110101011010011101111001110101101000000010111110011111101010001011110111111111100000001110101011111000001111111101000000001011000101000111100011000000000110101110111000001
1101000000000000011110111011010110100001101011001011111000110110101110111000010110111101111100101001111111010101011001010111111101001100110000000001101111010100010101111101011011000011111101010010101010100001011111011010010100010001111111
1111110110101111000000000000000010111101100001101011000010000000000000100011111100000000010110101011000000000000001100000010101000011101111111110101001100000111010101110000000000010110000001111010101111111101010000011010110110111100110111
1111000111111110011010110111101000000001111101101011111111011111111101110110001111111111000000000011111111011010100001011000000011010101101011100101011111110101000000000101101101010111010111111010101000000001011011001010110110000110000001
1100010101010000110010011110001010111101011100000010110110010000000001000110100110101111111011111000100000010010111011010010101011000000000000001111110111000000011101011111001101010100011100010011111111111101011011011010110011010110101111
1001011100000101110111010011011111111000000001101000000000111110101011010111110000101000000010000010001101011111110011111111111111110101010101100001110100010101011001011011101101110111011001000111011010000001010011110010010110010111101111
1011111101101100010011111011111110000010110101101101011011101110111011111101011010000011110111101011011001111101011110101100011000000101011111110111000111011101111101110000000111100100001111111101010000101011011000110110111110111100000001
1001100001111101111110101010101011111110100101100111010011000000011010100000000011111111000100001111111111000001010110000111001111111101010010000001110101110001000001111110101100001111111010000000000111101011011101100110001100000111101011
1101111111010001101100000000000000110110101100101100011001111101111110111101010111000000011111111110101011111101000011101101011000100001011010101011000000111111101011000000101110101000000000111111110110001110000100110011011110111110001001
1001000000000111001111101011011010000000100110100111001111011101001110110001111100011011011101111010101010000101101000001000010010001101110000101111111010001000001001111110100110111111010111100000000111100011010101100110001010000011011011
1011101111011111100000001011010010111011101100111111111111000001101000111111101110110001110101000000000000110001111011100011000110111111111110101000000011100010101011000000101111110111010100001101010000101011010100110111101000110111110001
1001111000010000001110101111111010100011001101100000000000010111101110000000000000111111000001111010101010100100011010001111111111110111000000111101101010001110101011111011101001000000011101100111111010101011010111100011111101100000010101
1011001110111101011000101000100011111001101101101010101101110110001011111111111011101101110100000010111111110111011111111001110011100101111101110111111110101100111110100001111100011011011001101100000010111111010011001000110001111011111101
1110011000011101111010111110001111010011101100111111111111111111101011101110000011001000111110101010110110000111010101011101011010110101110101000111010000111101100000001011010110110001110011001111111010001101010111101101100100111000110001
1111010010110001000010110011011000000110001001100001110000000000000000001011101011101101101010111111110111111100000101010100000000000000000001010001011010110111111111011010010111111111110111101000000011011000010001101111110110001101111101
1001011010111111111010011000001111110011011111111100100111011111111010100000001110101000000000111001100011000001010000000110101011011111101101010100001110110010000011111111010101000110000011001101010110001101010111111000000100100100001101
1100000010011110000011110010111000000110010000011110001100010000000010110101011110000011111111101100111000011011111101010000101110010000001101011110100000111011111010110101010101110011101001101101010110111101010000001101011101110101101101
1111111111110000101011100111101111011111111111010100111111111111110110100111010000101010000000000110000011111110110001011010111111111101100111110000110101100000000000000000000101111000001101111111010011110001011011101111011000111101101001
1000011000000111111110111111101101111010101110000001111111101100000100111111111111111111111110110011111010000000000101111110110010000001101111111111111100111010101101011011010000001110101111010111110110000101110001101000011110001100101101
1111011111111111010100001010001101100000101011111111001100000111111111111000101011010101011011111000001011111111010101100000111000111111101101010100000001100011111101111111111101111000100110000001000110110100011011111111001110111110101001
1101010100111000000001011011100000111110000000100000011101010000011011101110000010000000000000000010100010000011011101101010101011111111001100000001010101111110010001110101100001010010101111010100010110011110110000110000011000000110101101
1001010110101110101111011010101110100011111010111111011001010111000000001011111011111111110110111111111011011000010000101010100010000000011110101101011111011111000101000001111100000110101101011111010011011000111010011110111011011100101001
1101000010000000101000000000001000111000000010010100001111111100011111101010000001111010000011100000000001110010110101101011111111101011000110100111111100010001110111111100101111010110101100011100010111011010011011001100100011000110111101
1000011000101111101111111111111110110010111111000111011010011001111010100011111011000000110110001010111011000110110101101111011100001111010110111110110111000100000111101110000010010100101001000110110110010011011011011110101001111110001101
1111011111111101111110000011011000000111101101101110001010110011100000111011101011111010011100111010100011110100110111000110000001111100011111111000000011111111010101000011111010110101101101011111100110110110011001000011101100000011011001
1110010101010101010000111001001111011101000000000011101010100110001110101010000000011111011111111111111000011110110111111111101111000001011100001111110110100000010100011000000000011111101001000011001110100111011011010111101101111111111011
1011110101010000011111101101100011111000011111111000000000001111101000000000111110110100010001101100000011111010111101011010001111010111110111101010100100111111010111111101011011001011001011010111100011110011001001111110001100000110100001
1001100101011110111101001001111010101011010000001101110110100110111111010110111100000001110100101001010111100000101100000000111000011111000010101010110110110111111100000111011001100001011011010101111000111011011011100000100101110110110101
1101110000000000110001101101000000001111111110100001000110101100000000010111100001010101111110000011011100001010100111111101100010111101111010000000100000000000001111101110011011001011011111010000110011101010011000110101101100011110111111
1000000110111110111100000101111111101110101111110101010110111111011010111101101011010101001000101010001101111111110000101111111111110101000000110110001101010110100000001000111001101001110000010110111011000011011011100101101101001010101011
1110111111111100010111110000000110000000100010010111010111111101111111101000001001010111101110111111100111110101100110000010111101000000011110110100111001010110101010100010001111001011111101010110011111110110011011001100101101011000000001
1000100001000111010101111111110000101010111011000110011100001001000101000010101101010110100011110100001110000000001100111000000001011010110000111111100011010011101111101011011000011110000001010011000001100110110001100110101101000010101011
1111111100011100000000000000000110111110110001111100111111101101110000010111111111111100001000000001101010101011011110100011101100001110011011101011001011011010001000001110001111011000111101111011101011101110110100110110111001101010111001
1000000111011001010111110111011110100000000100000001100110100000111101011110000010011110111110110101100011111111110111111011111101011000111111100000011001011011101101011000101111110010100000011000111010000010110111110011111101111010001101
1110110000000011011100000011010000101110101111011100110000001010000001011000111010110110111000111101101011010100100001011110000001001010010100001111011011111110100111111111100001100111111010110010011010101010010110000110000000011010111101
1011111110101011010001101111111101101011111010010001110111111011010101111111100010100011101010011001001111010110111101000111111101101111110111111111010001100000111111000000001011110101011011111110111110101011010011101111011101001010000111
1001010111101110011011100110000001111000011011010101000110000011010101000111001000110111000010111101111000000100000001110000000000101100000000000000011011001110111001111110101001100100000000110000001110101111010110000110011001011010101111
1100000000001100111111001111111111000011000000011111111111111011111101110101101110000000011011110000111101110101011100000101011101101111111111101011010001111110101100000000101011110110101011111010100011100110010110101111011101001011100101
1001011110101001100000011100011111111111101101001100011010000010101001000101111000101010110011100101100111000001111101101111011001111000000000001001111011000000000001111010111001100110101001011010101001101100111100101100010001101000110001
1101011100101111111111000111000000000000001001011001000011101110001111110001000010101110011010001101110011111111100001101010001100011111101111111100001111111101011101000010110011001111111011001110101100100110011101101001011100101010110111
1001110110101111010100010011110110101111101011001111101000000010100110000100011011100011110011011000011001011110111011001000101111110101111111110101111110101001111101101010011111101101000000011100111001101111000111111011111110101010010111
1101100000101000000001010110000100101000001001101000001101010110110000110101011010001011000110001101001100000000000010011101101000000000000000000000011000000011000001101011000000101000011011000110001100100110010110000010000000101011010001
1111111111111111111111111111111111111111111111111111111111111111111111111111111111111111111111111111111111111111111111111111111111111111111111111111111111111111111111111111111111111111111111111111111111111111111111111111111111111111111111
