11111111111111111111111111111111111111111111111111111111111111111111111111111111111111111111111111111111111111111111111111111111111111111111111111111111111111111111111111111111111111111111111111111111111111111111111111111111111111111111111
10110101011011010000001000110110011011010110000110101001010010100011001001101100001001101010101001100010100011000100000010110100010101101010100000110011000101011000000011010110011000001010000000000011000000001010100110000011011011011011001
10000000001011011111101110010111010000000111010010100011011010111011011011000101111011101010100011001000001111011101101110010001110000100010101111100111011100000010101111000011010011111010111010101111011101100010101111110110001011011001011
11101111101011001110101100110010011111011100011110110111001010110010011001110100000000101010101111111101111101000000100011011011010111101110101101001101000110111111111001101111010111101010011111111000000111110110100011010110111010001101001
11111000001011101000000110011011001010000111001010100001100010011010110011000001111111101000000011001101010101011111110110011000010010001010101001011000011110010101011101001001010000000000110011111110111110111100101110000110000000111000011
10111111101010001111101100110001100000110011011000101111111010110000011001011011100001101011111111011000000101011011011111011011110110111000000011001101110100110001001101011011010111111010010110101000000000000001100010101100101111111111001
10101100000011100110101101111011111011110111001110101011011010010110111011110010110111001011011101010010101100000000001101011000000000010011111111011000100110100111011000011000000000001011000010101011111111111111001111101101111010001101011
10101001111000110000000100110011111111010110011010101011011000111110010010111000010001101010000101011011111001101101011000001101111111110110000001001101101100001110001101111110101111111110011000101000000010110001101011000101011010111001001
10101111011101111111110110011001101100010111011010100011011110001011011000011011110111001010111100010001010011111111111111011000011100000000111011011101101110111011101100110110111110100011001110000010111110100111000011101100001010101011011
10100110000000010101010011001011100111000011001010101110001111011011011010110010010101100000000101011101010110111010100110000011110101111010011111011000000000111011001110000110011010001111111110101111111010101101101110001101111010101011001
10110100111011000101011011101010110101111011011010100110111000011011000011111010110101001111111111011000000000000010001111010111100100011110110110001101110101100011101010111110110000101110000011111011000000000101000011011000001000101001011
10000101110010010001010001001010100001101001011000101100001111001011111001101010010001011100010110001101010111111010111011110000101101110111110111011101110100001110001000010100000101111010111111010001101111101101011111000011111011101011011
10110111100110111101011101101000110101100011001101101110111101100010110011000000110111011001110110111001111101011110001010100111101101100011010011001000011101111111101011110001011111000000000010011011000011111100000110011000000000000001001
11110110111111100000001101101011111100101010011101100100011000001000110111110111110101001101010110101100101100000111011010101101101000101110010111011011001101001011001011100111000000011111111110111001011110110101111111001111111111110111011
11000000001101001010100000000001101001111000110100110101111110101101100001100011010101011100000000101101101101111101011000100000000010000011000110000001011111100011011010001111111111000000101100010011011010100000011100011101100011111111001
10010101100000011010110101101011001100110011100101110000110111111000110111111011000100010111011101100100000101010100011110001111110111011111011100101111110110001110000000111100101011111110001101110110001010001111110111010000001000001000011
11010101111110111111111111001001100110111000110001100111100101011010110110000000011101110110000111110101111100000101110000100000011101110001011001111000110111101100101010110110000000000010101100110011011010111001100011010111011011100011001
10010101011110010101011011101111101100001011111100101110110101011110110010111110110100100110111110100000000001111101011101111101011100000111011011011011100001101101111111110100111111111111100110011000000000001100001110000001111111111111011
11111111000000110000010000000011000001101010110110100010110001010110110110100000110101101110011000111011111100011101000101011111110111101100001010011010110111001100001101100101100010010111111111000011111111111101111010111111110110011001111
10101100011101111111000111101001111011000000110010101110111101010100110011111110110000101010111011101000111111110100011100000001110011001101111010111010110001101101111100101101101110110010110110011110000011011000001010100010000000111011101
10000110110001100000011100001111101111101110011000000010011001010101111001101100010111101010101010100010000011100001111001101111010111011000000000101000010111101101000110000001101010000110100010111000111111001011111010001000111111110000101
11110111111011111111011111101110000101111100110011111110111100010100110011100111000011101010000000001011011110111100110011001011010101001011111011101011110101000101011111101111100000110010101110001110011000011011010000111110000001011011101
10010011011110100000010110001011110001011001100111101100110101110101111011001100010110101010110101101111000000101101111001111000010101101000001111000000010101011101011011000111001010011110000110111010111011110000000110001111010111010000001
11011001010110111111110000100011011101011101110110100110110000110100101001100110111110000000110100100001011101100000011100110011110000100011111101111011110101001100001010010000011111111100111110010000000000000101111111111011011111010101011
10001101010010100000000110111010000001010001010100101100011101100110001100110110101100110110011111111111000100101011110110011011010111101110110100111011100100011101111010111111001101010101101010110111110101101100111011000001111100010111111
11011000011000110111011111100010111100011101010101100001110000110011100110110000101110011111111011100101110111111000110100111001010001101110010101101010110101110100011000000111011101000000101000100000011100100110101011011101100111010110001
10001101001101111101111011111011111111000000010101001111111110100110101100010110100100111001101010110000111100010011100110001101000111000000110001100010000001010101111101111101111001011010000011101111001111110110000000001111101110000010111
11011111011001011000100010000011000001111110110101100001001100001110001111010111110101110011000010000101101111011000110010111100010000010111111011001110111111010100011000101101101100001111011000000001111000010011010110111000001011011110101
10001010001101011110111011111001111101010010010000001111011111011011100110000001100101000111111010111111100110010011100110100110111111111111011011011110001100000101110010000000000001100001110011010101101011110110010011101011111010000000001
11101010111000001100000000100011011000011011011010100011001101001011101111101111110100011101101010101010101100110110110000001110100001101100010011001010111001111100100111011101101111110111111111011100000001011111111011000000000000110101101
11101010101110111111111110111011011111000010011011110111100101101000000101100001010101111101000000000010101101100010100101011100001101000111011011011010101100010110001100000111000000011111010101000111010100001101101000011010110110011101101
10001000101110101101001100000000000000011011010001011100001100101111101100001111010000000101101111111110000000001110001111110110111111110011000000001010001101110011011111110011111111111100000001101111011101100001001101001111100111001111001
10100010000000001000011001111111010101010001000101011111101001101100001111100101010111010001101011110111101111111000111110110100101011010111111101111000111001010111010110111001000000110110111100100001000100111100011001100000110101100001111
11111010101111101111011111100000011111111100011111010110101101100111100110110000000011110111000000000010000000000011101100100001101011010101101100000011101100000101000000001011011111100000000111111111111111111110111101101011100000101100001
11010010101000000000000110001010110000000111011011000110101000110011001100100111110110111110010111111010111110110110100110001011000010010100101001111000000001010000010101111110001001111011011111000111101011000010000100101001110110111111011
10000110101101010101010000111110111111010001011011110010101110010110011110101101011110011010111100101110101011111100101110111111011110110101100011110011011011111010111111010111011011011001011100011101000000011111101110101100110110011011001
11101100101001010111111101110111100011111100011001111010100011010011010100101101001011001000101110000100000001001110101010110110000110110101101110010111111110101010011011010101010001000011000001000000010110111100111111111001100011001001011
10000110101111110110101111000011001001100001001011011010111000010110000110100000011001100010000110111101111111011000101000000110111100100000000000111111111110101111000001010000000100011111111111110101111111110101110101011111111001100011111
10101111111000110110101011111011111100111111101011001010011111000111011100001011111100101111110100101101011110001101100011011110111110001110101010011011011010101101110100000101011111000010111000111111011000100000000000001110111100101000001
10101000000010111100000000110001110110001100000011101000110101110101010001111110001110100000011101101000010011011100001111111100000000100111101011000000000000000000110101111101111011101000000010001011000011101111101011011010101110111101111
11111101011110001110101010011101000111011111110110001011100001100000011100000111011000001011110000000011110110000001100000010110111110110001111110010101011110111110010100000100000010111111111110100011011110100000111111111000000011110100001
11111111111110100000101111010101110001011000100011101011111100110111110101111100011101111110011011011011010000111011111101110110000010110111011110110111000110111011111111111110101000010000000010111000000000101111110000100010101111000101011
10101011000010110110111100000001100100011110110110101000110110000011010001010111001101010110110001111011000111111110111111100100101111100011001011110011010110101000000000000111111111000111110111110011010110000000000110001010101000011111111
10101011111000110111110110101100001101001100010000101011100011111001011011000010011100000000110100101110010000101110000010110101100000101011011001010111110110000011111101010011000011010010010101011011010011010101010111011110111011111110101
10100001011101111101100100101111011001101111000110101000111010101101011001101110110101111111100101101100111111101011011110100000111111111110001011011101100011011010101111111000011110011000111100011011010111011111111101000011100000010100001
10001100000001000001110111111011110011001010011110101011101010101101011011100110000000010110110111001110001100100001000110001111110101010110111000000001101111001000000010111111111111111010000001111011010001001010111001011000110111000001011
10101111111111101100000011000010100111100000110000000000000010101101010010110010111011000010000011011000100110101111011110111010100000000100000010111111111001011101101000011100100011101011101100001011011111011000010011111111100001010111001
10111011000001111001011001111000110110101101111111111111111010101101010110111010001001101110111110011011111100100101001010000000001110110001101010001100011100000111001101001001101110001011111111111011000001001011110110110111001011011111111
10110001110111011011111101100010000110001111011011100011010010101000000010101010111111111000010011000000110110001101011000101111011111111011111011111101110111010011011111100011100110111110011000011111101111111000110000110000011011111001101
10100100000011001111110000111110101111111011010000111000011010001111011110101010010011010011110110011111100100100000011011111111111011011001011111110101000011010110000000111110101100010110111011110100100000101011100111111011111110100011001
11111111111001100101011110101000111000000011011110000011000000111101001100101010110110010110100000110111001101111111000000010000000000001100001100010101011111010111010101110000000001000000000001000001111011100000110101011001110110101110011
11010000101011110000000000000010011101111000011100111111111110011000011001100000000011010000001110000001101101011101111111110110101010111111100101110100001001010101111111010111111111101010110100011111011111101011100001011100000000000000111
10011110000001100110111110110110110101000011000110100101001110111111000011110110111110010111100111111111001100000000101011010111111111110011111101010001100011111100100110010101000000101010111111110100001110101110101111010001101111111011101
11010010111011111111111111111111100111101011101111110000011000110010011111010111110111000011110000111001101101111111101001010101010000011000110101000111111110101001101110110100011110111111101011010001011010101100100000000101111111011111101
10011011111001001101000011001011110110111110101101011111011110011011010101000001100010011000010111101100000000000000000011010101010110110011100000010000010110101011101000000001000010010101000001000111110000000001101111101111011000000000001
11010011001100011001111011101010100100010100001100010110001100110011010101011111001110111111111110100111011111101010101000000000000011111000110111111111110010101000100010111011010111000000011111011111100101010100101011111100000011111010101
10011001101001111101001000001010110111000001100111010011101110110110000000000001011100010101011000001100000000101111111101101011101001010010000000000110110110000010001111111111110011111110111100000101001111010110000000010110111010001011111
11011100001100110101101111101010000000011111110101010110001010100011111010111111000001110000000011011101101111111100001100111000111111000111110101010100010010111110100000000110111110000011100001010000011001111111011011000010001110111001001
10010111100001110101001000001011111111111000000000000011101010110110110011110101011111000111110111110100100000110001100110001110010101010001111111111101110110111111110101101110000000101000001111111010111011101100001110011000100110001100011
11000011111101010101101111100010101110101110111110111001000010010110011001010000000111110000011110110101101110000111111110100011000000011100011010101000000000000000010111000000110101111101100000001010000000000111011111111111111100100101001
11111000000001010001001010001000101000001000100011111101011000110011011101000101010000110101001010110000100111010000001011101011010110111101000000000010101101110111110011111010111111010111001011111111111111101100011010000000110001111111011
10100011111100011101100000101010100011101111111011100001111110110110001000011111110111100111111010110111110001111111111001111111110011100111101101011110100100110000011000011110001011000001011000010101101110111111000000111111110111011111111
10111111111110110001111111111110110111000101001010111101100000000111101011000110010111001110100000000000011011101101101011000000110111101110100101000111101111111111110011000110100011011111110011110101000000010101011010011110100000000101101
10101100000000000100000000010100111100010001100000101000111111110101000001010000111101100000001011011010111110000101000000011011111100000000111101010001111011011111011001101111101000000001111111000001011111110101111111110010101111110000001
10001111011101111111111111010110011001010100111110001010010000000101101111111111101101101111011111111111101100111100011111111110101001011111111101111111011000000000001101101000101111101111010101011100000000000001100101110110000111111111011
10100101111111111011111110000011010011111110001111101111011010110100100000001101100101101111110100010111100110001101111101010100000011001011100100000100010011010101101111100011100001100011000000000111011101111111001101010100101100011111111
10110000110011000000000000111010000110101011100000000101011111110110101111100000110101000000010001110010101110111100000000000001111111111000110111011101110111110100100011001000101011001110011101011111000100000001101101010001100101000000001
11111101111000010110101011111000101110101011111111010000010101010000000000111110000001011111110111010110101000000001110101101111001110000011100111111000000000111110101001111111101111100011000111011001111111110101100101000111110001111110101
11100000110011011100101010000010111010101010110000011111000000000111101011110010101100000000110000000000000010110111111111100001011010111110101101101101110110011010111011000000100011001110010011001011111010111111110101011110110100011110101
10111110000110011101111111110111100000000000100110111000011010110111001000010111111110101110000111110111111110110000000000101100000000011000000000000000011111000010011111011111110111100000111111111010000000001011010100000000011101000011111
10000000101111110111111101111111111101010110001111101011010010011100011101000001001100100010110000010000000111111111111111111111010101000011101011101010111101110111110101000110110101110111111101101000101010111010010001101011000111010111011
11011101100011100010101000000110011101010010101001100001110111111110110001101100011001110110100110111101111101011011011111010001111111111000111111111111110000011111110001011110011101011111010101000011111111101011000100111111111111110101001
10011111101110001000001111101111000001011011111100001011111101000000110100100110111100011110110010001100000000010000000000000100100010111010000110001101010101111010011011000000111001001100000000011000110011101010010110000000000000011101011
11110000001100111011101100000101110111111111010001101011001000010110010110101100000101011011110111111001010101000111101110101110001000101111110000111000000101100011010001011111101011011001111011001110010110100000110011111101111101110000001
10111111100111111110100111110100000001110110000101001111100010110110110111100101111111111011000001111111111101010000111000111011011110000000110111110011011100101110000111000001101000000011111111100111000000001110011111111000011111111011111
10000000001100001100001100000001101011000000101101101000001010100010110100001100000010110001110101000000011101111011111110000001010111010111111101010111110111101010111111011100001010111110000001101101111101011111000010001111110000000000001
11011011011110100001101111110101001111111110101000111111101010101010111111011101101000000101000100011101000100011000001100101111000001010111011100000000110011100000000100000110100010000110111111000000001101000001101000100111010111111010101
10011011111111111111100010110111101001011100111110110000001010101010011100000111001010101111101101000111010110110011101101100001110101010000000101111111110110110111111101111111110111010000000001010101101101101011001011110000000000001011101
11011110001101011010111000000000101101010001100000011101011010101111010001011111111011111011111111010111111110011000101000111111000111011101110000001101000000000011011000000100111111110101101111111100100111111111101000011011101011101001101
10010111101100000000000011111011111000011011001110110001001111100001111101000000001000000001010110010001111100111111111111111111110011001100011111100001011111111011001011111101101010110100100000000111110000001101111101001000111111111011111
10110000000001111011010110000011011111010001101100011011011101101100011101101011111110110100000010110100010111110101011011000001011001100101000000111011000110101111100001010101000000011101111111011100111111111000000111101011110110001110111
11111111111011101001110011111111000000000100101001110011010000001101000111001010110111111101110110111111000011000000000000011100001111001101010110001110011110000110110111010101011111111111111101110110101010001110111110111111000010111110101
10000001111111000011000110000000011010110101101111000110011101101101010001111000000000001100111111101011111001011101111111000101111111111101010110100000111010111100000101000000000000000110100100100000000000100000000000010000011010101010101
11111101000101101001101111010101111110011101100011101111001101101001011111000011101011111110001011000001111100000100000001101100001000000101110010101010000000000001010001011011110101111100101101101111011011110110111111000101001000001000001
10000000010000001111000011111101000000110000110110000101101000111011000011101011101000010110100000010100001101101110111011101101111011111100011110111110110101010111111100001000011111101101100000000001111000111111111111010111011110111011111
11011010111101100110010110000001111110100101100110101100001101100011101110111010111111000110111011111111011101111000001000111111011000100111000010001100011101010001101101011111111011000000001101111111000011101011000001111110000111110000001
10011111101101001111010011011111000000101101001111101001101100101001101100000000000001011111111000000001000100001101011010001011010010001111111111101110111101110100000111000000000001101111011100001111111010001000010101101010101101000101101
10110110000001100001110111110000010101111001101100001111001101111011101101101110111111111101100011101011011101011111001111100000000111100101111101101000000100111101010001010111111100000111110101100000011000100010110100000010111100011111111
11100011110101101111111110100110110101000011000110101000011111010010000101101000001010100000101001111011000111000111100000110101111111110000000000111110110110001111110101111101111111111100000100101101111101110111111101010111110001000111011
11111010100101100101011000001100011111011011110011111111001100000110101111101010100000001101101100011001101111011101111011111111101010010101011010010100010100111010111111101101000110110001111111111111101000010001100001010000000111011101001
10011000111111001101010011111001111000010000111011010111011001010110111010111011101010111101101101111101100001000000111111011010100000111111111111000110111110000000000110100101011110000111000111010110001111111111111111110101010111111000011
11010010000000011100011111110011101111011010011010000000001101010100110000000000101110000111001100001111001111111111101101000000001110001010000001101100000011011010111100101100011100111101011101000000111000101101110110111101110001100010111
10000111110110110001001100000111000000010011011011110101011001110110100111011011100111111111101001100001100010110110000000011011011110100010111011001101101111001010010110000001000110111000001101011010101011101100100000000111111011101110001
11011101000010011111100001011100010111011011011011111101001100110010101100010000110101111000111101101111111000000000111010110011000010111000011110011100100001011011000000111111110000000011101100011111100000000001101111011110001111000111111
10010000010111110000001011111101010011010011011010000001101101100111101001111011100000000011110111101111000011101011111111111001010111111101110111111001101111011011101110000000010111101001111101010111001111111101101011111010111101101101101
10111011010011011101011110110111111010011010001110110101100100110011001101000000110101101111000110100001111000101000000000011011111101000100000010001101100011111110100010101110110000101100110001110010011000000111100000101000000000000000101
11100010010110000001110000000000000010111111111100010101001111111001101001011011111100100000010100101100001101101010101010110001111000010101011000111001101000000110001111100110111010111110000100110110110010111110001111101011111010101110001
10001010110011110111111110111011011010100001110001110101100010110011111011010011100101111010110001100101111000111010111111111101010010111111001010001011111101010011100001101110001110000110111101110100010111101011011000100000001011111111011
11101010011010000110010100110010001110111101011011000101111000011000111011011000001101011110111011101101101110111110001111100000000111101011111111111111001111010111101100100011100011111100001111000001000101001001010010001101011111010001111
11001011001110101111010001111010111100110000000001101111011010111111100011011101100100000110001010101100000110000110100010111110111100000000110100000001011001011110001101111000101111110111011011011101111101011011010110111111000110000101111
10011111111111111101000100011110000110111010101101000011000011111100001001110101101110101110101000111110110110101100111110001110000001101011100001010111010011111000100100011111111000010001010000000100111000000000000011101111111100101111011
11010101101001100000010101110110101111100011100101101001011000011001011101100001101010100010101010011000111110100110000010111011101100101001001101111100000110101110110111000000000011000111110111111111100011101111011001000100110001100110001
11110101001011001110110101000000100011001110001100101101010010111101001101110101100010101110111011110010001100111100101000000000101001111111011100011110110000000110110111011010111111111110100111100000001111111001111100011101100100101111011
10110101100000011000111111011110101111111000101101101101011010001101011101000101110110100110001000010111011110011110111101011111111100010110000101110110111111110110110001111110000001100010110000001110100000011011101111110100001111111010011
10000000001111011110011000011000101110111010101100100111110011011001110001010100110100101111101011010011000111010110110111000111010111110000101100110000000000011111110100000110101111001110010111100010111101000000001011010101111011011011001
10101010101000001100111111110010101000000010101101111110000110001111000111011101100110100001111001010111011100000110000001010000000000000111100110000101011111111011100101010010100101101011010110110110001101111101111000000000011011001010011
11111110111010100110010100011011101101110110101100110000110011011000010100000101110100110100011011111100000101101100101011111011110111110000101100101101000000110000110101110111110000000000000000010110100100001100000010101011111001011010111
11110100111111101100110001110001101111000110100101111101111010001010111110101100110110011101110011101001011111100110111000110000110000110101100110111001011010010111110100010101100111101010101010110110101101011001010110101111101011010000001
10100111100100001101111100011011101000010100101100000101101111011110110000100111100011000100011001001101011010001100001011110101110111100101101111111011111111000001100110110000110001101110111010010011111001001101110010111110000000000111111
10110111110001011001100001000000101111011101100110101101100100001100011010110001110110011110111100011111000011100110111000011101100111110100111011001110101101110100110011111010100101100010001011111111111101111100011110010000110101110001111
10000100000101001101101101101011111111001101101100111111110001011001011010110101000011000010000101000111011011001110111110110000110000111110011000011100000000010101111000110010101100110111101000001010101100000111001111000111110100011111001
11010001010101101111001000111000011000011101100110000011011011110011001010110111101001110111010111010001011001101100000011111101110110000011000011011001011110110100110010100110111001100000101101100000000111010001100011010000011101000000011
10011011010101101000011101100010111101010100110110101111000010011011011110010100001011110011010001011011011011100110111111010111010110111110010111111011000111111101111010101100011011001011111111001011010011110101101001110111111001111101001
11111111010111111111011001101010101001000101100110100001101010111011001100110111011000010110010111001110011011001100001100000110011100001111110000100011010000101100111111111001011111011000010001101111111000011111001011000000001100000101101
10001101011111000001011101001010001011010111110010101101001010000011011001111111111101011111010111100011110001011001100001010010111110100000011111101001111110000110010101111111000001001101000100100010001111111011111111011010111110111100101
11100000011001111100000111111011011011010011110110101101011110101001011011101000000001001100010000110110000101011101001011111110010011101011001110001111101111110011110000101111011011111101011111111000100101010001010101110010010100000101111
10110101001101100001010100000001001011011001100010101001011000101011011000001101101011011101010110110010101101000101101000001010110111111001100000101110000001111111000111100001001110000001000000001010110000010100000000111011000110111100003
10000111111101001011011111010101011110011011110111101101110010101011111101011101101001111001010111100110101101101101001010100000000000111111110101100000101100000110011110001111111111101101101110111110011011000111110110001111101100001101111
11101100000000011010000110010101000111110001100011001001100110111010101101111001001100001011110000101111101101100101011010101010111110000110011100101011111111111111000000101111001011001001000011100011011011111111011111111101101111101000001
11000111010101001010101111010111011100000111110110011100111100100000000111110011011001011111100101100000101001001101010010101010000011110000110001101011010111010011011111111001100001011011011001001111110000000000000001010001100001111011011
10010111010101101010101000010100000101010001010011000110100001111010110010011010011011111001001100110111111101011101011010101010101000011010011011101000000000000110001111100011101111111111011111011010011011101111111100000111001100011001001
10110001111101001110101101010110101111110100011010011111111011000011100110110011110000101100011101100000110001000111011110101110111011110011111110101010111110111100100000110110000111101100000000001010110001100000111111111111100110110011101
10111011101111100111101101011111100011000110111111010000000011111011110000011011111010100111000100110111111101010011010100100010110000011011100000111010000010000101111011100000111101001111011011100000010111101010000010000001101100111001111
10100000001010110011001101011000001111110110000110010111110110110000011011110010000010001111101110110000000101011001110001111111111101110000001101100011010110110000001000001110111000011000011000111010110000101011011000101101111110001100001
10110101101010000111101101111010100110000011011100110110000110111011110000011010111010100000111111100101110101001101000100000101100111111011011001111001010010010111101010101110000011110011011010001110011101101011111101101100000110111001011
11111100101000111101101101100011110011011001001101111111111110100000011010111111110010101101110101101100110101011101110101010000001110011011001100011011010111110000111010100011011000011011001010100010111111111000001101101101111110001101001
11101001101110110000001111110110000110010011011111101101100000001010110010000000011010111000000000101101100101110001100101011011100000110011100101011011011101111011111011101001011111001010011011101010000110001111011111001100000011011001011
10000011101000111101100011000100110011011001010100000000001011101011111010111101111110001110111110101100110100011011001111001000111111111110111111110001001100011000001001111011000001011111001000111111010000111111111011111110111110001101001
11010111001010011101001111101110011001010011000111101011101110001000011010000101110000101100001111100101110101011111100001101010110100000000001010111011100001001101111100001011011011000001101010000101111010011000000000001100000011111111011
11110110011011010001100011001010110011111001101110001010001000101101001011010100011101101001100000111100011101000001111011001110000001111110101010011000101011101111111110101011001001101011001111110000001111000011101011111001110110100011001
10000111001110010101101010011000011000011100111000111111111010111001111111110101110001101111101111111101000101011101010001100011010100000011111000111010101011000000001011101001011111111111101101111110100011101001111001111100010000001111101
10110011111110111111001111011010111101110001111111110110000010001100100110000100011100101000001101000111011101000111000101101001010101101000110010001110101111101111111011101111110110110100000000000010101000101100001011000110111011111101101
11111001100010011000011000011110110100011100000011000000111010100110001111010101011110111010100000010110000101010001101100111011110101111010000111111111100101000000101010111110100000000110101010111111111111111101111011011100011000000001101
10001011111000110011001011010000100001001110101001111010111011101100111011111101000010100010111010110110110111010101101110011000110100011011010000000001101101011010000000011000001110111111111010000000000000010100001000000110110011101011001
11100011000010011011011111110101110101111010111101100010100001100110000001100001011111101010011011111100110011010100111010110011110101111110010101010101100001111011101101000011100110111101011010101111101011000111111110111111111111111111101
11110111110110111010000001100100110100110000001111001011110111001100101100110101000101111010110000110001111011010110110010011001100100101111110101111100101100001001111001011111111100000000001010101111111111110000010100000000000000000001111
10000100000011110010101011001111100110110110100111101011000011011110111111110101010000011010010110011100011001010010011000111011110110000010111100100101111110111100001011001110011111101011111110100000010100111101000111011010101110111111001
11110101011011010111101110011010111100100110101100001111110111110000010110000101011101110010110100110001001101110111110010110011011100111000000110101100001010001101011001100000110111111111101111101011110101100111011110001011111110000001011
10100101011010000110000010110000001001111100111111100011000001111101000011010111111000011010010101111011111000110001100110011000000110011011111100000111111010111001111011001010000000000000001001101000000000001111111100101000110011111111001
10001101010011010111110111111010100011011110010110001001110100000101010111110000101101110010110100110000111110100101001111011010101100111000000110101111111011111100001010011111101010101110100011101010111101011100100101111110110111101100011
11011001111111010011100011010010110110000000110100101011000110101101011100000101100000011010011111111010001100110101100110010010111110001010110010100000000001101111111111000000101010100110101110111010000101000101101100000110000000000001001
10011101100000010110001010010110110011101010110110111111110110111001001101010111101010111011011000001010100110010101001100111010000010101110111111110110111100100000000101111010111010110010100100011010101101010000000110111111101010101011101
11001101111101010110101111000100110110001010000010001110000110001011101101110000101010001111000011011110101111011101100101111110101010100010000011100100001101101101110000001010011010011011110001001010111001011010111111111001101010111000101
11011111000001010110100101101101110010101111101010111000110110111000100101000101101010111000010111110100111011010001110100011000101011111010101110110110101100000100110101111111001011110000111011011010001101011111110101101011111010011101111
10001011111011010110110001111111000110101110001110100010010110110010101101010100101010001110110000100110001011010101000101011010101000011010100000110110100110101101110100000110011000110110011011111111011101000100000001100010001011001101011
11011001100011010110110111010000010110101000100110110111010100011011101101010110111011011110011010001111011010010101101101001110101101011011111010110100110110111000010110101110111101100011011001101110010101101101110111101000101111100100001
11111100001011110011111110000101110010111010101111110011010111111001100111011110111111000010110010111101000011010111100101100110101101111001100010100110111100001101010010101100010111111011111100000011000111000000011111001111111101001101101
10000001011000011111101100110101000110100011100110000111011100000011101100001100001100011110110110110101110110010011001100110110111000001100110111110110011001011111010111101111010110110000101001010111101111110101000000011111011001011111111
10110101111101110000000001100101010110101001110111010001001101111000101001111110111001000110110010000101110010111010011101100110001101111001100001010011011011001011110000111011000000011010001011010010111101111101101111000000001011110111011
10110100011000111111011100110101110111101101000100010101011101000011101100110000001011011110011011110000011111100011011000110010111100001011110100010110001011100000010110000011010101010010101001011000110100001100100001111011100000000000001
10111110111111101110001101110101100001100111011101110101010001011000111001100101111011000011111010000101000001110111011010110110111001011001100110111110101000101010110011111110011111110110111011110010000001011101101100011111110110111101101
11101011101110000011011101000101101011001111111101000111011101010010100011110100011011101000001011101101011100011100001010100100001101001100110110011011101010101110011110010111110000111100001001100111010111110100111110110100011111111111111
10000000000000101000010111110101101001111000000001101100011001110111111011010110111110001011111110001101000101001101011011110101101101100101100011000001101011100011001011000001111011101101011111110101010010110111110110100001001011100001011
11110101010110111101000010100111101100011010101011001110111100110000110011010110010011101001101111100111010111101001001010000101000101101111110110010101101001101111100000010100010000000101000000011100011000000001000110001111100000110111001
10000101111110111001101010101100001101011011101001100010010101100110011010000111000110001111000001111111110001101101111111110111101100100011010111010100111011000001101110110101000111111111011111110001011011010100011111101110111111100001011
10101101101100100011001010001101101101111110001111101111010001101100111011010001101111100000011100000001110111101000110101100001100101111000011101010101100011010100100011111101110000000011000000010101001111110101111100000000110101001011001
10111001100001110111101110101101111000001100111000000011111101001110110001010101100110001101001110101100010000111011100000001100101100001011001101110111001011010101110111101111110101010111101111111101100000011100010111010111100000011000011
10100011110111000011000011101000011110101101110010110110101001100010110101110100101111011101100010100101110110110001101011011110101101011011100101100001111110010101100010100000010111110110000000011000101101001111000001010000001010110010111
11111110110100011001101111001101001100100111010110100000001101101011111100110101111011011000110110111100111111111101101010000110100101111001110000111011001111110100111000001010110111111111011011111010100111011011010101110101011111110111101
11000000000111011011001100011001011001101100000100110110101101001001100001110100110000001110010010000110101011100000101011011111101100001111010111111011011011100111100011111111111101011101110001101110110001000001010101100111111100010000001
10011110101111011011011110111101001101000111010110100010101001101101111011000101111110101100111111010010000000110101101010011001101101111110000001100010000000110001111000000101000000000101111011100010011011011011110111110000001001011011011
10110000101000010001011000100001011101101100010110110111101111111000111001101100011000100110000001011111111101100100111111000011001101101011101111001000110111100100001101011101011011010000001000001011110010001010110001011010100011110001001
11111010111101011011001011101011011001000110110100110000111111011010001101001001001101101100101111000000000101111110001101101111111000000001100111111011100000110101011111001000001001111011011010111011111011011000010111000011101000011011101
11000010010111011001111111111011001111010110011111100111100000000011011111101011100101000110100001101111101111011011011000101100001101110101101101100000111011111101000111100010111100001110001110011000001011011010110101101000111011110000111
10011011010011001100001100000001100110010011111011110111111101110111011000001000110111101100101101100111111011000001111110000001011000011101100001101011100010101111010001101111101110111111111110110010101001011110100000101101111000111110001
11111001011000011110111001110111001111011011000000000000110001000110001111101011111100001101101000110000000000010111100000110111111101111111001101111001101000000111111101100011000010000010110010011110101011010010111011101000001010011111111
11000011111110110000001101000001100011001011011011101010111101010010100110111000001110101100101010110111010101010000111110110000110000000001100100001100111101010000001101001000010110101000000111000111111011110111100000111101011011000000001
10011010110000111101100101011100110110011111111111001110010111011010110110110010100110100101101010100001111111011010100000010111111101010101101110111001100001110101011001101011111111101010111101110001010000110011001011100001111110010111101
11011010000110011100110101011001100110110000000000011111110011011011100100000110101111110111111011110111101011001011101010110001100001111111111010111011001100110111111101101000011011111111111000010100011010000111101011111100001111110000111
11110011010100110001100111010011001100111101111111000000110111110001101101010110100001100000110011010000000001011011111010100111101100100010110000001111101001100000001101101011110000111001000010111111001011011110101000001110100000011010011
10000111111101111011110011111001100110100001000000011010000001111111101001110110110100110110011011000111101111110000001011110110111110001110111101011000001101110111011111101001010111101100011010001001011110001100101101100110110111001111001
10111110110001100011000110000011110110110101010101110010110111010110111100011100110101100100110011010001111010111110111111000000000110100000001101110010100100110001000000111100000000000001111110100011010111100101111000110110110011011111111
11111100011100110111010011111000010010100111111101000110111111010000110001001101110100110110011001110100000010000011100110010111101100101010101100111010110101100111011010010101101101010100000011101111000000110000001101100110011011000010001
11100001000001110101111010000011011010111110100001101110000101000111111011100101000101111111001011000110101000101111110010110000100110101111100110101110100101101100001111010000101111111111111111100101111011100101101000111110110011011000111
10001101111101100000110010101011111111111000110101001000110000010010011001101101110111011000011001110010101011111100111000011010110011100001111110000010110111000110100101110110100010100000000000110100011111110100111101101100011011011010101
11100111100000110111111010111000110001101110111101011010011010111000110011101111000000011010110011000110101001010110011110111010011000110100011100111111100001101100110000110110111000001111010101111101110110111111110111000110111110001110001
10001100001011100000101110100010011101000010011111111011001110101110011011000001010111011010011011101100111100000110110010100011011010010101110110000000110101100110011011100110001010100001010101001100000000101001100010011111101111100110101
11100111101001101010000011110110110100011000110111110011100010000011001111110101110111111011010010000110110001110000000110111001011011110100000010101111100101101110110000110110101010101011011111101101111111101011101110110110000000110011101
11110100001100101010111110000110110111111110000101011010111010101110011101000111000000001111011010101110100101100101010111110011011000010110101111100000110101000010011010010110111111101001111011000000000000000000000000000111011110011001111
10000110101101101010000110110110110001110100110000000000011010100011000001110111111101100001110010100011101101001111110001011011110011011111100001101010110101101111010010110110000101101100100001011101111110110111010101111101000111001100001
10101110101101111010101100110110111101010110010110110101110010101111101011000001100000110101111111110111111001100110100100011000111001000001101011001010110111100011011010010011110000111110001100000100000010110110011111011101010001101110111
10101000100111000010100110011100011000000000111100111100011010100101101111101101110101111100001100000100011100110000110110110010011101011011001001101011100110001111110010110110000101111000111001010101111111100011000000000000010100100110011
11111101111100011010110011110001110010101010011101100001001011110000100011000100010100000111011001110001000101111010111110011111000101111111011011101111101111100000011011100011011111001110001111110100011101101011011101111101011101110011001
11010000011101010011111010000100011011101011010000110101011111000110101111101101010111010011011101000101101101100010000011000011011111000101110011000000100101101111110000110111011011011100100001100101000001111110001100111111000101011010011
10000101010111011001101111110101001110001110011010100101001101110011100010101101010100010111110001101101101101001010101111101011000111110100011001101011110100000000011011100100000000000110110100110101101100000010100110000001111111011111001
11111111000110001101100001100101101000100011011010101101100000111001101000101101011101110000011101001101101111011010111000001011010001100001111111001001011111010111111000110111010101010010100110110101101111010111101100110100000110001100011
10000000010100111000110100001101111010101010001010101101001010011111111101100101011100110110110001101101100110001010001111011011010100001011000001011101011100010000110011100111011101110110110010010101000001011101101110010111111110111110111
11011111011110011101111101100101000011101011011111111001011011000001011000101101000101100011111011001101101100111011100111011001010101011000010101011000010111010111111001101100001100111100100110111111101011000000100110110000000000001011111
11010000000111110000101100110111101011001110001100000011010011011100001010111111101101101011010001100111100110011011110001001011010101001010111101111110110111110000001100101001011110011111101100001010111111011101110111110101011111111011011
10010101010011100101100001110110101111101100100111011001011001011101011010110011000100111000011011001110101111011010000111101010010101111111101101100000000000110111011101111101001011000111111110100000001101111000110001100101000000000000001
10110101011110101111001011100110000011000110101100011011010011010111001110000111101111111010110001100000100110011011010000101010110100000000001101111101010101100001110100110101100011010000000110101111111000001101111011110101101101110111111
10100111110000000011111000110110110111101111101111010001011001000001111110111100000111100011100101001011111111001110011011111010010101011010111000110001110111110100000101100000110110011101101100101011000011111100001000010111111100110000001
10110001111111101000110010110100010000111010000111010101001101101100010010000111101100001001101101101001011011100111110000011010110101001110001110111101100000010101011100110101100011000100100110100000011000011001011101010000000110011010101
10111011001110001010110110011110110111100000101100010101011001000101000110101100000110111011000101101011000001101100000101111010111101100110111100011001101010110101001101100100110110010101101111111010111111111111111001011010101100111010111
10100001100000101011110011111000110011001010100111110101111111011111011100111111101111100001110101111000011101000110101111000010011001110011110110111101101011111101111000110110100110111101111010001011101111101110001011001010100110001110001
11111100111101101111100110000010011011111011110100000100101000001011000110111011100011001011011101000011001111111100100011101010111100010111000110011001101001100000001110011111110100011001011011011000000000000000101001111010110110111100101
11110001110111100000101100110110111110000011010110110110001010100011011111100000001111101000000111101001100110001110101001111010000110110000011111001101101011001010111110111100000110111100000000001101101010101010111100110011111111100001101
10100101000000001010100110110010100110110110000111100011011011101011000011110111011011111010110011001011110100100110101100001110111111111011111011111001101001111110000010100101010110001110101010111100111010101010000110011000011011110100101
10001111110111011011111111100111110011111111110011001001001010001001011110111100000001010010100111101111000001101110101001011100000011101000000000001101101100000110101010001111110111011000111010000111111010101110101110111111000000011101101
10111000000110010000011001101100111011011010000111101011101011011011000000000110101101000111110001100001110100100010101101000111010110000010111110111000101001110111101011011000100100001010001011010000001111100110101011101111110110111111101
10001101011111011101001100000101101010001011010110001000101011001010010111111111101111110001100111110111000101101010101101101100010110101010001111110011111100010000111111001010001101011011011011010111100101101100100001100000110011100000101
11101111010000001101101101010100001011100000010011101010111011011111010000000110000110000111110001100011110101101111101101001101110100101011100000011000111110110101110101011111100111011110001110010000110000101111101011001011100111001010101
10001011111101101000111001011111101010001010111010001010001010011000011010111100101111101111011111110110000100100101001101101100010110101011101011010010001011100100000001010111110110000111011111111010110101111011111000011000110000011110101
10101000000000111101110011011011000000101010110010101011011111011011011010001101101000000000000011000010110101110001011111100101110100101000111001111010100000101111111111110010000110110011001010011010011111011010011010111111111011010111111
11111101010101110001011111111000011101101010011110101011000110011010001010111100111101101011011001101010100100111011010000001100011110111101111111110010110101100000000010011011110100110111100000111011001011011000111010000000011011000001001
10000001010101100100000110001111011100101010110100101011010011011111011011110111100001101001001100101011111110001011111010100101000110011000001101011110010101111101010110110000000110010100110101101111100001001110001010101011010001010111011
11011011010100110101101111101100010001101010110001111011011110010110001111100000110101001101011101111110000010101000101110110101011100111110101000010110111100001111010000011110110110110001100111101101001100011000111010111011011011011110001
10011011010101100111001100000001010100111110111100110011000011010000100000001111111101100101011001001111101000111110001100010101011001110100100011000110000110100001011101110000110110011011110011001001111111011011111110011111011010000000101
10111111110111110111011001011111011110000110101001111011010111110101111010100001100001101111111100011000001010000011011001010101001101100001101110010011011110110111011100011010110100110000011001101011011011111000100011001101111011011111101
10101100000000011100001101010000011010110110100011001110010000111100011011101111111111101111110101001111101110110110011011010111011000110101101110110111000010010111110001001010010101111101111100000000000010110010001111100000001011000001111
10000101010110110001011111111110110000010011110111100000111011101001011000100011010100000101010001100011101100111111110001110001001101100101000011100001101010110000010111101010110100011000010101101101011000010111111100111110111111111100011
10101101010110110111110110100000011101110111100011001010011011100011001010110110000001010001011101110110000110000000010100111011111000101111011000110101101110111111110000101110111101111101110001101101110011000000000110011111110101111111001
10101001010011111100000000001011000100111100001110011010110000111011011011100111111011010100001100110110110011011110111101100000011010101100011011111100100110000011100111111000101000011000011011001100011001011111111111000001100000000001011
10111101011011000001101010111011101101101110100011001110110101100001110011110011000001010110101101100111100110000110011001111101110010100111011011001101101100111000110000011110100010110010110011011001011011011010100101011111101111101111001
10011001110001101011001110110010101100000110101010011000010111111011111000111111111011011110101100110000110010101100111100110000011110110100001010011001100110001101111111110110111010011010011001111101110001000000001101011110100000111111101
10111100111011001111111000111010001110110010101111001101010110000011000010000010100001110000100101111010110111100110010101100111000110010101011000111101111110111100000000000110100010110010110011000000010111011111100101000000001101100000111
10001101101111111110000010100010100010011010100001101001011111011001111010111110110101111010101111101011100000101100110000101100011100111111001101110100011100000101101111110010101011110111111001101101011100000001110000011101101111110111111
10111000001110100000110110111010110111110010101011111101111000001100001010000100111100011110100110000000111101111110011101111001001101100000011111010101110001010100100000110110101000010000001101000101110001011111010110111101100010100000001
10110010101000001111110110100011110101011110101000011001000010101110111110111101101001001100110110101010001111000011011100111011011001111111010000000111111011111110110111110010101101011101011001101101000101001100011110000111001000101111111
11111011111101101100010111101011100000000110101101011101110110101000000010000001100011100101100010111010100000010110000110001011011011010111000110101100000000000110011111011111111001000101001101000101101101100001001011110001101010000000011
10000010000000111111000001101010001101010111111001010001100110111101101011101111001001101101101110100011101011111110110111011011001110000000010011100101011011111111001000000011000011011111101101011111000101001011011011110100101011010101001
11010111010101100000010111101111101101110000001101010100101110110001101001100001101011000100101100111001111000011000110101001001101111010110110111111111110000000001100011111111101010000010111101000011011111011011111010011110101001010101101
11010110010101110101010000111000001100110101011001011101111100011101001101110111101001101101100110001100110011110010100001011101000001011110110100000110000110110111001000010110101111011110110001011001001011011000001010111111111111111111001
20010111010101000111010101110010101101110111001101011001100001001101100101000010111011000111111110111001111000011010110111010101010101111000011101111111010011100001101101000000101000001010111011001011011000011111100000000101010110000110011
11010101110111111100010100011010101100010001011001001100111011100111110111011000011011010000110100110011100010111110100011000111110101100011001000111011111011001111111101101111111110100000001001101011011101000000110101010000000000111111001
10010100000110001001011101110011100110111101001011011001101001101100000111111011001110010110000110011000110111111110110111011110000111001111100011100000001111100000000101100000011000110111011101101011000111011010010111110111111010000011011
10110110101111100011010000111010001100000111011011011011000011000111010001100010011111111111010100110010110101011011100110000011101111111000001000001111111110110101010101101011001110110111110100101011101100011110110000110010111111111001001
11110111111011111011011010011110100111010110001001001110010111101111010100111011000011101001011101111010110000001011110111101010001101010010101011100000001000110111111101001001100110010000000111101110101111000110011111111000101101111111101
11000100000000000011011011010000110001111110101101011111010110101100010110011010010110000011011100011110011010100000010100001011101100000110101001110111111011100000001111011100101111010110110001111100000011101111000011101110000000000001101
10011110111111111011010001010110110111101100111001011000011100001001010011001011010000111111010001010000110010101010111101011011001110101100101011000011111000101101100001110101100101110010010100010111101110000011011110100111101111011111111
11011111111111011011110101010011100000001110001101001101011101011101011111011010010110000001110101111010110110101010011001011001100110100111101111101000000010100111111111110111111101110111110111000110000110101010000100001101000001000000001
11110100000000000000110111010110001110100010111101011111010001110101000110011011110011011111111100101110111111101111001101011101001111101100000010101010101110110000001010000110011000000000010001010011010010101111010101111000010101110101111
10100111111110111011111100011111101110110110111001001100010101000001010110111010000110000000011101100000001001111101111001000111111010000111011000101011100011100110100000110000111110101010110101110110011110100011010000001110111111111100001
10001100000111110000000101111000000010010110001101011001010111010101110010110011110010111111110000111010111011010000110011011100000000111111001101101111101000101100110101111011111111101111111100010111000010110110011011101100000001000111111
10100001010010000110101101101111110110111100101101001101011100011100110111110111110110000000010101100010000000000111111110001111011010001101011001100100101010100110100100001111011011000000110001010001101110010011011000101001010100010000011
10111011111000110011100111000101100010011110101001101101010001010001100011000110000010111111111101001011011011010011101111111000011011011100001111101101111111110111110101100000000011011111111011011011000110111011011011111101110110110101001
10110011001011110111110100010101001011010111111101111101111011111011111001101100101010001110101111101111001001110110100011000011011001010001011100000000010101010011000111110101011110000000011001010001101100001111111000110000010100011111011
10011001100011000000010101010000011011000000011000110001100011000000011011001001101010100000000011001000011100110000001001010110001101011011000101011011000000010110010000010101000010101011011011010101000110100001100010010101010101000011001
11111111111111111111111111111111111111111111111111111111111111111111111111111111111111111111111111111111111111111111111111111111111111111111111111111111111111111111111111111111111111111111111111111111111111111111111111111111111111111111111
