11111111111111111111111111111111111111111111111111111111111111111111111111111111111111111111111111111111111111111111111111111111111111111111111111111111111111111111111111111111111111111111111111111111111111111111111111111111111111111111111111
10110101010110000110000100101100110001100001010000000000000110101000000100110110000010101100100110000011010101000000001100011010100011001010010000000100110000000110110100010011010110001010011000110101000101111010010100000010011010001100110101
10010100000011101111110110000110100111110100011111111111010000001111110110110011111010000110110110101010000101101110100101110000110110011011011110111101100101010100010111010110000010111011010011100001110100110000110101111110110011101110010001
10110110111001000110000000110110101110011111001011100001111111101010000000011010100000111110000000111111110001101111110001011010000010110010011000010101101111111101110011000111111000111010000110101111010101111011110101011000111011000010110111
10110111111101110011110111110000101100111011100010111101101100101011111111011010111010011011110101110000011100111001011100011111111010011011001111000100101010101001100111110011000011100010101100000011000000101010100000001011100011011110000001
10000011001000000110000100010101100110010000111010011000000110000010110110011010011110110010000101010111010110010011011101001101100000111001011011101101100000001100110010100111111000110111100111101111110111101000001101111010111010000000111111
11101111101101010111101111010100101111011110100010111111110111111010100011010000110100011011110111011110010011011011000111100101111010001101000001000100110111111110110110101101101110000011001100000011000000001110111111011000110010111011101011
11101010100001110100111000011110100110011010111010010111110000110010111000011011110110110001110110011011011011010011110110110000111111011001111101101101100011001100110100001101101111011111011111101111101101111100001010000010111000101111101001
10100010110101000001111111011000001100110010000000110100000101111000011111011001100000011101010011011011011010011001000100111101101101011100000100000000001010011001100111101101000011001100011011100101000100000110111011011111100010000110000011
10101110111111111100101010001111011110111011111010010111110101011101000110011011111110110001000111011010011011011101110001101001101100001111110110101111111110111011110110101101101111100111011000101101011111111110011011000101101011011111011111
10100100101011010101101011011000010000011001001111000110010100010001110010110010110000011101011100001010110010001100110100101100101001111011010010111000001110101010100100000101101010001101001101101101000001101100110011011101111011001010011001
10101101101010010001101011001111011011001011011001110111010111011111011000111000011111000000010111101010011011011110011110000110001100001010011010011011111010101010110111110101001011101000011000001001011111001110011000000001011110011011011011
10001101101011000101000011011011011111100000011100100101011110000000011110101011111111110101000010101011001000010111010011110111011111101000110011000000110010101010110110000101101011000011111101111011001001011010110011111111001100110011000001
11100101101011111101111011001010000110001011001110110000011011010111010000000000110000111101010110101001101110110011011000000011001101101110011000011111110110101010110111110101100001011110011000011001011011011000011010000001101101110111011111
11110000101001101000010001101011011111111111101010110111011000011100011111011111111110011101110110101011001000000110001111110111011101100111010010110001100110101010100101100000110101000110111101110011010011000011110000111111101100010101010111
10111011101011001111000111101010001011100000001010111101011110110001000000010100101011000111000000000001101101111111100100000110000101101100011110110111101100001010110100111110011101101100010101010111000110011111011011111010000101110101010001
10101010101001101100010001000000100000111111101010101000000011111111111011000101101010011111010110111011001000101101110111110111110101100111010100010011000111101010110101100111011001101001110100010100011111010110001001100010101101100101010111
10101010001101100111111100010101111011100000001010101111110111011010001111010101100011001101011111111001101101101101000100000000110101001101010101110111011100001010110001001100001100101011110111000001011010010011011011001111101000110100000111
10001011101000110001101001110111111010111111100010100110110010010011011101110101101001011001111101101011101101101101110111111011110101011000000000110010000111100000000111011111101101101001010101011101110011010110000000011011000011100101111101
11101001101011111100001111111110100000110100001010101100111011011010011000100000111101000011110001001011001100001100100100000011000000001111010111111010111110101101010101001011000100101101010000001111100110010010110111110011011110110000100001
10000011000011001111101100001100111101100111111010101101101011011011011110111110011000011110011101101001101110111110110111111001110111011011110101100000011100111111110001101001010110001101010111100000001111000110111101111010010100110111101111
11111011101110011000100111100101101000110010110000001101100011011000000010010000110011110011010100100011001010011010100111101100111110000001100000111011110110011010000111001011110011101101010001101101111101110100011001010010110001110000000001
10000000000111001110101111110100101101111010000111101100111011001111111011011110011000010110010110001000011000111010001100001110011011111101110111101011100010110011110001101001100110000101000111001100000100110101110011011010111101010111111111
11111111110011101100101100010110000001101011111101101101110011100100110010011010111101110011000011011011001110101011100111100011010011000000110110001000101010011011000111101011001111110000011101111101111101110100110111011000011000000000000101
10000000011000101001100111010111111100000010111001101101011001110110111010110000101000011011111011110010011010101010110101101000011011101010010011101011111010110001101101000001101011011101111100111001101001100001110101001011111110111111111101
10110101001101101100001110000011000111111000101101000001011011000000010010111110101101111001011001111111000000000010100000111111010010111111000110000010110000011011001101110111101011000000000001101111101011110111000001101000001100001100101101
11111111011001101001111100111001010000000010000101111101010001101111011010011000101101110011000011000110011011111010111110110000011010011001110110111010011101110000011101100011001011111101111100000110101011000011011111001011111001100110101101
11100010010011100011010111101011111101110111110101100000010111111100011010110010101000011011101001110011111110000000010100011101010010111100110010101110110100011011110101101111101001010000000101010000001001110110010111101010110011111110001101
10111011011010111001010110000001101111011101010000101111010011010001011000011010001101110010111101011011001110101111010111010111010110101001100110100100110101110011010000101011001011011101110111111111111011100111010001101010111010110011011101
10101010000010101100010111101100101010001001010111111010010111011111011110111111100000011010110101011001101011111111000000010110000000101100110110001101100101100111010111100001101011000101011111110000011010110100000111001000011000011011001001
10100000101000000101110010111101101011101100010101010000110000000110001010001101111111010010100000001011101001100000010101000000111010101101100111011000110000110100010110001111100011110000001101011010110010010111011111101111000011111011101101
10111110101011110001011010000000101001101111000001011010011110101111100000111000110000010110110111101011000011110111110101101011111110101101110011001101110101100111000111011100111001100101111101011011111010110011010101000110010111010001100001
10001110111110000100001011111010001101101001110111001110111000100110111010001110111110110010111100001001111010111110000101101111100000001001011001100101010111110011110010010110001100001111101000011011010000110110000101101100111101011011111101
10101000111000111111101011011111100100000011010101101100001111110110001111011000101000010110101110100011000010101011111111111100001111101101011101001101010110010110011000110111100111011010101011111011011101100110111100000001111000011011011001
11101110101111111000001011010110110111111000000101000110111001000111100110001110001111010000000111110111111010101010110000110111101000000100010101100101010011010111011011100000110111010000000001100000011000110010010111111100110011110011011101
11000111101101000011100011010100100100001111110101011100001101101100110011011111100000000111111101010010110000101000111110110001111111110111010000110000011001010011010011001111100101000111010111110111111101100110110110111001100111010110001101
10011101000101101110001001010110110111011011000101001111011100000001100110001010111111011100110101011010011110000010100100011100011000000000000111111101111011010111011001100100110001010001111110100100101001001100110000101100101101000111101001
10111001110100111000101100000000110101000001010000011010010111111100001111011010100100000001100001011000111000111011110111011111011111111111101110100001100010000010001011101101111100010101101100110101101101011110100111100101101101101101101011
10110011010101111111111111111110010000011101111110110011010011011111101111011010110111010111111101001110101111100001100111010110010111011110000010111100111011111000101011000100011001111101000110110001100001001100101110110101100101000101000001
10011011010101000111110111100111011111111101111100011000010110000000100110011000010101011110100000011010000100111011001100000011010100000000110110010101101001101011111010011101111101101111101110110111110111011001101010000000110001101101101101
10110011010101101100100100110100000010110001010111001111000110101010101100111111000100001010111111010010111101100011100111111011010101101011100011010100101101101011010000110000101000000110000010010110110110001101101010111111110111101001101111
10011010000101000110110001100111111010011100000000011011011111111110100110011001110111100000011010000110011000111010101101000010010111111111101001010110001100101010011101111011101011010100110110110110100100101101101000110101100011001011000001
10110011110001101100011011110110000011001110101111011010011100010100001111001101010011111101110000110010110011101010101001111011010010010100111100000011100110000010110000110001100001111110111100110100110101111101101110000001111001101010011011
10100110110100000111011011010011111000011011111101010011010111010111101101011000000110111000111111111010010110000000101011010010011011010110110001111110101100111110010101111100110100101100011001110001100000010101101010111111011100101000111111
10001100011101110110000001011011001111010011110101011011000011010011001100011111011110101011101000101010110111111101101010011011011011010100111100011010101101101111011101100001111101101101111011011101110111110000000000011010010110101101110111
11100110111111100111101100011001100000010110100000000001101110011000011111001101001010001010101011100010110011000101101011000010000000000110100111010010101000000010011000111101011001100000100001011000110010011111101010111000110100101101100011
10001110010110110101111110111101101111010010111111111101100111001101000011101101101011100000001011001010110111110101101001111011101010110100110000011000101011101110110011101100001101101110001011001101100110110011001111110011110110001100111001
10100011010110110000110000110000101000011010101100110000001101011111110110100001101011001011101011111010100011000001101011000001111011110110111111011110101010111100011000000111011100000011111111011000101110011001100011011001100111100101100011
11110110010110100110011110111110111111000000001110111110100100010110100000111101001011111111001001010000001111111011101001111101011011000010011101001000001010000110110011011101001001011111010110011110000011001101001111011011110001101101110111
10000111010000111100110000101000011011111111101000011011101101110100111011100001100010110101101011011110100101101010101011000001011110011010110101101011100000111100011001011101011011110110010111000111011111011000011010011011000111001001010001
11110000000111101110011101101111001010100000001111011010001000110101101010111101111010110000000011000111101101101010101011111100001111110000010001101111101110001111001101110101001000110010110101010101001001001101010011011011011101100011010111
10111110110010100100110101100101011010111111101000001011101110110001001000110000110010011111111001110101100001101010101001101110101001111111011101100110000111111010011100110101011011100110010101011101101011011111010111011011000101111010000011
10000111110110110110000101110001010010101100101101101001000100010101100011111110111011011001000011010001110101100010101101000110111101010010001101001100110000011010110101100000011000110000110001011001001010000110000110010001101100110000111001
10110011000010110111110100011100011010100110101111101101110101111101111001011010011010011101111011011011011100111010101100011100011000011011011001011111110111111010010100111011111011100111111101001101100000111111011111011011001101100111111111
11111010011000010101000101000111000000001100100110000001000101101000101101010000110011010101101011010011000110000000000110110110110011000000011101010111000001010000110101101010110001110000110101011001111101110011010111010011100101001111001111
11010011111111010101101101110111111101011110101111110100010000001110101001011110111011000001001011000110011111111101111100000010111111111101001100000101110111011011110000101010011100100111100000001011000000010110000010011001101101100000011001
10011011001011000001101100111101010111011010101011011111110111101100001101000110000011111101101011010011001101010000101001110110001101111111100111101101100011011011011101101010110101101110111101011001111011110011011110110011001101001101111011
11010001100001111100000110011000000010001010100011011011100110001111011101110111101000111000000001111011011001011101101111110000101000000001101101101101001110010001010101101010100000101100010111001100110000000110000010011010011001011111101011
11011011110100100111101100110011101000100010110110001010111111100000010101110011111110001111110111101010001100011001100111000111111111110111000000001101100011000101010100101010001111101101110110011110111010111111011110110011011100000110101001
10000001011110110111000110110111001010101000000000101000111101001111000100011010110000100011010110000000100001110011001101110000011000000100011011101100001111111101010101101010111000001000010100110100101011111101010010111001001110111110101011
11111101001010110001101100111110011011111101111111101011100101101111110001110010011111111010000010111111111100111001101001110111111111010111111110000001111110010001010001101000011011111011110101100110000001100101000110101011011000001100101011
11111001101010111100000110101011001111111111101101000000110101101000011100011000110000011010111011100111011101101011001011000011011001010000001111111101101011011101010111101011111000101010000000110000111100110001010110101001011110111101101001
10000011001010011001010000101011111000101010101101101111100000111111011001111011111111000011111011110000000101001011101001110110011101011010101010000000101001011001000010100010001011100000110111111111110101110111011100001011001100111001100011
10111001100000111111010101101001101110000000000000101011110111110110001100110000101001101001100010111111110101100010101011010100110001001110100000111110101011001101110110111010111010101111111101111011100001010011001111100001011110001100110111
11101100111101100111111101000011001011111111110110000010100101010000100110010111100011001100001000000000000001111000101001010101111011111111110111111010101011101001110110110000000000101110101000110010101111011001100110101111010110111001100001
11001110101000110101101001011111101010101001111111101110110001011110111111000110101111101110111111111111110111001110101101010100110001101011000100001010000001101101010110100101010110000010101011111000000110011011001100100110000010101100101111
10011010101110010101001101010011000000000011011100001010111101011000011101110110000100111011110110110000000011101100000101010001111011000010011111101011111011000101010010101111111111111010000010101111110011011001011110110010111110100110100101
11000000101100110100011000000111111111111011010111011000001101011110110001000011011101100010000000011010110110100111110101010111001011111000111010000010111001101101010110101010101011001011101110001101111001001100001100111000011100001100110001
11111110100110110111011110111101100110000000000000001111011001001110011101111001010100111011111110111111110110110100000000000001101010110010100011111000101011001100000000000000000000011110101010111001011100011001111101101011110111100110110111
10101100110000010101010100001100110111011010111011101010001101100011010001101101010101100010000000110101100110010111111110101111001010010111111001100010101011011111101110111101111110110100100000110011010111001100110100101010110110001110110101
10001110111111010101010110111001100011111111111110000010111001101110011101101000000000111011010110100101001111010011101010111001100000111100000011111110101010000111000011111111001011100110001111111011010100011001100110101000000011100010110001
10100110001001010100000100101101111000100101001110101000000011000111001101001111011111101001111100110101100110010110000010001101111010011001111001010100000010111101011111100001100001001111101000011011010111001101001110101101111110101110110111
11110011101101010110110101100000101110101101101011111101101001101100011001100000001011001011111110000101001100110011111000111000001111011111001100010110101000111001001010001011101111011111100011111011010101011000011010101100101100101100100001
10011000000000000011110101111110001100000101101001010111001100100111010011001111100011101001010111010001011001110110001110101101111001001110011001010011111110101101011010111110001101010110001111100001000000000010111010101101100110000110110111
11011101101011011001000100110111100111110101101011000000011110101101010111111111001110101011010010011100011101100011101100101101101101011011011011011000111110101100000000010111100101010111101010110101111111101111110000001100001111110010100101
10000000111111111101110110100011110100000000000011111010110000000000000010011001100100000011011000110001001001101001001110100101101101011011011110001101101010101101010101110100110101010011000000011101101101100001011101111110111110100110110101
11101101110101110100000000101110110111110110110110011111111010101011010110110011110001111110001111111111101101111100011000101101101001010010001100100000000010101001111111110101110000010111110111111000101100101111001001001010110100001110100001
11111111100001000001010110000110100100111100100011010101011111111111010110011010111011011011101000000000000000011110111110000000101101011011011111111111111000001011101011000001011110110001100001001110000110000101011011011000010111100100111011
10010010111101111011111111101100110001101111110110000101010101010110010011000010101000011011001101010101010111001100000011011010000000011011001011111101100010101001000011110111010010110111101111011011101110111101000011001101110101110001100001
11011010001100011110101011100110100111000101010111110000000000010011011000011110000011110001101111111111111111101101111110001111111110110001101000100000111011101011011110110010011010110010101001011001101000101001011111101000010000111100111011
10000000100001001100101010110000110111110101010011000101010111010111111111010011111001100111100010101010100001100000001011111101100000011011001110110110011111000011000010110110111000011000000011001101001101101101010010101110110111101101100001
11111101111011101110000000011101100001100000011011111111111100010101101110010110010011001101001110000000111101111101111011101000111110110001101010111111000110011001011110110110110011111101111110011101100000001100000110101100100011001101111101
11011111011110001011111101000000001100111110110010110010100101000101001011000011011011011001011011110101101000111001011010001010110000000111000000001011110011001101001010110010011001101000010011001001110101101101111100101110101110011000101101
10000111001111100000000001101101100110011010011000111010101111110101101011111010000001001101011010011101000011101100001010111110111111110101110111100001100111111000011010110110110011000011110110011011011111101101100110100000101011011011100101
11101100011010111111111111111001101111001011011101100000000110110101000010101011111101011000011010110001111001100001101010001100010101010101011111001111110111101110111000110110011001101110010011011001011100001001110110111010001010011000110101
10100111011000011001100011111111111011100010010100111101011100010001101000000001101101000010110010111101010011111100111011011001110101010101011000011001100011001000110011100110111011000111000110001101000101100011000000111010101011011011110101
10101101011110110011111001101111111010001000110101100101000001011101111111011100000101011111111010100100011001100110010011001101100000010101011111011011001001101110011010110110010001101101011110111001011111111001110111101011100001011001100101
10001100001110110111000011001001101011011101100001101111111011000100110101111111010000000001100000110111011011110010110111101100111111010000001101011001111011001100110000010111010111000100011010001100010110111011100001101111111101010011110101
10100111011010100101111001101011000001110100111011000011011111110101100000110001111110111111110110000001011010011000010011001110101101011011011000011011010001101110010111110101000001101101111010111111010100101000111011000110011000011001100101
11110100011010110101100011101001111101100001100001101110010101000100101010011100110000001110111100111101000000111110110110011010100000001110011111011011011011001011000001010101011111000000101000011000000110101101100000010011011110111011101101
11010111000000010100111011000011000001111100110100101011010101110001111111011101111110111010100111100001111110110010100011011010111111011100110100001011001001101001101111010100000001110111101011111111011100001100110111111111010100010011000001
10000000011111000001100001111011011100100001111110000000000000111100010100010000101000000000101101110100000000111010101110000000101010011001100111101001101011101011000011010001111111100000000001010010001101111101100010001010000111000111011111
11101101001111111100111100111011111110111101101011011101111110010111010111011110101110111111101001011111111110000000000011011010000011001100110110000011101011001001101110011100001110111011011011011011011000011000110110111011110001110000001001
11111101101000111001100101100001100000011101101011111111111011000101000000001010101000100001101100011111100111111110111111111111111011011001100110110111000001101011001111001101111010100011111111010010011011111010100010001001111011010111111011
10010111111110101101110100111011111111010001100010110100000001110101011111101010001110101111101110110100110001101010011010101100000001001101110011110001111101001011100011011001001010110110110110011011011010001110001110111011010000000010011011
11000011010000000100100101101001010000011011001110010111111100000001110001100011101000000010101010010110111100000000110010100111101100011000110110000111101101101000101110011101011010100000000000110000000010111100111110011011011111010110111001
10010110011111110110110101001100011101000001100011010110000111110100111101001111101110111110001011000010100111111110011010101110111110111011100011110101000000000011101111010101010010110111111111111111111010011001100010110010011101110010001101
11110111010100000000000000011101111111111100110110010011110100011110000101100010101010101111101001111000110000000110110000101010010010110000111010100101111111101011100011010000000110000010110100110110110000110011111010011000110000100110111001
10100101010111111010111011011001100011110001100011000110000001001010110101111010100000100011001011011110111111110100011110101011011010011101100000110000110010111000110110010111101111111010000101100100011110011000101011001101111110110100001101
10110000000000000011101110001100111001011101110111110111111111100011110000010000111101101111101010010000000000100111001010101000000010110000111101111101111010010011110011010000100101100000111100110110110110111011101001101001101000000001111101
10111011111110110110000011100101101100010000100011000010101110110111011011011110111000001011001011000101111110110101101010101111111010011110101001010000101011011011000111000111111101110111111001100100110100000000101101000011101111110111000001
10001010000000011111110111110001100111011010001110010110101010100100001010001000101011111001101011111111100000000000101000101101101010111110101100010110001010010001110101010000001100110100101100110101110110111101100000011110101100100101011111
11101111011111111100000000000100001100011111100111110110001000110111101111101110101010101011000010111010110101010110101110000100000010110000001101111111101011010111110100011101111110100001101101100001100000001111111110110010101110110101000001
10000101110101010111111111110111101111000100001101100011101110000110100101000000101010101001111010101010010111111100000111110111111010011111100000011011100000000011000101111101011110110111001101111100101110111010110000011010101010000000011101
10110101100001000000011100011100001001110111100101001110101011110010001100010110001010100011010010101011011110011111110101010011100000110001101101111010001111111001010000010111001100000001100001011001111100011010011101111010001011111101110101
11100000111101111111010110111111101011000000001101101100101010111000111111111111101010101010011000001001001000110000110101010110111011111100111101010011011000000011110111110011011001111111101111000011010110110010110000110011011010111000000101
11111101100000011101010100010000001001111111011101000110001010101101100010101011000000101111001111101101101110111110110001010110010000110001100101011011111101101000110110010110011101100011000001111001010100100110111110000110001010001101111111
10000001001011000000000111010111101101010000010001101111101000001000110110100010011011100110011100101101101100010110111101010011010111111101110101010001100000111110000000110011001100111011011111111101010110001100101010111111100011011000101011
11111101111111111111110101010110000000011111010111100110001111100010010110111011110010101100110110000000000110110000100001010110000001011000100000010111110101100000111110110110011001111010001011000001010111011110101000101010111010011010000001
10000001010101110110000001011100111111010000010000110011101000111111010100110001111010001101100110110110110110111010111100000011101100001010111110110011011100111110101011110111010011000000100001111100000100001010101101101010000011001110111101
11110100010001010110111101001001100000011111000111111001100011111000010101111100000000111000110111111111110110101110101101111010111111011110101100000110001111100000101001100000000111111101110111011111110111011010000100101011111001101100010111
10111111000100010111110001101111110101011001110110011101101010101101000101101111111110101101100011000000000000000100100111111010110111001100100111011111101010111110101011001110110001101001011110010000110101001011110101100011000011100110110001
10101000010111010101011101100110000101001100000000110000111010100111110100001011010010000101110111111111110101010110101110001000110101011110001100000110101000110000001001101011111111001100001011011101100001011001100101001111111011001100010111
10101110111100000000000000110111111111100101011110000110010000110001110001100010011010101100110101101001111101010000001011100011100000001011011110111110001110011111100011100001001101101101111000000000111101011100110001100010101010011110110101
10001111101111101101011110000100111010110101011110101111011110111011011111111011010010111110000001100011001111111010100000111000111101011010001100011011101010110111111011001100011000001101011111111110110000010110110111101110000011001100000001
11011011100101100111001100110101100010000111110000101000000100011011000000110000010110010111110111111011011011001111111110110011110111000011011001111001101000100000000000011001111111101100001011000000111111010100110011000111111011100001111011
10010010110100111100011111110000111011110011110110111111110001001011111110000111010110110011110110000010011001101100011010111001100110011000001101101101001010001010101010111111101011001101111001101110011010000110110111011101000001101111111111
11000110000110010111110111000101100001111001010100110000000101101010011110111100000110000110010010101000110011000001111010101100110010111111011001100101011111011111111011100011000001011100001101111110110011010000110110010101111011000110000101
11110011110100110001110100011101110111011100011110111111010101000010110011111111110110111111010110111110011001111011010000000110110111110110001100110101001101111101100001101111111101010101011001011000111011011010100110110000110011010000101101
10000111010110111101010111111000100011000001001011100000010101011000011001000100010100010101000011110110111011010001011111110110110011000011101110110100011001101000111011101010110000010101111101001101101001111110101100000101100111110111111101
11110101010100010100000000100010001001111111100001111111011111111110111101110001000110110101111001100010110000011101010110010100011011111001001010010101110011001110110000101010111011010000101101011000001100110110101110111111110101110101010101
10000000010101110111111010111111101111010100110101001000011100100000010101011111110110110001100011111010011011110101000011010110110000011101100011010101011010011010111101100000011111000111101000001111101001100110100110000110100101000001010101
11101111000100110100011110000101000110000110000111101111110110001101000000011100000000000111111011000000110000110001111000000100011110110001111011010101001010110000001100101011110100010110100011101000001011110100001100111100110101111100000001
10111101110110110111000011010000011111110111110110001110100111111111110101010111111110111110001001111110011110111100111111110001001100111101001001010100011000011110100001101111010111110010110110111111100001100111101001110110100101101101111111
10110101000000110101110111111101000011010000010111101010110011011010111111010101010100001011101100001011001000001101100011111111100110101001101101010101111111001011111011000110010110011010110010011011111011110000000011100100110001001000000001
10000001101110110100010010100111011110011111000000000000010110001000001010000000000111100010100101100001101111011000111000011110101110001101001100010001011001100011000001011111010100110010011010111010100010011111111000110101111100011011111111
10111100001000010111011010101100001100110000011111111111000011101111100011111011010000001110110111111101101101011010110011000000000011101101100111010111001101110111111101001011000101100110110000010010110110110110001011100000101110110000000101
11110111111111010101010000100111100110011111110010000000011010101100001000011111111111100010100110000001000000001110000111111111111000001100001101010000011100110110000000011001011101101100111110110110100000110011100010110111101010011011111101
11100011010010010101011110101101110110110110111011111111010000001111011111010111101011101110101111111101101010100111110011000010101111011111100000000111111001100011111010110011011001100110010110010110101111110110111000010011000000111000110001
10111000011011000001011010100001010110010100011001011000011111100110010000000011000000000110100101010000111111110001011111101000000000010110001011011100110011001110111110011000001100001100110111000000000001100000101111000111111110101011100101
10101111011000011101000000111101010111000111011101011011010001110111111110110110010110110110101101011101110011100100011010111101010111010011111111010110010111011100100100110010111001111110110101111101101111001110000111011110101100000000101111
10000101001101111001110110110101000100011101010000011111111100010011000000110100111100100010101000010100100110111110110000010111111101011000110101000011010100010110110110100111110011001100110001001101000001111111110000000010100111011101101011
11110101011111100011010100000001110111010101011101001101101111000111110111100001101111111000001111010110110000011100011111000010101001001010000000010111010101110110100110101100000111011110111011011111101111010010111111011110110010000111101001
10000101011111001000011111111101000000010101000111101000101010011100110100001101100101011110100110010110111110110110111011111010101100011010111101111101000001100110110010101111110110011110101010010110000001011010101010011000011000111110001011
11110000001101011111001110111001110111000101011111001110101011011001111111011000110101000011110011010110101100000110101001010000000111001111110001011001011111110010011010000110100011001100000010110011101111010010001011011011111110111010111001
10111110100001110101100100001011100100010001001101101000000001000011011010010010100001110110010110000110100111011110101100000101101101011001011101001100000000111010110010111100101111011111101000011000100100011011101000000000011000101010011011
10000000111101100000110111100000110111111101101101001110110100011110010000111011110100100011010011110110101110010100000111111111101000001100000001011001011111100010111010110110100110000110111111001010101101110001101111010110111010001010110001
11101011110000111101100010111011110110000000100101101011111111010011011111111110000110001000010110000100101011010101111101011110001111011111110100011101111011001000101010000110110100101100010101011110100000111101000000010010101111011000000101
10001010011101111000001000000001011100111110101100000011011000000110001100110011110111111111010011110110000000000000010101010100100000001100110101000000101011111110000000111100110101111110110101001100101111101101101110111111101100010011010101
10101011010000001010111110101011000111101100000001101111001101010011011001100110011101000000000110000111111101010101110100000111111111100110110101010111100000001111011010001101110101011010010101011110000011001101111010011011000111000111011101
11111010000101101111111000111011011101000101011011101101011111111000001101110110111101111111110111110101011111111100110111110101100100110110111101110111101111111011111110101101010101011011010101010100101111101000110011000001011111101101111101
11011111111101000101100010111011010101110001010011001000001010001101101101010010110101011000000011010101000110011110010100110100110110000110101111110100000001010001100000111000010101010011010001010101111010101101111001101111001101100100110111
10001110000111010000001111100000010100111011111111101011011011100111101000011010100101011111111000000001011100110010110110110110100111110110100011010101111111000111111010011101110101010110011101000000110010101001010011000001100101001101110011
11011011101111111110101000001111010101101110100011001010010001001110001111010010110101010010111111101111011001111010110010010100001101100110110110000101001011110000111111001101100100000011010101111011110110101011000111011111001101101101011001
10000011001100000000111011011100000001100100110111101111011101011000100010000110100100011010000011001010010011100000011010110111011100110000000011010001011001100111100101100000110101111111010101010001010110100011110000001100011101000101011011
11011011100101101010111111111001110100110110110101000110000000001011111011110000110111011011101000011011011010001101000000010101010001100110111001111011001100110010110001111011110000110110000100011011010100111000011011011111010101110101001001
11110001001111111111101100000011000110000000000000010000101111011011000000011110110010011000111111011011010011111111111101110000011101101111111100101001011001100110100111011010011110010111110001110011000101100011110001111011010001100000011011
10011100011010110000000111111111110110101111011011011111111100001111111101110100011011010011100000011011011001110100000100110101000000111001100110101011011101101100001110001010110111010101011101010111101101111010011011101011010111111011110001
10110110110010111111101111000000000100111111111011110001010111100100111000000111000001000111111111011000011011000111110001111101101010011100110000000011001101100111011100101000110101000101010101010100101101011010110010101011000001100001100101
10000000011010010111100000011010101110100000100001111101000001110110101101010011111101110000110100001111011001010000000100101111101111001101100110111001101101101101010111101110010100011101010000010101101100011000000110101001101111111011001111
11111110111011000000111111001010111011101110001111000001010100110000001001011010111000111011100111011010001101111110110110000010111111101100111100111100000101101100010101000111000111011101011011110101000001111111110000000011001100110000011001
11010000010011111110010110011111111011111000101001111101111101110101100011111010101110101001110110000011011001111000110111010110011010101101101001100111110101100111000101110100011100010101011001110001101011100110010110111111100110010111110011
10010111010110110011010011110000001010001111111101110001110001010101001010110000001010000011010100101001011101010010011100011111010010100001101111110011010001101101110001100111001111000100001100011100101111001111000011100110110011010101000111
11011101010100111011010110111101101011011010011000011011011100010111101010000111100011011110000001101100010101011111111101001010011010101101100011011001010111100000011100001110011011110101111111001110000110011101110111001100011010000000011101
11011000010101101010000110101111000000000011010011001011011001011111001110101100001000000011111111111110110100001101010111011011010010111101101110001101000110111011011111101011011001100101111111100111101110110001100000011111011010110111111001
10001111000001100011110010100111101011011000000111101011010011111000011111111111111111110110000000000010010101111000010110001011011010110000100011101001110110101011110101101011011100110000001101110011101010111101001111001010010000010101101011
11011001110111111001111000001101001011111101011100000000000110101111110011010101010100000011111111111011010100101111010011100011000010011110001110101101000000000001100000101010001101100101111101011000001010011000011101111011011011110101100001
10001100110110100011000011111001101110001111111001101111011110101101111000000000000001011000110111110000000001100011011010111011111010111011100010101101101101110111111110101011101100101111100101010011011010110011110100110010011000011100001011
11100110000010111001111010101101111111101010101111111100011010101101001101110111111011110010000000011110111101001110010010110001101000010000001110001101111101011110010000001010001110100010110000010111111000011000010101111000111011111001111001
11110011111010010011000010100001011010000010101110111001001010101001011111111100001010100111010111011000111101100011011010111011001111011111100011101101010100001011011111101011100110001000011111000100001111000011110101101110000001101011111111
10010110100011010111111010101111010011111000001010100011100010001011011010001111101110001101110100000010100000001110000010100011101011001101101110000001010110111011010001101000001100111111111001110001111000011001100101101010111011101010001111
11010100110110010101101010001010011011001111101010111110111011011011000000100010000011011000000111111111101101100000111000001000000011101100000011111101000000101011011011101111100110110101001100110100111011111011110001100010011110000000111001
10000110100011010101001011100011010011101010000000011100001011011001110111111011110111111111111110000000001111101111111110101111111010101111010110010000011110101010011011001010101100000001011110100111101110101000011011110110110111011111101011
11010100001000010101100011001111011001101011101101000110100011001011111111010000000110100110001000111111111010101111100111111010111000100110011111011110111000101011011010011010101110111111010100110010101100000010110001100010010000000010100001
11110111101111010101110111100101011101101011111111110011111011100001011000010111110010110011101111111000010000111000110101010000001110110011001101000011101110101001010011011010100110100101000110110110000111110110111101111011010111011110101111
10100000101000000000110010110001010100000000010011011011000000110111001111011110111000011010000001101111011110011010000000011111101010100110011101111001001000101100011011011010101100001101011110110011010101000111101000111010010101111100000111
10001110111111111101100110011101000101111111011011010011111110110001011100011000001111000000111101101010001110110011011111000001000010110111011001011101101110101111010011001000100110111101001010010110011101110011000011101011000000110001111101
10101110110010000101110100110001011111010000000011010110101100110111000111001111101001111110110001000011100000011110011000011101101000110001011011000100000010101011011001101011101100110000011000110011001100011011111010101001110111111011100001
11111000011011110000000101111101010110011111101000010100000001100101101101100111101011011000011101110110111111000111110011110101111110111101000011110111101000000001011011101011100110011111001011110111011111010001100010101011110101010000110111
10000011000000000101110000101000010100110001111111000111111100110001101101101100000011001101011000000010111000011100100110100001010110100001101110100101111101101100010001000000110011010110011001010010010011011011111010101000010100010111110002
11111111101011011111111011101111010110111101011111101110000001111011001101000111011001100111111111111000001101000110111100111100000010001011101100110101010111111111011101101111111011010110111011011010110110001001100010101010110110110000000101
10101000001111110011011010101011000110101100001000000011111101010000011000011101111011001100110000000010101111110010011110000001011010111011000110100000000111010000010101100000011010010010101001010010110111101011111000101011110110000111101111
10001110101111111010000000000000011100101111101111110110101000000111001111010101101011100110011110101111100010011010110111111111111011100001110110001011101101011101000001001011010011011010101011010110010010101001011110101011010100101111111001
10100000111011011000110101111111010110101011001110000110101111111110011100000101000001101110111011111101111011010000100011100100000001111101010111011010000000010111111100011111111010011000101001010110110110100011010100000000000001100000010011
11111110111011010010100111110101010110001001100011110010000111011011010101111100011100101100010001010101000000011110110110110110101011001100010101110010111111010110100001110110110011011110001011010110110000101110010110110111111111111011110111
10011100100000011111111100000000000111101100111010111011110000010000000100000111110101101111011101010001111011000000010110100011111001100001000100111111110000000000110100010110111010010111100011010110010111100011000110010000000111001111100101
11000001110101010101011111111111110101000110000000010000000111011111110101111101100000000110001100011100000011111111010010001110011100101011110001101111011011011110111111010010100011010001111010000011000001101111110000111101111101011110110101
11101011011111010000000101010101100001110011111101000111101100001100010100111001111110110011011111010001110110000110011011101011010101111111110111001010011111110000001100010110111001011011001000111111011011000101111110101111111001001010110001
10001110001011011101010000000000111101010110011111111110000101100001000001101101011011111000001010000111111111110011000001100011010100110101000101101000110101111111100111000110101011001001101010011101001111101101011000001010001101011010000111
10111000100000000001011111111010000000000011010010111011010101001011110111000101010001001011100011101100000000000111110100111000000001110001110001001011100101001010110101011100101001100011000011010001100101000101011101111010111101011000111101
10100010110101101111110000000011111111110110011010100011111111111111000011110000011101011110111000111111111111110001111110011101111101011100011101101000110101100010110000000110001011001110011001111011110101010000001101110000011000001110101101
11101010110111111110100101011110110110100011010010111010101010110101101001111111000000001100000011110001100000000111011000110001110000011001110101101010110001111010011111011111100001101011111100011001100000010101111001010111001110111100001101
11001010011111000000111111110000000010110110011010110010101000000001111101010101110111011111111001100111111011010000011101111111011111011101100000001110111101001000110010011010110111001001101101111011101101111111101100000011111100110101111101
10011111111000010110111010111101111000000011010010111010101111101011010000000100111110011111001101110110011111111111010100100110000000010000101101100100101001101011111011001010000001101100101001010011001111111100001101111110100110010101110101
11010101110010111100100000011111111101111011011010011010000001111010000101110110101011001101100000000011010101101001010110001111111111011101111111110110101101001010110011011011110111100101101101010111100110010111100101010110101100110000000101
11110001011111111110111111000110000111100001001000110011101111010000111111010110000000011000001111110110010101001100000111011001010110011000110100000100001001100010011010011011010100110100101001000011001110110101101100000010100110100101011101
11111101010101010000001111110011101100111101101110011011100101011110011000000111111111001110101100000011010101100111110101011101000011001110100111110111101011001000110011000000000101100110101101011110011010100001101101111110110110101101010101
11010100000000011111101001111001000110000000000000110010101100000000111111010010101100011100111111110111010101110010010101010101110111011000001100000101000001101101111011110111110100110100101100000011000000001111001100101010110010100111110101
10000111110101001111101101011101110111110110101010011010000111111101100111111000000111010111111010000110000001011011000001000000100110011011100111110101111101111000110010111111010101100110000001101110011011100001101001100000110110001111000001
11110101100111101000000000000000000000000011111011000011110011011111110000101111101100000011001011110111111011000001111101111110101100111110101100000000010000111110000110101000000000110111011100100010111110111101001101101111100011011001111101
10000000111111001111101111101110101010101010000001101010100110000110011110100000000111011111100001000101000000010100010001011010101110101100000111111111011101101110101100101111111110110011010111101110110110110111101000000011110110001011100101
11111110101101100000001100001000111010111111111011001010110011110100110100111011110101001010111101110001110111111111000100010000101010100111110011100001011001101010100110001010000010100110000011111100010110110011000011111110110110111010110101
10101010101001111111011001111110110011110110101001101010011000010110100110000010000000011010010100000100011111111100010111011110000000101111011010111100001101100011110010111011111010101111010110011001000110110111101110010100110010100000110001
10001000101101001011111111000000011111000010101111111010111111000010110111111111111011001011000111111111011000010001011100000111111011101100000010011110100100111011111010110010000010000110011110110011111100110011000110110001111010101111100101
11100010000001101010100111101110111101111000000110110000011001111010010100111000001111100011110001101100011111011111111111101101010000100111111000110011110001101010110000011011111011110011001010110110100110010111110110000111001000000110110111
11110110110100000000110101111011110000101111110010111111000011000011010101101110100110111001011100000111001110001010110000000000010110001100101011111011100100100010100101000001011000010110011010110010101100110011010010111101101011111100000001
10011110011111111110010101010001011110001001011000001110011001101001000101101010110000110011000111110000011011100000011111101111011111100110001001100000111110111010110111111101001111000011011000110110000110000110011000001101101000101101111111
11001011111101011011000101011100010111101100011111100011111011111101110101100011111010011011011110000111010001111110110011101001011011110011101011111010101000000010111100101000011000011110001101100010111110111111010011111100100011101101010101
11100001110000011001110101011001000000000111000011101000000000110100000101111001101110110000011011111111011100010100011000001100001010111000001000011010001111011010011110001111001111001110101000101110000000000101011001100110110111000101000001
10111100000101001011000101011011111011110000011010111111101010000001010000110011000000111101001001101000000111000001000010111111100000101111101010111111101111111011010111101010011011011000111101100000111011111101011011110110000001110101010111
10000001111111101000010000011110111010000110110000110111111111111011010110011011110110010111101101101111110111101111111010100001111110100000000011110100001001110010010011101011011000011110011000110110101111011001011001010000111111010000011111
11111111000010001111011111001100101111111111111110100000110101101110010111011001111111000010101001100000000001001110110011111011011110111111011001100111101101011011000110000010001111000011010010110111100101011101011100010111101100000111000001
10110111101000100101111111100110101100001010000000001010100000000000111100011101001100011000000011001101111101111010010111100000000000000001111011110101101100010000011111011010100000011010000111100101101101010000001101010011100001011111111111
10110001001011110000110001110000001111101011111110101010001101101101101001000000011111110010111011111111000000110000111100111101011011111011000001010001000111011111011101111011111110111111101111001101101000011011111001110110001011001100011011
10111101111111011110011101011011101010000000000000101111011001101001000011101011001010011111100001010111111110011110011001101001111010000001111011011101110000000110000100101011100000100101000110011100101011110011011100110110111111111101000001
10011100111000000000110000000010001011111101110110101111111101001101111110001001100010110101001100010100110111010111000011000011101111111100110001010101100101010011110110101010111011101101010010110110101010011010000110010100000011000001111111
10110001101111010110011111101011101010110111011111111010100001100111011100111111111000000000011101110110100000000101111011011110000001110101100111010101111111111000000010001010010010101001111010010110101010110010111111000001011111101111110001
10111101000111111111001101111110000010000010000110010000001101111100000001100110100010101011110000110100001111110101000011111111111100000101101101010001001000101111111010100011011010000011101010110110000000011010000101011111000111100000000101
10100001010101101001100101010111011011111011101111011110111111000111111101110000001010101110000110010111111100000001111001100001100111110000001101011101101110101101000011111000011000111110000000110110111011000000111101000001010011001111010111
10111011110101000011110000000000010000000000000010011011100011110010000001011111111010100111111111010101110111111100000011111011110010010101101101010001100100000001111011011111011110110011111101100000001001101011101000011111111111100111011111
10001010100000011011000101011011011011011011111011011011111001011011111111010001111111101101000011010101000000110111111011011011011011000111000000011100110111110101101011000100000100011001110000110111111111111111101101110110101010101101111101
11100000101011010011110111111111111111010011000011011010001100000000000000000100001101111001111000000101111110000101101011011011011010011111111111010101100100011101000001110111110001001011011110110000000011010100101000000010100010000000110101
11111110111111111000110100000101100000011111111010011011100111111111111110110110100000011011011101110000111011010000000011010011010000111101000011000000110111001000011011110000000111011001001010000111111110000001100011111000001000101111100001
10100000010101100010111111110101111101111101011011011001001111001011110000110111111011000000000001000110000001111011111000000110000111110001111011111101100101100011010001010111101100010011011011101100011011111011101111111110101111100110110111
10111111010100111110101010100001010001000000000000011101100101101010000101100100000010010101110111110110101101111111011101010011110011011100000010100001110000111011111101011101111111010111001010000001010001010001000010000011111101111100000001
10010101010101100110000000001100011111110111010101010001110101000000110101110110101011110111111111000100101001010000001111111000000110001111111010111101010111111110101101011001010110000001100011011011110111011100011000101001011001011001110101
11000000000001001111111111100111001011000100011111011100000000010110110101000111111111111110000000010101111100000110100110101101111111100101000000000000010110000100000000011101010011111011001110011110110011010101111110101100001101010011111111
10010111111101100001110110001111100011110111011000001111101101010100110111110100010100001100111111111111010001101100110000000001100001110101111111110101000111110111111111000101010110001001100011000100011001000000110011101111111101010110000111
11111111000000001100000000101000001010110110001101100000000101111110110111111101000001100111110110000010000101111110111011101100110100000001011101011111110011010011000000010001000111101011110110011101110011011110000111111001011000000010111101
11101000010110100110101101111101011000000011011111101101101111111010011101011111111111110101100000101000111111000000101110000110111110101100000000011010110110011001111111111100011100001011100011010101010110000011011100111011010011110110000001
10000011011100110100101111010111010011110111111010001001101011010000110000000110110000000000001111111011111000011010100111011111101000101001010111011010010011001101000110000111001111100001001110000000010110111111110110101001011000110010111011
11101011111101110110101000000000011011000100000000111011001000000101110101010010000101010101111111010010000011010011110000000101101010111111111100000011010110011000010111110000011001110111011011011111110110010110110010101011000011111110011111
10001010000001100110111101101111011010010111111110100001111111101100011111111011010111110111000000011111111111111111000110101100000011110110000111111000000100111111110010111111010011010011001011010110010000110000000110100011011001000110110101
10101011110100110110100000111011010011010100001000101011110000001101111100110001111110000110011011000001110000101000010111111111010111100011101101101111010001101101111000101111010110000111011011010100110111100111111110101000001111011110110101
10101010000101111111111101110000011011011111100010111011000101011101100110011101101011110100111111111100000110101111010101100011111110111010000000000000010100001101001010001000010010110001010011010101100101001110000000001111111101010000000001
10101010110111101001010111010101110010011000001011100011111111010000110111010001000001100110100100000001010100000000011101110110101100000000111010111111110111101001011111101111010111111101010111000100110100011100111101100111011000000111010111
10111111100110101101000011000100111011011111101010001110111011011011100101011101111011110011110001011011011111111111111001010100001101110110100011111010111101101101001101000100000011000101010001101101110101111001110111111100000011111111010001
10001100001100001000011000010101100011010000001010101000001010001110110000001101111001011111100111111111110000011010101101010111101111011111111010000000000001000101100101110111011001110001010111000101000000001101010010110110111011111001011011
11011110100110100011001110110101101001111111101111101111101011111000011111011001001101011010001110100100111111010000000000000010101010001101001111110111111101110101001100000011111100111101010011110100011111111000000110000000011110000011111111
11111011111111111011011100100101001111000000001101111010000001101111000000001101101001011011101100110001101100011111111011011000000011100001011100000100000000000001100001110110100001101000000110010001111111011101111110111111110110111110101101
10000001000101000011010101110101100110011110101100111011011101001101111010100000001100011001111110111101101001000100000010010011111001111101000001010110101111111100111111100110111011001011101111010100000000000000110000010000000000000000000001
11011101110000010110010001100111001111110000111110100011111000011000111010110101100001011101010100100000101111110001011011011110101101000000011011111111111000000001100110110100000001101010111010000101010111010111111011110111101010101011110111
11110000111111111111010101101100011001111110110000001001100011011110101111110100111111010000010110111110000001100101111111110100000000010110111110101011111101010100110100000001111101001010110000101111111110010111010000000011111111111110111111
10000110000001101010011111111110111100010000111011111100001111000000000000011111101010000111010110110111110111001101000000000001110101111100100110000010101111111110000001111111111101100000000111111110101011010000010101011000110101010100000101
11110111111100000011110000111011100001000110100011000110101100010101101011011100000000110100000000000010110101011101110101110100011111101110110011111010101010100000110101110010000000111101010000001100000011110101000101001010000000000101110001
10111101000001011011111011100001111111110111101111010000111101011101101111000111111011111111111111101000000000000101000101000101111010000000011000000000000010110110011111011011110110000001111011111101101110111101101111011011111111010000010111
10001101111011010000010000111100110000000100111100011011100111110000101001110100001111000111111111001111111101010101111111110111110000101101111111101101011000000100111100000000000100101101101001110101111100001101100001110001111011011011010001
11101000110001111111011110101110011111111101110111111111110010000110101100000111101101101100000000011000000101111111110010111100000111101001110111111111010010101110110111011011101110101000001100000000010001101100110100011111000001001011110111
10000010000111100000000010101011010101101101100101101000011000110110101110110000101100000001010101010011110001101011011000000001101100001111000000000000011011111011110000001110001010111101111001101101000111111001110101000000011011011000111111
11111111110100111111111010101010000100001000110101000011000010110011101000100110000001010101011111111111111011000000000011010101001110101111111011111010111111010000011011011111011000110000001101100101010000011100010101010111111111110010000001
10000000000110000000000000000000110001100010000000010110010110100110001101110100110101010101011000000000000001101010101011010101100110101000000011000010100000000101000011010000001101111010100101001101010101000101010101010000000000011010101011
11111111111111111111111111111111111111111111111111111111111111111111111111111111111111111111111111111111111111111311111111111111111111111111111111111111111111111111111111111111111111111111111111111111111111111111111111111111111111111111111111
