1111111111111111111111111111111111111111111111111111111111111111111111111111111112111111111111111111111111111111111111111111111111111111111111111111111111111111111111111111111111111111111111111111111111111111111111111111111111111111111111111111
1011011010000000000100100101010110001010100010010101010110101000000110110110000110001101100101010110101011010000000110000001100101010110101010001100010000000010110101011010101011011000101010110011000000011011011011001010101011010000001101100001
1011001011011111110110001101010011100000111011010101010100001111101110010111110000111101001101000000000011011111110000110100101100010100001010111001110111111110100001011010001011001101101010011001110110110000001001101000001011000111111000101011
1010011001111000100000111001010110001110000000010100010111100111101011000101100111101001011101011111111110001011011101111111100101110101111010001101100011010110001111001010111011011001101010110011011110110111111011000011111010010001101011101111
1000111100000010001010001100000010111111011111010111010011001100000011110101110101001101011000000011100111011011001101001010001101010100010000111001101110000011011001011010010011011100101000011011001010010010110011101110101010111111000001001101
1010100111111111011110111111011111110011111010000111010110011111101110010100100101011000000011110110101100000011100000011011100101010001110111111101101010111110001100011011000110010110100010111011100011000110111001101100000000011011011100011001
1110101100101111111100001010000011011001000000111101000111011000101011010110110101001111110110010110100110111010111101110001101100000101100000101001101010111010111001010001011111010100001011100000111011110100001100101001011101000000011111111101
1000100110100010101001101011011011001101111110110101110011001110101011000110110101011010110110111110001111110000011000011011101111011111110111101100101010000000011011111100010110010111011111111011110000110111011110100011111111111111010110001101
1110101100111000101011111011011111011001010000110101100110011000000010010000110100011010110100001100111011011101001110110010101011001011010110000101101000101010110000101001000011010110011000110001100101100101001010101110100001110111110110111001
1010101001101110100001010011010110011100011110010101001100111110111011111101100001110000110101111101101010011111101100011010000011011010000010101100000010101011110111101111010111010011011110011011111100110001011010100000110111010101100010101101
1000101100001100110100000110000011000101010100110101100110000011100000011000110111100111100000011000000000110010101110110010111110001011011111101001111111101001100000000110011110010111010110110001010001111100011010101111110000000000110110001001
1010001111101001111101110010111111110111000110110001101111101001001110111110010110110000111011111111011111111000000000011000101011101011010101000011000001111111110111111111001100110110000000011011011100101001011000000001100111111101110111011011
1111011011000011001111100110100001100110010010011011000110111101111110110000110100100111101000110011011011011111111011010010000001101001010101101111101111010110110010110011100110100011011111110000010101100011001101011111001100010111100010000001
1100011001111000011010110000101111110011111011010001110010111001100000111010010110101101100010011000001001010000001111000110101111001011010101100011000000000110000110010110001100110110000001111011000001001111111111000110011101110011001110111111
1001001011011010110000000111101011011000101000011100111000101101111010011110110100101100001111011111100011011111011101011111111001101011000100110111011111111111101110110111100110100110101101011111111101101001101010011111010000110110011110100111
1111100011011110111111110010101010011101100011000001101011101000011110110100110110101001111101110011001111011100001000000011011011001000011101100110001010100110101000100101001110101100111111001100101100000011001000110110010111100100110000001101
1110110111010110100100110110001010110000101010011100001011001010110100000001110010000011110000110111101001000110101110111110010001101011111001110110111000101100001011101101101100100110011011011110000101011111101101100011000001110101111010100101
1000000101000110110001100000111010111101111111110001101011100011110111111101011011110111010111100010101011011111101000001100110111101011010011010100000011100111011010101001100110101100110001010100101111010110000101101011101111010101101111101101
1101110101110100111100110111101010011001010110110101001010111001100000000001011011010100000000111010101001000110001110111110010101001011000111010001111111001101001010101101101100001101110111010111100110010111110001101110101111010100100110001101
1111010101000110100110100001101010111101010100011111100000011100111111101101010011000001011010011000101011011111101000110011010001100001011101010111001001101101101010001101001111011001010011010011001110110001111100100110100000000101101111100001
1010000001011110110100001111000000011001010001111010101110110110010100111101010111111011111111111110101001000110001110011011010111001111001001010100011011000101101010111001100111001101000110010111101010110111000110001100101111101100101101101111
1011101100001100100101111001110111111100011101010010111100010100110110010000000101101000100011011000100011011100101000110011010010011101101101000101110001011101101010101101101100011000010011000110101010110101101100100110100110111101100101000001
1001111111100110001101001101010010110111011000011010110111010110110011011101110001001010001111001110101111000111101101100111010110110101101100011100010111011000101010100101101111001101111111011100000010110000000111110010101100010101101100010101
1011010101001111101101011001000110010101001101011010100111010100010110001111011100011011111010011000001010011101101100110110010110110101101111010101110110001101101000101100100110011000110010010111111010110101111111000110100101110100000111011111
1010010001101010100101001101101110110100011111011000101100000001110011011010010110110000011010111110101010111001101110100111010100110001100110000000000110111101001010101101101111011110011011000011000010110111111001110110001101010101111101001011
1011011100001000101101101001101000000111001010001110001111111011010110011011010100011011110010010111100010001100101010101100000001111011001100111111111110010101011011101101100110001100111000011111111000110111001101010111011101000000011001011001
1001010001101110001100001011000011101101011000111000111001100011010111011000010111011000011010110101111010111110101000000111011111010000011001111001000010110001001001101100110010100101101111011011001011100101011000010100010101011101111101001101
1100000111101111101111101011110111001000001110101110110011001011000101001110110101000011011010110100100000011010001111011110001110011110111011001100011110011100011011000110111011110101101101011011101000110101001111000001110100011111011100011101
1110101100101010101010000010110001111111100110001010010111011011010001011010110100011111111000100110111011110010100110001011011000111000110001100101111100110101110001101100010001010000101101010001101101100101011011101101000101110011001001110101
3011111110000000101011111010100111010101110011101011010001010001111100000000100001111100110010001100110001011011110100111011011011101110011101101101100110110100011011100111011011000101100101011011001101001100001000111101011101011001100011100001
1011111011110110101010001010110110010101011000101011000111111011100111010110101011010110000111011001111011000001100110100010000010101011001101101100101100110110111000110011010001101111001101010011100101011001111011111001001001010011101110110111
1010101010000110100011100010000010110101001110101001110111101010110001111110111010000110111111110011011010011111001100001110111110001011011000000001100101100000010011110111011011100111011000010110001100000011100001101101100011010111001110010001
1010101011011110111011111011011110000101101000000011000101000010011100101010010010111100000110100111010000110110011001011010011011011011001101111100110000111111010110010101011000101101001111010011101001010110001111101100111011000001100011000101
1000000001110000000000000001011000111101101111110111110100011110111110001011010110100101111100110110011101110011010011111010111011001010011101011111100111101000000011000000011011101101011100011001101011111111101011000110101010010101101110011111
1111111101111101101011011100001101111001100110100010110110111100100111101000000110001101100110110011010100000111011001100000000001100011000000000001101100101110111110011010111011101100010111011101000000101010101011110110101010111111100011001011
1000001100010111111111110101101101101101101100001000000010010110101101101111101111011000101100110110010101111100000011001111010111110110011110111111000101101100001100111111101000101001010100000101011111100000001001100000100000011110101110011001
1111101111010110110100110111101101001101100101111111011011000010101101001110100101010011101101100011000100101111111001011011111110110011000011100001110001100111011001100101101011101011110111110000010110111011111011111110101101010100101100110011
1101000110000000100001100010001001101101101111011011110001110110101001011010001101010111001100101011110101100110011101011000101100100110011111110111100111101100011011110101100011000001100101011110110100011010101001011100101111110001101101111001
1000011100110110111101111000100011000101000110000000111101010110001100000011011001010001101110001110110000101100110000001011100110110010111110110011001111000111011000100001101111101111110001010010100001110010100011010110000110111100000000101101
1111011111111110011101010011111011101101110011111101100000000111011001111000011011000111000111100100010111100110011110111001101110110110110000110111101101101101011010101111000110000000011100011000001111011010001110010111110000011001111111101001
1011010101101011010001011010010000000000010110001100111111110010001011110011000000010001101100001101110001101100110010000011000100110010011010100011001100101100001011100011110011101111010001111110100111001011011000110101000111001011010000000011
1010000101000000000100011111011011010101110110111110100000011011011111011110011110111101001111101100010111000110111000110111110101111010110011110111100110100111101001001110000110101011111101011000111101011010001011110100011101111001000111101111
1011101101111111010111001110011111110101010100101010110111000011000110010111111110101111100010100001110101101100101101100101010000110000011001010101001100101100100011011011110110100000101000001110010000001011011001100111001100101011011111100001
1010001100000011111111100010110101111101010110101010111101111011011111000010110000000010111010101111010101000110101000111101010111100111111011010101101110000110001110000011010110001111101110111100110111111001001101110001011110000000000000101011
1011101110111001110001111000110001011000010110101000011000111011010101111000011110111110110010100101010001110110101011111000000011001100100010010101100111110111101010110110000011100011100110110110100011101101011000111101010100101011011111111111
1011001011101101011100011110111100000011000000101101111101100011000001101111011100001100111000001100011011000000000000001110111001101110101110110100110100100101001000011111111010101110101100110000101110101100001101100101000101101001111100111111
1011011011001101011001000000001111101011010110000001100000111010011111001011010111011001100011100110111001111111101101111010111111100100000000110101100101101100011011111101100000000010100110011110000110101110101000110000010000101011110001101011
1011011001101101011111011111101000111111110100111011111101100011010110011010010111001011001010001110101101010011001111011010100110110001011110100000110101101111010001010000111101111110110011010100111110101010111101100110111011111111000101100001
1001010011001101000001111010001011110110111101100001011100111011010110110011010100011011111011101100100100011001100010011000001110100111110110111011110100101011010111010111110100001100010111010001100000101010011000111100011000010100011111001101
1101011001101000011111101011101001100010101111111011010101100011010100111011010111000001011110100110001101111011001110111010111100110010110011110011000001100011010001010110100101111001110110000111111110101010110011101110110011000001000111011101
1000000011001110110101000011000011001000101000111001010101111010010101100011010101011111001100101111101100110011100110110011110110110110011001100111111100001110010111010110110101001100110111101110110000001000011011000110011001101011011100000111
1111111001101010010001111011111011111110001011101101000000110011000000110111010000000001011110100110100001110110001110011001100010010011001101101110100110101011010110000110110000011001110001101000011111100011001011010000111111111001011001111111
1011001100001011010111000000011001100111101011001001111101111001110111110110010111110100000110001100001111100011101010110011111010110110011100000100110010111011010110111110011011111101010111000011111001101110011011110111101110111111111011110101
1000011111011000000001111111011100110001101001101100011001010011000001100111000000111111111111100111100110110110100000000111000000110010110101111101100110011011000110001100110000010000000101101110001101000111111001100000001000000110101000000001
1111011010001011110100000100001101111101101011000110111101011011111101110101101111101010010110101110101100100110101111110001111101110110010101011000110011010001011100111001111011110110111101001110111101101101110011001011111011111110101011111101
1101000011011001100111110111011000011001000011110000110101010001011101000101100001101010110100100100000101101100101111111111001101010011000100011110011001010111011110001101011000000011101101100000110001100001011001011110000000110000101010010111
1001110110001101111111000001011110111101111010111101100000000111010001101101110111000000010110110101111101100110100000001101101001010111110001010000111101010110000100101100011011110110001100001101111100001011001011010100110110011011100000110011
1101100011011111011101110100001010110000101010100000111111110101010101001101000001101111110100110100101000110100001011111001101101010011011011111110011000000000111101101001110001111111100111011111010101111110011010000001111111110010001111111001
1000001011001010000001011110100000011110000010111110110110000000011101101001101011001101100110000101101011100001011000011011001101010110000010100111001110110110101101111101011011011011001100011111010001111111000000111111011111110110111011011101
1111101111100010111100010000111011111011111010101010000111111101110000001011101111101100110011110100000000001011111111110001101100000011011010110101100010010111100000110101011011001010011111001101011100001010010111100010000110010100000001010001
1110100101001011110111010101100001110010101010101011010011010100011111100010100010100001100111100101101010111110101101000111000110110111110010100101001110111101101110100001011011011000110000011101010101111011011101101110111111010001111111000101
1010101100011111010101011111101011011000000010101011111000010101110000110110101110101111110010110001111111110110001000010011110110011101100110101101011010101101100111111011011001010011111111011000000101101010001101100000011100000100101010010101
1000101111010110000101011010111011011101011000000010101011000000111110000000101010100010111000000100110101100011011011111110000000111001110100001100010010001100101101100001011011010110110111001101110000101010111001101110110101010101101000110111
1110101010010011110100001010110000001101111111111000000011101101100010111110000000101110011111101111100000101111010001100111011101101100000111011111010110111110101000110111001011010110010101100111010111101000101101101011100101111111000011111111
1000101011010110000111011000011011111111100001101111010110001001111011111100111111100100110100001010110111101101000100001100011001101101111101001100010110101100101011100011101001010011000100110011000000101011101100000001101100000111011111101101
1110000011000011110111011111000001101010001101000101010111111101010011000110011010101101100111101010100001101101011111111111011100101000001101011111000000101101101000101000101011011001101101111010011111100001001101110100000001111101011010101001
1011101110010110000101001111111011000010101001010101111101110000011001110111010000100001110000001000101111100101001010010111110101101011111000000101110101101101100011101011101011001100101101010010111001110111011100010111111111000000000000001011
1011101011011111110101011000000000010111111101110100101000000111010011010100010111101111011111100010101110110101011010110001100000100011011111011100100111101100110111111010101011011110100000011000110011000000010101111110100001011111101101011001
1000001011011001010100001111111101111101011000100001101111101100000111010110110000001011010000001111101000110101001000110111101101101110001101001110110010100110010010110010000011000110101111111110011001101111010001011010001111011111100111111011
1111101000001101000110111000000000001101010010111101100001111111110010010110100101011010011111100011001011100000011011100000111100001011011001011000100110101100110110011000111001101100001111000100111011001011111100001010111010000000110000001011
1110000011101101110000011111111101111101000110111000101111010110111011000000101111110010110100110111101010110110110010111011110001111011011101001110110000101110010010111101111111101001101001110110010011011010101001011000011010111111111111111001
1000101111001101011111001101100000111001111110001110000110010000000011111110101010100110110101100011000010010111111000101011011101101011010100011100010111101011000110111101100110101100111011000110110110001000000011000011110000000001000111001101
1101111101101100001011011001111101101101001100100111011111011111111000101100000000110000110100001110011110110001101011101000011001101010000101110111010000000000010000011000101110101001111011110100110011011011110111101000110111111011011101011001
1111100000001110100010001101010100101101011111110000011010001100100010001101111111110111100111100000110000000111001001101011111100000011010001100011010111111111010111011011101010001101100001100110010110000000011100101111110101101111011001001101
1011001010100010111011011000000110001100001101011111010011101110001111011101111011100011101111110111100111101100011011000001011111011111111100111001010100000001111111110001101000101001101111110011000110111110110001111111000000000101001101101101
1001011111110111101000001110110010111001100000001110000110100111101100001000001000110110101000000101110011111101001011101111001111011000110001101101010101101111101100110111001011111100000010100111101110001111111100011001011111111101011100000001
1011110000000011000010100111111010001111111111101011110000001101111111101011111011100100001111110000100110110111100001100001100101011101111101000000010001100011000110000001100010010101101010001101101100100001010101111011000001010101010111111011
1010110111111011101010110001100010100110011000000001111111101100010111000011001000110001101011100101101100000010111100001111101101001101101001111101110111111111101111110111111010110101111111100101100101110100010101101001011101000100010110000001
1000111100000010101110111100111010110111001111110111010101101001110100011011011011100111111010111101100111011110000001111011001000011101001101011000110100010110000101010001101010000101010100110100110000011110110000101011000111011101110111111011
1110011001011010111111101110101010011101011011000001010101001101010111111001010000110000110000101000101110000111111101110001101101111001011000010011100001110011101100010111100000111100000101100101100101111011110101101011011110011101110001110001
1010111101110010011011000000000010110001010001110100000000011101010010101101000111110101111110101110100000110011001100000111101100101100011111011010110111100110100111010100001110001101111101110100110100001001010111101001000010110101010111011011
1010010111111010111011111111111010111101011100111110101011011001011000100000011101100111001000000100001010011001100001110100101110000111001100011010100010110010001101000001101100101101001101010001110111111011010110101011011110110000000011000001
1000110011010000110000011000000010010101011110100011111111000011011110101111010100110111101011110110111111111111111100111110101010101101011111011010101110011010111101011100101101101101011001011100100010111011010110000000000000011011110111111011
1110011001011110011111001111111010110101010000101111010101111011000110111110000101100101101111010110010101100011010110001010101010111001010101010000000111001010101000000101100111111001001100000110001000001011000000111111101101110000011101100011
1000111100011000110111101100000000100101011110000010010101110001110100110011110101110001100110010110110000001111000000111010000000011101010101011101010010011010000010101111111110011101011110110100111111111000011010000000111100011011111100111001
1110101111011010100100000111101110001101011011111011000001011011010110111011000000100111110011010100010111101001110110001011110111001101010000000101011010110010111010111010001011010100001011100101110111100011011111111111110111000001010101100011
1000000110001110110111110001111000101100011001100001101100000000000000100011110111101101010110000001110101111011111110111010100001100000011101011111110000011010101110111010111011010001111001110101010000101111110101000001010001010111000101110111
1101101111101100000101100111000010100111001011111011001001101111111110111010100010000101000111011011010000011011011000000010110111111111110111001001100101110010100011101010100011011100011011010100010111101010110000010100000111111111011101000001
1111101101101111110101110011111111110100011001011010011011111101110000101000001110111101101101010011000101110011011111011110000010111010100011011011001111111000001111000000101111001101110010000101110001101010110110110101101100101000001101110111
1010001100101010000000011001100101000110110011001011111111010000010110101111100000011000000101111001011111011010001101010111101110101010110110011011100111000011111010010101100110011001011010110000000111001000110111110101100001101011111100100001
1011101101101011111110110011110101110010111001100010101101011111011110001010101111111101111101101101011100000011101100000010000110101010110011011001001101111001111000111111101100110011011011111011010011011011100000010101101111101001000110110111
1001001001101010110000111001100001011000011011111010101100000000001100100000100001011000001101101101010111101110000101111000111100000000011001001100011000101011000010000011000101100110001011000011111110000000001011111111000000000011011100100001
1101011011100010011110101101001100010011111001010000101111111111101001111010001111011010100101101000000011000111101111001101111110111111111101011001111110100001011111111110010101101111101001111000101110111111011110110011110110111011011110101011
1000001000111011010100101101111111011001101011011110000110000000000011011111100101011011101101000011011111101101100110011101100100000000110101010011101000101111010001110100111100100011001011010010000010000001110100011010110110001111010100101111
1110111011111011010110000101100000000011001011011100101111010111111111000000001101011011111101011110000001100101101100111000110110111111100001010111001110001100000111010101111110001001011001011011111110111100000101110000010111111100010110000101
1000011011100000000111110100111111111001101011010111101100011100000000011111101001011000110100010111111011001101100110101110110110011010111100010101101000111001111100000000110100111111001101010001000000000101111100111011111101010111010011110001
1111010000111111110011100001100000000011001011010011000111111111111111111100001011011010010110110101101011101001101100101000010011011010100110110001101110001100001101111111100110001100011000000111011101011111010101101001011000000110000110000111
1000010111101011010110111011111111111011011010011011010100000011010000000001100001011011010100000000101110001101100110001111010110001000001100000111101100101101111100110001110110111111011011101101001111001011010100000011011101111111011111110001
1111010000101000000110110000110000110001011011010001110111111010000111111101111101000011010001111111100111101101001100111100010000111011111001011100101110111000010110000100110010000110001010000000011011111010000001110111010101011011010110100111
1000010111101111110000110111111110011101011010011011000101000011010111000001000000011111111100001101110011001101011110110111010111100001110011110101101000011011110110101111111010111111011111011010111000110000110100010000000000001011010110110001
1111010101101011011101100001101011001101001010110001110101011111111101111101111110110101101001111100100111100000010110010011010000111100011011110000101101110000000000100110101000001101001100001011110010110111111111011111111111111011010110010101
1010000100101010011000110101000001100101011000011100000101010110101101001111100000000101101011010001101110001110110011000110000101100101110001011011100101011011111101111100101011111101101110111011010111110111011011111110000000000011000011000101
1011110101101011010011111101111100110000011011110111110000000110101101101010001110111101001001010111101011101110111011011100111111110101011011011001101100000000011111010101101000110000001010111111000101100000000000100010111010111111110110011111
1000000000101010011000101001010001111110110000100110111111011100001000000000111110011101101011000111001010101011100010010001111011000000010011001011000101111111110011000001100011111101111000001100011101110111101111101110001010111101010011000001
1111010101101011001101101100000100101000100111101100010100001111101110111101111010110001101000011101101010000001111011011101100011111110110110011011011100000001100110011111001011010000110011100001000000100001111100100010111111100101011010011111
1101110100101001101001100110101110001110110011100111010110111010001011100111100000111101100011111101100010111011000001010000110110001110010110110001010001111111101100111001011111011110011000111101101110001111010110101110101101001100000000111001
1001111110001011101101001111111100100100010110101100010010011011100011001110111010011001111001100000111010011111111101011101110011011011000000011101010111101100101101101011001101001100111011111111000111111100000000000100100000011111111011101011
1101011011100011001101011101000001110111010100000111011010110010111001101100001111001011011011001111100010110110011001010000000110010001110111111001010101000001100101101010011101100110001000000001110001000001111101101101101111111101100000000001
1101010011111011100101011001111111000000000101111100000000011010100011000110111001101011011011011001111010000011001101011011111111011101000001101101010000011111001101000000110101001110111011111111110111011111111101111101101110001001101111010101
1000000110000010110100001011010001101011010101000111010101011010111011101100101100100011001010000011001000111111101001010011001101000000011111001000000101001101101001101101100101101100101011010101011110000111000111010000000011101011000001111111
1011110100101000110111101001010111111111110100011111111111000010110010100110000110111000011010111111100010000011001101011001101101111111000111101110111101101001001011100111101101101110000000010000011100111101110011000111111111000000011100101111
1111000110111110110110101101010010110010100001111001101011111010110110110011010010111101001000001101101111111111100100011011100101100001011101100110110111111101101000110110100101100100101111000111110101111000011000011100110001011110111111100101
1101110111110100000110100101010110100110001011101101001010110000100000111001111000000111100011111001101101110110110110111010101100111101000000001100000010110101000011100000001101110001111011111101110101101011110011110101110111111000110011101101
1000100011010111010000110101010010110011111001001101101000011110111110101011101111110010101110101101001100000110110100110010101101100000011111111001111110110101011010110111101101000111010000110000010101000000011000110001010001101010110110000101
1110101001000111111101100101010110100110010011011001001111011010100010101010100011010110101010000101101001010110000101100110001100110111011011100011000000110001011110000011111101011110011011100111110101011110110011110111010111001110110010111101
1110111101110001100001110101000010110011011010001101011010000000111000000000111011000000000010111101001011111111110000110110111001110100010000111000010111110100000110111110011000000011010000110001010001001011111011000100000001101100010110011001
1000011001011011110100000001101110111010011000111000011010101110000010101101100011101101010110001101101000101010100101100000011011011111000111110010111111011101111100101100110011011110000110010111010111011001011001011101111111001111000110111101
1011001101011000011110111101101100010000110011110011011011111100110111111000111000111111011100101101000011101010111100110111110011011011011110100110011100011001110110101110100111110110110011000110000011000011010011001100000110011000011100101001
1111101000000011011111111101101001011110111011011010001011010111111111011101111101111010001101111101111001101010111001110000011001011001010100001111010001001100010010100010110011000000111111111111101010011111010111011001010011001011010110101011
1000101111010111110101000001101111000000001000011111011001010111011010000001101101101010111100110001101011101010101100010101111101001101010101101011110111111110110110101110011011110110000000110001101111011100000101001011111111011110010000000001
1110000111011110000101111101000111111111100011110101000011000101010011111101100000101000011001111101000010101000001110110111100100011000010000111010110000101010000100001011001001000110101010011011001101000110110101011010100110001100110110101011
1011110000001011110100110101110100110101001110000101101001110100000110101001111110001101111101011001111000001011111000100010110111011111000111100000110111101011101101111001101011011111111011110011100101011110111101010000101100101110000011111111
1000000111101001100001110000100101100000011011110101101111100110110100001100111000100101011000001011001111011001011110101010110110010100011111111011100010100001100000000011101010001101011111011001001101001010001000000101101001111011011111010101
1111110100101011101100011110110100111111010001010101000101001111110110100101101010110000001111011001101110001011001100101110110011010111001100110001110110110111110111111110000000111000001100001011011100011010111011101111001100110001000000000001
1101011110000000111111011000000001110000010111010101110101011101000011110100101110011101111100001101101011100001100110100110111001010110011110000100100000000101100000110011101010000010100111101011010101000000000000111010011101100101011110110111
1000011011111110011010001111110101011111010011010100110100010101111001100101101111110000000110101001100001110111001100101100001100010100111010111111101011111101101111100110001111011111111111001000000001010101010111110011010100111101011110010111
1111000000000000110000111010010111000000000110010101100001110100000011110100101011011110111110111100111011000001100110001101111001110110101010101010101110111001101101110110111111111110010001100011011111111111111110011011000101101000000010111101
1011111011111110111110101011010011111010111100110101111100000101111010100001101000011010110100000110000010010100101110100101001101010110000000000000000110101101000000110010001010100011010111111011111110100001101010110011011101101010101111101101
1010101111101000101010001010000110101110110001110100110001111111011010111101001101110000100101111111111011011111100011101100011001010011011101011011101100101000010110111000100000001011010110011000000010001011000010011000011000000010101110001101
1000101110001110000011100011110010101100010111000110011101100110000000110001011000011110101100101101110000001001101110001001111100011011010111011011111110000011111111101011111011011001010011011101111110111110011110111111001011111111111011101101
1110101011100011111010110111000110101111000001110100110001101100101110111100001101110100001001100101011011011011001011101011010110110000000011111110110100101110001011000000011111111111011010000000001010001100111100100111011011000101110001101101
1010001010111010101010100101110100000000011111100001111100100111111000010111101001000111100011110000001111011011011001101011010100000111111110100110100110111111101001110111000000000110011011011101100000111101100110001101011000010000100100101101
1010101010010010101010110101010101111111001110111100010101101101011111010111101101101101001110111011011100001011001011001011000110110011101100001100101110010011001011100011111111111100110000001100101010110100110100111101000011011111101111100001
1010100011011010100000000000000111111111011010011110110000101101000100000100001100100001100000011110010111011000011001100001101100100110100001011001101100110111101000001110000110010110011101101001101110010101100110010100010110001011000011001011
1011111010001010111010110101110110000000011010110110111110101001110111110111101110111100101111110110110011011011011011111011000111110100001011111101000101100011000011111111101100110010110101111100100011110100110100110101110011100001011111011111
1001100011100000101111100111000011111101011010110110011010101101000000000101000000110001101100110100010110011001111010111000010101010101111110010101110000110110011111101010101101100110010001001111111010000001100110110001111110111111000110010101
1011111000001010000101110111111011101111000010110111011010001101101011110101111110011101100110010111000011000011110010100010110100000000010110110101100111110111001110101000000100001111010111011010111111011100110100000111011110110011011111000001
1010101111011111110100111101011000000110011010100011000000111000111111010100001111011000001110110011101111101110010110101111111111110111110100110000110101010101011010100011111101111011000001001010101100001111100111011101000010100111001010011101
1000000011110101100001101100000011010000110000101111111110011110110110000111100000001101111010110110000110000011010110000001011000000000000101111011110101010101011010001000001100110001101101011010100111100000110110000001011110101101011011011101
1101111001100000111101000111111010011111100110000110101111001100110111110101111111101101011000000111011111110110010110111111001111011111111100101011010101010000001010111111111001111011000111000000001100001010100011011111000000000000001000000101
1111111011111110101101110000011111111011111110111100000000011110110011000001011010000001000011110100011010010011000010100101011110011101001101101011000000000111111010110000111011100000011110011111011001111111110110000011011110101011011011011101
1000000001010000001100011111000110110000001000101111111111010100110111111101011011110100011001011111001011011000011010101101001011010000011000000001011101110000000000000111100000101011111011000101111100000101010011011110011011111110000001111111
1101111100011110100110110101110100100111101110000110110010010110110101000001010000010101011101001101011010000010111110100000011010010111111101101111011111100101011011111100001111111010101010010000111101111101011000000011010001010111010100000011
1111010110110111110000000101010110111110000110111100011011000110010101111101011110111101110111100000011011011111101100001111110011010110010101111000000010111101011000101111100000110000000000111010011000101101001111101111000100000001010101101001
1010000010100101011101010000000010101010110000010110110001110011010101010000000010011000110010101111010010001101101101111000011011010100110101010010110110111111111111100011001011100111111111110011001110000101101010000110010111010111111100111111
1011011000001101000111111110111000001011111101000000011101010110000101011010111000110011100110111011011011011001100000011111011000010101100000000110111110100001100110101110011110110111111000011111100110111100101000111110111111111110101111111001
1000001111011001011110101110111111100011110111111011111000000011101101011111110010011001101110110011011010001101101111110100001111010101001010101111100010001111110010000100110110010000000011110101110110110110001110100000001000001000101000101101
1110101000001100001010000011101110111010100011000001101011011000001100001101011110110011000000110110011011011000000110000110111100010101011111111001111000111010100110111101100011000101010110100000010110110010101100001101111011011011101011100001
1011111111100111011011010111000000000000111001101011001010011110100111101000000100011001101111110110111000001101110100111100100111000000000011111100110010110000110010000000001111101111111110001011111100110111101001011111111001111010101010101101
1001010101110011011001110110011111101110001011111011011111110111110010101111010001000011000001010100001110101100011110011001101101011010101110101101100110110111110110111011011101000001111100111110001001100011001011011011000011101000000000001111
1101010101011000011101100111011011111011100010110011010011110001011000001011111111110111101111010110111000111001111100110011001100001011111010001000001111110011000000001001110100010111010101100011011011110111101011111011011000000010101010100001
1000000000011110110000110101010000010010110110100110010110011101011111011001001011010011000110000110001110011100010110111001101111011111010000101010101101100111011111011111110101111110000101101111011011010101000001100010001110101111111110110101
1101110101000000011110010101111111011000100110001100110011010001001110001101100000010110011111101100111010110001010110011011000101010110010111111011100101110100000001000111000101101011011100000101010011000001101111111010111111111101111111111111
1000110101111111010011000101100110001110110011101110000111011101100011011100111111010010110110100110101000111101110011011001110001010011010000010000101101000101011111111101110100100001010101101101010111101111000100101000111001010000101011100001
1110011101110000000111110001110011100000000110101011101100011000110110000110100000011000000010101100000011100000110110001101011101000110000111110111101101110001000000111001010001101100000000111100000101001010011101101110101100000110000000101111
1111111111011011010010011101011010111101110000000010100101001110100011011110111111010011111110100111101110111101110111011001010101011110111111000010111101010111111111101011010111001111101011111001111101101011000000101010100101111111111111101111
1001110110000001111010110001011010110111100111011010101111011100110110001010110101011001110010101100001010110101010011011100010000000000000000011110010101010001100100101001010011011011111110101011001100000010011111101010101100000001000000000001
1100000100110111101000110100001010000010001110010000101010011001100110111000110101000011011000000111100000110000011010010111011101111111111111111111000001010111001101101101000110000000010100001001100111101000110100000010001001011100010101011011
1111110101100100000010011110100011011011111100111010101010111100110110101110110101111001010011110101111011100111011011010110011000101100110101010001111011000010011000001101011110110101110110111011001101111101100001011110100011011111111111111111
1010010111111111111110111011111011010001010111111110000000001110110100101100000100111101011000111101000000110101110010000111001101101101100000000111011000011110111011111100001010111111110000000011100100110100001011000000110110000000101011110101
1011010110111010000000101011010011111101010110010111011111011010100110100110110001100000011011101101111011110100111010111100011001101000001010111110000011000010000001100110111010100111010111111110110101100001111111101101111111010110000001010001
1010000000001010111110101010000110110000000011010011110101011010101100110011111011111110111001101101010001100001101000000111001101100010111111111011110111111110111101110110101010001101000100000010100001111011110101101000011011010011010100000101
1011110101100011110000000011101100110111111011010110100000011010000001100110001001100000010011001100011100111011001101111110011000001010000000001010000110110100001111010110101010111000010101111110111100101000000000101011000001110111110111111111
1011011111101001011110101001000001111100000011010100001111000000110100110111101100110111010111101101111101100001101100010100111110111111011111111011110110010001111011010100000000011101110101101010101001101011111111111111111111111100010000101011
1011001010111101010111101100011011101110111010010111011100010110011110010011000110111110010011001100110100101111001101110001110000000110010101000001100011010111011001010101110111110101111100001010101100000000000110110100000110000001011111100001
1011011010110000000100101111010010101011111011010101110111111111111000110111110110011011000111011101100110100110011000011101011011010011110000010101101000000010001101010000010000000000011001011010001101110101010000010001010010111011111010001011
1000001010111111110101111010011000000011000001010100110011100011101110110011010110111001110110010101110010001100111111001100011011111000110111111111101111111110111000000111010111110101111011111011101000111101110111110111111000001000110010111111
1111101000101000000000110000110011010111111100000110110110111010101000000110000000010011100011010100111000111101101001100110110010101111100111101100000101100110011101110001110001110101100000101011000011100100010000000000101101101111111000010101
1010001110101111111101111111111111110101101111110000010100111010101110111111110111011010101111010101101101100101101101101110011000100110110000001111110100110000110000011011111011011111001101101011011110101111010101101111101100101001011011110101
1011101110000110011101100000001101100101100000000101000101101000101010011101011110000000000101010100101100110001101001101010111011101110100110100011010101110110100110111001011111000111011111001010000100001011110101100000001101111101001011100001
1011001010101100110100111101100000110101110111101111110101101110100010110100001010111101110101000101100001100111001101100000000001101010101111111111010100000110101111101111000000010100000001101000111101111000011111111111111111010101011010101111
1011101011101110110001101111111110100001011101111010000101001100111010110001101011111111000101110100110111101101100101101111110101100000000100010101000001111110001011101101011111111111011111001110110100111011111011000000000111000001010000000001
1010100001000010011100101010000000111011001001010010110001011110000010011011001001100011110001100001100000000000110101101100011100101111010101110100010100001011111000001100000011001100010001101010000001100000000000011110111101111011000111111011
1000111101111010110110000011111110100001101100011011111100001011110110111111101011001110010111001011110111110101100100000001001101101111111100010111011111111001010011111110111110011111010111101010111100001111011111110011111000101010010000001111
1101100000100000110010111011000000111100000111011001010110101010110110010110000010011011010110011110110000011111110001010101100111000000011110110110001001011011000111010110110010110100000011001010001110101111110001110111101011101000110111100001
1000111110111110111011111011011010001111110011001100000011101010110110110011111010111010010011001110111011001011000111111111101110011111110110110100111011010001010001000110011000110111101111101000111011111000000100000010101001001011110001111111
1110101000010100000001100001111111101000000111100111111011101010110110011001101000001011010110011010100001111001011100101010111100111001110110010101101010000111011100011111001110010110101011000010110001010011111111110110101011011000011111010001
1000000011010111011101110111101000001011110010110111111000101000000011010011001101100011010111011010001011101101010110100010110101101100010110110000100000101110001111000011100111000110000001011111100111010110110010110000001000001011001011010111
1111010110000001111100100101001111101110110110000000001110101111110110010110011111001010010010011000111110101100010010101110000000100110110000100111101011111010100011110110001100011111011101000101101101010100011000111101100010100001111011010101
1011011111110111110110101100011000000100100010111111100000000011000011000000110110011111011011011011111000101111010110001010111111101110011110101100001110110000101000011111100101111000011111101101000101010001110011101111110111111100110001010001
1011111100000011010100000101011111110110001011110110111111111011111001111010110111001100000001011001101110000011010010111010000011100011010100000001111110000111111111010010001100001011010010100000011100000100100110001011011101010111100111010111
1010100111110110010111110111010101100000111001000000011000000000111100011010010101011111111101000011100110110110011000010000111110101111000101110111011000111111010101111011101101111111000110101111001101110110001100111000001001010110001101010001
1000110101010011000110000110010101110101111101110111011111110111100001111111000000001100111000011110101110011111000011110111101100100001110101011111001101100000000000101010100000101101011100000001111101011111011001110011111011010011011101000111
1010000000000110010011110011010100011111100001010100000000100010111100110101111111100110000011010110101011001101011111100011100110001111000000001101011000001011010110001010001101101101010101111111101000001111111011000111000001010110000101011111
1011011111110111010110111001010101111110111101011111111110001000011001110101101001101111111111010010101001011100001000101110001111011111011010111000000011111111111111111010111111001000000000000000000010100110110001110001011111010110111101011101
1111111010100011110110011100010000110100110101011001001011101101000011010101100011001010101000010110101011010001111011101000111011001001111011100011111111011110110001101000000111101011011011111111111011111100010111011011001011010000001001000101
1110100000001110100010110111011110010110000101001101101011001111111011010100111011101000001101000010101010000111100000101011110001011011100001111010110000001010011100101011111101100001001111100000001111010001110101011000011001010111100011011101
1010111011101010111010110000001111010011110101011000001011100111010000010101100000001011101111101000101000101110111011101010011011001010101100110000011011111010110101100001011000001101111110101111111110000100000001011011111011000000110111010101
1000101110000000110000011111100000000110100000011111101010111101011111010101111111100010111011111010001011111100101011000000110001011010111110010111111000111000100100101111001111011111110000000010000000111111101101001010100001011011100100000001
1010000111111101111101110101101011110110111111010101000010011000000000010100011101111000110001100010100001010110100000010101110100010010110100110011101011101011101101100101100101001010011011111110111110111011000111011010001011011110110101101101
1111110000000001101000100101111111000000110000000001111000110011111111000101000001010011110111111111110111010110101110111111011101110110110001100110000000100001100101101100110101100010111000011010000010000001111111011010111111010100011101111001
1001011111111101101110110001010101111110111111111100001110011111100111011111111101011001100100001110010001010100000010011000001000110110110111101110110101101111001101000001100101101110001011111010111111110111010101011010110101000101111101011101
1100010100011000101010111011010101100000101101110111101010110100001100001001110101010011110111011011011011010101111111011011111011110100010101000000010111100011011100010100110101100010111011010000001000010101000000000000000001010000000000000101
1001000111001110000000100000000000111110101100000010101010010111101111011011000001011010100100010011000011000101010101111010110001100110110101010101111100101110011001111110110101101110110001010101111011111100011110111101101111011110111010110101
1111110101101011111110001010111011100000001110111000000010110011100111010001111101011010110111011001111011011100000000110010011100110100110000011100011110100000111011100110010100000010100111010111101011001001111011111111100000000010001111111111
1010000000000000000000101111100000111111011011110011011010110110001100000111010000010010100110011011000001010001111110100110110001110110110111000101110010101111100000001111110101111110001110000010101001011011000001000111001011010110111100001011
1000101101110101111110111101111010001010011011011010010000110111100111010011010101011010110011010001111011010111110111110110011011000110110111111111011010100000101111111001100001011010111010111110001011001000011100011101111001111100000001101001
1010100111000101000000011001010011100000110011000010110110110001110101111000000111000000110110010101000010000011000001100011011011101100000000000110001010110111100001110011111101011010101010011010111001011011111111111000111111101110101111000011
1011101100010111110101011101011111111110111001111111111100011101000101111111111111111101100100110101110110111111011111111001011001100110110111111111100010010101101011011000110100000000000000110000101100000000110000000010000000000110100001101001
1001111111010111111111110000010000000000010011010110001001000101110101010101001101111000110110111101010010111001011011001011000011001100010000000011001110110000001000000011100001111101111101100110000001011010000111110110111111110010110111111101
1101000010011101011010111111011111111111011000000011100011010000010001010001101000001110110100011000011000001100010001100000011110011001111111110111101000110111111101011110111011000100000100001111110101110011010000011100000000010111100110001101
1001111011011101010000000100011011010000001111111010111111111111011101011011101111101000110101111101000011100001110111111011001011011101101111110101001011110101000111111010101000010110101111100000010100011011111110111101011010110101110000111001
1011000000010000011111110111000000011110100101111000000000000000000000000010101110101110110101001111111000101011110101101011111011001000000000011101101011010000011111101010100011111110100001111111110101010000000110000111001111110000010110111111
1111101010111111010111010101111111010111110000001101111110101011101101101010101010101100110100011010100011101110000100101010111011011011111111111101000011010110111101000000001000001011110100001111111111110101111111010001011101011101111111101111
1110111110110000010001000001010000000101011111101111110111111110000111001000101010101110000001110000001000101110111101101010101000000000000110010101011111000010010101011101101010100000110111100000011000011100000001111111000000011111101101100001
1010110111111111011101111101011010110000000000000111010101010100101111111110000000001011101011011110111111111000011100101000000010101111101110110101000110011111000000000100101111101011100000101101000011111111111111100001101111000110100000110111
1010010001100000000000000001011111111111111111101101010000000001101101110110101011100011101111010000110101001110110101101010110111111110111010010101011100111101101010101111111111111111111111100111111111100001111011001011111011111110101111100001
1011011100111011010110111100001101101101101100000000000101101011001100000000111111111000000110011110000001011000010101000010011110011000011010110000010110110100111111100001011010010110001111110011111100001100000000011000011001110000000001001111
1001010001101111110100100111011000000000000001011011101101111001100111010101100000000011110011011100111111011111010100010111111011001011000000000111110100010101111101111111001010110110111000011001000001101111101011111111111011011011101100011011
1101011101001101111110110000000011011010111111111111101111000011001111111111111111110110000110000110011011001101000001010100101010011011111010111101100001000000001000110101011000000010100011001100010101100000101000001111100000010001111111110001
1000010101101101001011111111111111111111110000000000000011011011111101101010100110111110110011011111001001100101011111011101101010110000111110110100001101011110100010110000000011111110101111111110111101101101111101100000101011110100011011010111
1111010000101101100001101101110100101001100101101101101011111110111000000000001100101011111011001101101011001101000001000000000000110111101111100001011111111100111111110111111111101000000000100111111111000111110111110101111000000111110001000001
1101000110000101111100001000010110001101110100111111001010000000000011111111100110101011000010011001101011101000010111101110101010000010000011001111000000000111110101100010110110100011010101101100010111110001100011011111110010110000000100010111
1000010011110101011111101101000000100000000110111111111111111111011110000111001110100011111010111101100010100010111101100011111111101000101110011110011111111101010000001000000010001110011100000001110000011011101001011010100110011011011110110101
1010111111000000000000000111101011111011111111101101010101010100010000110101100100111010001010010101101110101111101100110111010001111111100011010011001110111000000110101011011110111111111111110101000111001110101100001000001111110001000010110001
1110110000010111101111110110001011000010000001000000010101010111111111110101110110111011101010110000101010001101100001111110000111010111111000000111100000000011010110111111111000101010110010111111011111111000101111111011100101111011011011111101
1111111111011111111010000000101111111111010100011111010101010101100111000101000000000000001010011011101010111000110100001011101100010100011010101101101011111111111100001101101011100000000110101010000000001110000000001011111100011001111000001101
1001101010011000110000110101100001110101111111111001010100010100101101110000010101011111101010110000000000010011110111111011000001010001111010101000111110100000001101100000000000001101101100000000101010101010111111100000000001111011101101101101
1100100000110010000101111100110111000100011011101101000001000110101001110110111111111011100000011011111110110111100010111011011111110111101111111011110100001101111111001011010101101101111001011101101111111010000001111010110100001000001100100101
1110001010111111101111000001111101110110110000000000010111110110001101011111100000000000111111011011010111110100001010101011011010100010100000111011010001011000010111111001011100111111011011000111000000110000111111011110011111011011111111110101
1000101011101000001011110101011000000000000101011010110111000111100000001101101011011110011110010011010101010101111000101000000000001000001011100000000111111111110001011111011111100110000001111111111111100111101011010110111111110001101011111111
1010101111101110111000111111000011011010101111111111111101110100001111101100111111111111000011011010000000000000001110000010110101101111011110101111101110101000011011010011000000110100101100001001011100110001000000000011110101111100000000101001
1010101110101011111110101010010110011111111010110101101100000001111000100110110100100001111000000000111111101010100010110110010101100110010110100001111100101011111000000111011010000001111111111011010110100111011111101001010100000110110101100011
1010101000001011101000000000111111000110000000000000000111101011000010001100110110111100000010111110001100111111111111110110110101101111000000101111000101101010010011111101011010110100000000101000000000001100000001111011000001111111111101001111
1011111101100000000010110110100000011111111010111110110000001111101111100110110000101110111011111000111001111110011100010010010100100011101110000101011101101010110111111101111110010110111111101010101101100001011100001000010101110011101111011111
1011011111111011110111100100110101010000001011110110110101011110111101001100111110000000111110000010000011101011000001010111110101101010000011110000000000000000000000000000000110110010001110000011111111001011000110111110110100010110100000000011
1011001011011111110101110110100101111111101111000000110101110000010101101110101100101110100000101010111110101000010111010000010111111111011000010101111111101110101011111111111100110110100010111000110111101111101100110111111101000000001110101001
1111100000001000000100000011111111101100000000011011111111000101000000001000000001111110110110101010000010101010111111110101111110110101111011011101110001111111101000000001101111111110101000001010000001111101100110000000000111101101100011111011
1000001011101111111110110111011010001111101011111111011010010101101011101111111101100000100110101011011000000010000001111111101000000000001011001100000111011000111111111100000101011011111110101010110100000001111110101111010010111111111111011111
1111011111000001100000110110000000100011101110101000000000110101001010001110000001111010101100101111001101101111111100000000000011101111111110011110110011000011110111111101011101010001010111111111110101101100000010101011111000011000111110000001
1111110101110100001010100110101101111000101000001110101010100111111111100000110101000011101110101100011101100100000111011010110111100000000111000110111001101110000000000101111101000111010101110000011100100101011111100010101111111110100000101011
1001000101000101011011111111111111111101111101100000101010111110110101110101100101101010001000101101011001110001010011111111100100101101101100011100101100000000110111101100000000010000000000100101110001101111110001111110000001101000001111111001
1101110000010101001111011101011010100001001111001010111011111100000000000101111101101010111110111001001100110111011000000100110001100100111111000110000111101011111110111111101101111110110101101111011100100010011011000000101101101011111100011111
1000111101110111101100000000000000101100011011101110100011100001101110110101011001111011100000011011100110100111111110111101110100111110000110011100110000101111101010010111111100001011111100000011001101111110110000010111111111101000000001110101
1110001100111110111111111110111110111111000000000010101110111100111100110101000011011110001011011001101110110000000010000000011110000110111111000110010111101100000000110100000110100001011111111110011111000000111011111111010110101011111011010101
1111100101101100000111000100111000011000011011101110111100110111110110110101110110000000101111110011000010100111101110110101000011111100001100010110110000100001111101100001110110101100000000001011001011011111101000000000000000000001111111010001
1011110111100001110101110001100011000010111110000011110110000010100000010101100011110101101000000111101011110000111111111111011111111101011101010110011011101011111100001100111111111110101010100001011000010110000011011111111111111111000000000101
1010110110111111100000000101001001101010110000101001100000101000001010110111110110000101101011010110001001010110001011111111000000000101000111010110110000101000000111111111101101001100111110101011000011000011011110000000101011011100011011111111
1000000000001110001101101101011011001010011101101011101010111010101011111110011100101101101010011111101101000011100000110101111010110111110001011100010110111010101111110011101100011110001111111000010110011000000011011010000001000001111110000111
1101101011100000101101000111111011101011110001001110001110100010101111010011000001101101101111011000000101101000111010010101101111111110011111110001010100001010100000000110100001000110100000110011010110111101011111001111011100011111110111110001
1000111111111010101111101100000010001110000101011000111110101010101100011010010101101100111101111111011111101110011011000000000000001100111110111011010110101110101011011110001011011111111011111001111110100101000001100001001111000000000010100111
1101100000000011100110001111110110101000101101010011100000111010111111000000111101001110100000000000000110000011001011011110101111111101110000001001010110100110101011110100101110011011001011011011100010001111011111110101100001101101101110001111
1001101010101010001100101000000110101010101001010110001010110010100000010101100001100010110110110101010011010110011011000010100000000000000101011011010100110010101000000001100011000000011000011000001010101100000000010100110100100101100000100001
1111111111111111111111111111111111111111111111111111111111111111111111111111111111111111111111111111111111111111111111111111111111111111111111111111111111111111111111111111111111111111111111111111111111111111111111111111111111111111111111111111
