11111111111111111111111111111111111111111111111111111111111111111111111111111111111111111111111111111111111111111111111111111111111111111111111111111111111111111111111111111111111111111111111111111111111111111111111111111111111111111111111111111111121111
10010001100101100110100001010110001100010101101010000000000100101100110101010100000000001000000100001010100110011110101101100101111010110110011011000110001101000110100110110010100000100011001101010011010001100110001001100000101101001010101100100000000001
11011011110001101100111011000111011111000001100000111111011101101001110101000001011111101110110111101010110111001100101001110000110010110110110001110011100101011110001100011010111110101111011100011001011011001111011011001011101000011010000110111101111011
11010001011101000001101001110011001111101101111010100000011000001100010101010101110000001010100010101010100011011001101100011101111000110110111101010110110100001100111111001010011010000101010101001101001011011011011010011110000011110011011110000001011111
10000100000001111101101011000111100101000111011111111111011110111001010101111111111011101010101000100000101110011011001101110001011011100110011001010110000001111110101011101011001010110100010111011001011011001011011011010111110111010110001011111100001101
11110111111101010100000001110101001101101111001111010100000100001111010000101100001111000011111110111010100111010001101101100101010010110010111100000011110111101010001010100001100000011111000011011101011001011010001011000011010100010011011001100001111101
10111111010000000001010101100001101101100101011010010111110101111011011110001101100101111001010100011110101100010101000000101101010110011000001111110110000100101011011010111011111011001010011111010101001100001010100001110110010101110110001100101100110101
10101100011010101011011101101101000101001101001011000000000000110010011010111111110101111101010111010100000111010101010111111000000010110011111000110011110001101011011010100000111111100011001101010000011001101000101101110011000000000011101001100110010101
10001111000011101010011001101001101101100000011011101111111110011011010010101110100001001001010110000001010000000111110010110011111000011000111101111001100111000001000010110111100101001110011100000111111100111101111111000111101010110110000011111111000001
11100100011011001111011101111101001101111011110000101000000011001011011010100100110101101101010111101111110111110011000110111111101101110011101000001100110101111101011110110011110101011000110110110011100110011001111011110111101111111110101000110011101011
11110111111111011100001100110101100100110001010110001111111000011011010010110001111101000000010000111110000111010111010000101100001101100110101011111110000000011101000110100110110000011110110111110110110110111100101001100011001101100011111011100110101111
10100000000001110111101001100001110101100111011111101101011111010010011000011100101001111111010111100011110100000001011010001111101000001100101011011010111101110000011100110010100111010110010011010010110110010101101100001111101000101110011001001110101101
10110111111100100110111101111100010101110010001100111000010111011000111110110110101101100100000010111011110111111011111111011001001101111001101010000011100001011111010110100110111100010110110110011010100011000100001111101100101011101011001100011000000001
10111111000110110100010100111111000000010110111110010011010101001110010100110110000001110111111010110010011101101000110110001101101101101101000011110111111101011010010110110010101111010110110011001010110110011101111000000101100001000011101101111111101111
10101100010010110001000101100111011011000110011011011010000101101111000110100111111100000101101010011011011000100011110100101000000000101101110110000010101100001010110110011010101011010110111001101010110100110000001111110000110111011110000101011010100101
10000111011000000111110000001101010001110000110011011110110001001011011100101101101111110001000000110010000010111001100111101111111110001100110110111010001110101010110110110000101010000000101101100010100001111011111100110110100100000011110101001010101101
11110101111101011110000111101001111111111101110110001111111101100011010110101101001011111101111110111011111110101011101101000011001010111101100011101010111011100010110010011110100011110110100101101110110111010000000110110111110101110110010000011010100001
11100101110111111011010100001101110001011000100011101011010000001011000000101100011000000000001110101000010100101010101100011111100000011000101001000000111011111010110110110010110110000011110101100110110110011011111100110001010000011111011111000000001101
10001101010100000000010111100000011101000010001110000011010110101001111010001111011111111111100000101111010110000000001111001001111110111011111101111101101010110010010110111010000111111001100100001100000000111000011001110111000101001101001101011111101101
11101101000111111011011100001011001001101111011011111011011110111101011111100110010110001010001110101101010011111101111011100011000010101000011000011001101000111000110000011011110011011100001101111111011111110011110011010011101111111100011001000001111111
11100101011111011011111111101111101011111000011010110000001100110000010101001111010011100011111010101100010110111000110010101001111010101011111110110011101110101101111110110001111011010001100101101100010110011010011001010110001110110111001100011111010111
10001100001100000001100111001000000001011111011000011111101101111110110001100101010110001110000000000111000000001110011010101111110000000000011000011010101010101101010100011011001011011101110101101111010011011010111011000010100100000110011111010110000101
11100110111111111100110101111111111011000101001111011101000111110000011011101100010111100011111101101100011010111000110000000110011010110111001111011010101010101101010111010001100011010001000001000011010110010010110011011111101101111100110100000010111101
11101110011000011111100001111000000001110000011001010101101110100101000011001001110010110110001111000111111110001110011111110010111111100011111100001010100010101101010101010111111001010101011100011110010100110110110110000011000000110001100111011000000001
10001010111110110110111101001111101100011101001101000001101010001101011001101100011010100011100011101101101000111111010110100110001111111010110001101010101000101100010001010001011100011101111001110100110110100010010111101111011101100111101101001010110101
11101010101000110100010001101000001110111001101101111101101011111001011100101001010000110111001110101101101110001010000010110110111010010010011111100010111110000111011100011011010111001101000011010110110010101110110011000000011111110110101101011111111111
10000000001101100111011101001011101000010011000000001000001010100011110110101011111110110110011000000101101011100011111010100110011011000110110010111010011011011110011001111001010101011111111011000110100110000000110111101111110111010010101101000110011001
11101011100000001101001001101110001111000111111110100011100010111010100000000010101100100011011111110001100011111011111010110011001010010100011010110011011011001011011101101011010001011011011000010100110100111110100010101100110101010110001001011111000011
10001011001011101001101100101100101000010110000000110110001110111010111101011010101110111011010100000111110110000000000000011011011011110101110000000110000001011011010100101011000111011000000011111110110101100111111010000110100101010111101100001101101001
11011001101010001101000110101110111101010011111010110111101010101110110001110000101010000011000101010110110100111011111011111001010001100000111111110011111100001010010110101011110101001111111000011100000000001101100010111110101101000011000001111000111011
10001111111011100001110110001011111001011110001111100100000000100110011101000110000011111000011111110110110111110011101011010011000111110101101100000110110111011011000110101010100101100111000011110111011101111000111010110000100101011111111011001101100001
11011110111111111101010011101001101101110000111111111111011110101100110001110011101110101111010110100000110111011110101001011001011100000100100111110000110101000011011100101010101101101101101001100111010111001101100000011110101101011100110011101100110111
10010000001100001101010110101011001111111110101010011011110010101110011111111111101010101101010100101111100101010100000011010011011111110110101100110111110101110111010110101010100101101100111100110100000001100100101111001100001000000110111001001101110001
11111111100111100000000010101001100110010000001010111000111010100111010111011010101010101101000110000101110000010111111001010110010110111100100110000110100100110101010100101010101101100110010110100110110111001101111101011111100011111100001100011101010111
11101010101101001101011000101101110111011110100000101110000000001100000001010000000000000001011111110101011101000011010011000010110010101110101111110010110110000001010110101000001100001100110110110110010000011000110100000011111000111111011110110101010001
10000000000000011001010010000001000011011011111110100011111111101111111101011111010110111100000101010101011101111010011011111000010110100000101000111010100111111100000000000011111001011001100110100000111011110010110110111110100011100110001010010101000111
10111110101111001111011010101101111000011011111010101110000010100101100000000000010100100111011100000100000111100011011000111101110110111110001110011000101101010111111101111111011111011011110000111110101111011110000110110110001110101100111010110101011101
11110111111111011000001111111001000011011010100000101011101000101101111101111111111111110100000111110101011110111000001011100100110100001110111011000011101100000011111101101001001010011011011110101100000110001100111100110011101000000110001010100000000001
10000101000000001101101001011101110111110000001110101010111110001101011111010110110011000111101100100001011100111111101010110101100101111010110011111011001111111000000000101011011000110011011100001101101111011101100001100110000011111100111010101101111111
11110000011010101111111100000000100101111010111000101010001110100001010110000000011001110011001110111011110110100000000010000100110101011010111001110001101010001111111110101001011110111010010111101000111101000001111100001111110111011110011000101111010101
10111101001110111011010111101110110101011111111010000011011000101100000100101011001100011001100000110000100110101010111011010001100000011000101011011100101000101100110100101011001100101011010111000010010001101111011110111001010000000000110010000110000001
10000001101110011000000010101000000101010011101111111011011110111110110001101001100101111100101010011011101100111111101011110111111011111110100011010110101011111001110110101001100110101011010001101111000111000010010100001100000111101111100111110011011011
11111011111000111111111010111101110001010110000100000010000000110000111111101111110000110110111111011000101101110101000001100001010000101000111010000010101010110011000000001011110100000000000111000011111110011110110111011101110001111110111101100110001111
11011011011010001100001000001111111011010111110110101000110110100101100000000111111110000100010101011101100101100101111011001111011011101101100011111000000010100111101111100000000111111011110100010110110011000110110100000111100111011000011001110000111101
10000011001110111101100011011000000000010011010111111111111110101111001010101101111111110111000000010000110000110101011011100011000001100000111010011010111000001100111000001111111101000000111110110010010111011110010001101111001110001101111011000111100001
11110111100111110111111010001111011011010110000011011111000011101011101110101000110000000101111111011110111101100000000001001111101100111101100010111011100010100110011111101100111001011011101100110110110110001011011011111101101000111000101000011110101111
10111101110101000010011111100110010010000111111000001001111001101001111111111110100110110000000000000110011000110111101101011011111110011000111010101111111011110011010001001101101101111000000110010100110011011001011000010101000010001101101101111000000101
10011000100101111011010110110011111011110000011111101101101101111101011011011000110110111101111111110011001110111101001000010001100000111101101010100110011011011011011100011000000001101011011100111110010111011100010011010101010110111001101000000011111101
10111110110101100000000010100110001011111011110100000001000100110100000000001110011111101111001000000111011000011001111111010111111110010101100000001111001010000000010111000011111111100001110110011011000010010110110111110000011111101101101011111111011001
10011000000001111101111010110011101110000011000111011101110101100111111011011010111000000001101111110101001110110011011011000101011010110100110111011001101111111011110011111011100010111100110110111011011110110100000110111110111011000100100001110000011011
11001110111101010001100000000110101100101001110001111000000000110100001011001010101110111011001110000000011010011010010000010100011010000110011110001011100110010010111010101010110110110101100110110011001100110101110010100100001011011101101111011101011001
10011011110001000101001011010000000001111011100100101111111010110111100001100010000100100011011011101111001011011011011011011110110000111100111011011000110111011000000010100010010110110001110010111001011110100101011110110110111011010000000000000101111101
11011011011101111101101011110110110101010000001110000000011110110110001011111011110111111000000001111011101010010011001111001100011110000110110011001101110100011011111010111000110110111101011000011101001100101100000110110100110011000101011111101100110101
10001011011100111111001010000011111111011101101011101101001100000011101111011011100101100011111101010001101011010110011101101101010110111100110110011001100110111110111010011011110010011000011011110101011110101101111100110110100111101111000111111110110101
11100010000110100111111011101110001011000001101000000111011111111011001100010010110100101010010101011011101010000000110101101111010100110101100111001100110100110110101010111011011010111111011000110100001100001100000110010110101110100001111100010100000001
10001011110000101100111111111111101000011011111010101100001100000001011111011010000001111111010000000001000011111010000101100110000101100100110011011110000001110100000000101011011000010110000011100110111111100001111111010100001010101111101101110111011101
11111010111110001110101000111011000011011000111111111111011001101111111010000011111100110110000101011101110111011111110000110111010100110101100110000111111101010111010110000001001101110011111011001100010110001011101101010101100010101011000000110011001111
10110000101011100010101110000011010110011111101101011011011111001001101011111001101101110011111111111001100110000101111110100011110101100000001111010011010000010011111111111100011001010110101000011001110100111110001101010101110110000000011010011001011001
10000110100000001010100111111011111111010000000001011010000011101011001010000011000100011000000000101100110111110101011100111001100000111111011010011110010101000110101101010101111101010110000011111101010001101111011001010101011111110111111111110011010011
11010110001111101110101101000000101011011010110100000000111010100001101011101001110101111110101010000110000010000101010110110011101111100100011011001010111111110110001100010000110101010111110110110000000111101010011100000100001010110010000101011000000111
11111100101000000110101001011010000001111110111111111111100000111101100011111101100100110111111111110111111011110101010100000110000100110111001011101000101010000011101111010110110000000101100100011101010111000011010110110001011000100110111101001101110101
10001001111110110010101101111011011101101111101000000100111110100000111010111001110001100001010110100000000001010100000111110011011101110101101001001011100011110110101010010111111111011101110001001101010001101110010111111011111110001110010101011100010001
11100011011011111000000001101111110001001001101111110101100000101010011000001100011100111101000110110111111100000001110011100110010101010101001101011000111011000000001011010001010100001001010111100111110111101010110000110000101111100011010100000001111101
10110110000000000011111101100110111101101011001001000000111110111111011110101111010101100101110100110100010001010101111010110111000101010101100101010011101001111010101011010111000101100011010000111110100011000000011011111010001010001110010101111111001111
10000111101011010111100001101100001100001011101101111110100000010110010111101000000000001101110101111111011011111111011010100011110101010100110100010110001101101110101010010101011111110110010111111000110111101011110000110011111011101111010100011001011011
11110100001011010100001101000101111001101010101001010000001111010011010011001111110110100101010000001100011110001011000010001110000100010101100110110011100001101100111011010101000110110111010000101110100110111000011011111001101010101011000001011011010001
10000111011010011110101101110101010011101000001101011111011011010110000110011000111111110001011101111001010111101011111011100111110111010100110000000110110100000110011010000001011110000001010111100100110110110011010010011100101010101010011111111000010111
10101100010010111000101001010101011111000011101101011001110000000000110011011110101101011101011001101111010000000001101011110001100000000110011110111100111111101111011011011101001011110100010010101101100110100111111010110101101010101011010111001011110011
11111111011011101111111100000000001100011010000001000011000111011101111011010100000000010100000011100110011111111100000000111011110111011100110100100110101011001100011011111101011010111111000110101101001110110010110000110100000000101011010101101000111001
11100000011111001011010111111110111111111011101100011001111111011001000000010110101101000111111010110111001100000001111101100001011100010101110110001100001001100111010001100000011010101011011110101100011010100110111110010101111111100001010000101011101011
10111011110101100001010000010100001001101111111111011101000001111111111011010110101001010000000010000101100110101101000000001100011111010101010011011001100011001110010111111111011010101010000000100111000000110110011010110100111010101111010111101010000001
10101111100001101101011101000111100011000110000001110000010100001010000010000011111111111011111011110100001111111111110110101110110110000001010110001111111011100011000011011011011010101010111110101101011111100000110000000001101010000111010000000000111011
10101100001101111000000001010011001111010011111100010101110111101011010111101011010010000010000000000111100111010011000100111000010100111011000111100110000010101111111011011000010000101010110111101101010110111101100111111111100000111100000101111101111011
10000111111000011111111111111001100101111001100001111111111100000011111101111000011011101111011111101110110010011001101110111011010111110001101100110011111000000110000011011101010110001010100101000001010000011000110101110000110101100110111111111111101001
10110100011111010101011001101100001100101101111011011010001111111000101000010011110010111100010000000000111011010011111000100010000011011101100110111001011110110011111011001111011111100000101101111100000111111101110000000111100111101100111001000010101101
11110111000000000000001011000001100110001101000011001011100010111110001111011001011010110111111111111101100000011011011111110111110111010000110110011011010011100110111000011011011011111011100101011001111100101001100111111100110110001110101011011110001111
10000000011011011110100000010100110011100101111001101001111000001011101011011011011000000101101001101000111111010000010111111111000101011110100111011000011001110110001111000011010000111011001101011100101101100011110000001101100011100000000000000110111001
11110101111111111111110101110111111010110100101101001101001111100000001010000010001011010000000011001110110101011011110000101010010101010100101100001011111011000110111101111001011110100001100100010110000000001110110111111100110111001110111010111100010011
11011111111110000001011111000100001010110110001101100000011010111111100000111010111111111011111000011100000000010000111010001010110000010110100101111001101001110100110101010011011000111100001101110110111111100110110010110101100010011111111111100001000111
10011010011011111100000011110101100000000011101000111111010000000000001010100000000110101110101111010111111111011101101111100011100110110110110001011101000011000001110000011011011110110101111000110010001011111110100110100000111000111001100100001111111101
11000010110001101111111001011111111111101111101110101010000101010111111111111011101100100100001110010101001100010101100101111001001100010110110111001101011111111011011111011000001010000000110011111011011000110100110100001111101011101101101101100011111001
11111010011100000011101101011010101110001010100000000000110111111111110101010010000110110111100011010101011101000000110100011101111111000000000001100000001001101001010110011110100011111011111000011011001101100110010101101011000000000000000000101001000011
11110000111110101000101000000000000011101010111101111010110100000000000000000111110110110110101110000101010111111101100111000000000000011011111011001101011011000011010111001011110110000011011011110001100100110011010000111011110111110101111011111100011111
11010110010011111110101111010101011000000000000001000011111110111111111110101100000000000010000111110101010110000000110110011011010111001110010011011111110011111001010101100011000100111001010000110111110101100110000111110010110000011111101111010111001101
10011110110111011000000000011111110011010101011101110111101111110111111111111111111010111011101101000001010011111110100111111111111100011111010110010001111001100011010100001111110111110011010111100011110000110111010100011010000110111011000100000001100001
11011000010110000011110110111010111111111111111101100100100101000100000000000010000011100000001101111100000110101100001101110000101111010000000000110111001101111011010110101100100101100110010110111001100101100001110101110010111111100001011101011111111111
10011111010111101110000100110000011101101010110001101110101101110111111011101011111111001101100000111110110000001001101101011110100111111011110111110101011100111011010111100110110101110011000110101100101111101111100000011010000101101111011001110011011101
11000000010011111100101111111111010001000000011111111100000101010110011110111000010000011111110110000000011111101111000101010000001100101010010011100000001001101011010011001110000101011011110100000110100110100011001010110010111101100000001100000111000101
11101111010110010101111011000000011101101111011001100111110101000011001110011111000101011010111111010101011000100111110000011110100001101111010110111111011011101010011011011011110100011010110111011110101100110110011111110110011000101111100001111101011101
10111100010111010111111011101011001000111100001011110100000101101110011011010111111111111000000000011101011110110101111111010011110100101101000100011010011011000010110011001001010001110010000111001100000001100011001101100100110011100000111100110100001001
10110111000001000010100000111111101101111001101010100111110000000100110000000000000011001010101111111111110110100000000011010111111110101000010101110010111011111010011011100011011101011011011100011001111011001001100100110110011000001111111111100001100011
10010000011101111010110111100101000000101111000000001101011111110110111111010101111011101111111110000010100000111111111011010100101010101111110100011000110001100010111000101110011001010011001111011011111111101111001101100110110011011010000111001111101001
11010101010000110010000010110000011010000110010111100000000000000000000111111111100000000101100000101000111110011111110000010110000000000000110101111110100111111000010011100010111101010111011000001010000101100110011000110110110111110000110000011110111111
10011101111110111011111010100110110011101111111100001010110110111101010101101010110101110000111010101110111111000000000111010111111110111110000000110010101110101111000110101110010101000101001111011010111101101111001101100000010101100101111101000000010101
11001111000000000011010000101111111011001001110001111111111111100001110000000000000111111101101111111000100000011011110100000011010111111000111010011010101010000100011110100110110001110101011010000010000001100101100001101111110000001111111111010111110001
11100000011010101000010111111101011111101011011111111101101011111101111010111101101110000000001101111110001110111010000101101000000000001111111111010010100011110111001010110010011101010101011011011110111111101101110111000000010111111010110111110110110111
10001011011111111101000101010100000100000001010110001000000010100001001111111000111011101111101100100111101000101111011111111111111111100110001111011000001110000011011010110110110101010101001010000000000110001101000111101111000000000000010101111110000011
11011110001110000001110101010111110111111101010111100010101000001101100101001111111000111110000001101100001110100011111111111000001001110100101010000010101011111011001010110000110100010101100011011101111111100001101100101001010110101011110000001100101001
11111000111011111111000101010110100111011001010010111110101101111111110101101001101110000000110100000001101100110110000101101111101011010111101011111011111011011000011000111110000111010001110111010111101111110111000110100011011111111001110111111110111101
10101011110000101010010000010110110100011100011000000000101111100000100000000011000011111111110101011011001001100111110100100010000000000011000010001001010010001101000011101011011100010100100001000010000110110101011100001111000000111111010101101010010111
10101111011110101000111011010100100111010110111111111110111010101010111111011011111011010111000111110011111111110011010110101000111111110111111011101011011011011111101110100011000110111110001111011010111110110100000001011110011111101101010100000000110001
10000101010100000010101110010110110000010000010110001111110000111110101101111010011010000001111111111001010000010110010110111111100011000110100010000010000010001011000110111001101100011011011110011110011010000101111011011011111111001100000101111010100101
11110000000001110110001111010110111111000101000000111001100110010100100000101011010011111100000001011101000101000011000000011011101011110110111011111011111010111001101110011011001001110000010010110100111011110000001111110001100001100001010000001010001111
10011011111101000111111000000000001111101111101110101101111111010110101010000011011000110001010100010111011111101001111111011010111010110110000001100011010000011011001011010001101101011111000110000001110001100101100110010111101111101111111111111111101011
10110011100111110100110011111011100000001010111110000000000000000110111111111010001110011111111111010001111010111100000000000010110000000011111100111010011010110011101011011011000101001101110010101100011101001100111100110010101011000001111100001111111001
10011110110110111101100111000011101011111000010011111111111111110000001101111011101011011100101001010111100000000001101010111010100110111000111110000000110011111001100011010001110101011101100110111111110000011111111101110110000001101111010101111010111011
11000000110110101100111110011110101110000011010110101101101101111111011100000001100000000110101101010110110101111111001011100000001111111110000000101010000111101011111010000111000000010101001110110110011110110011100000000000101100000001010000010000000001
11111110000000000110001011111110111111111010000000000000001000000101010110101100111111110010000000000110111101000000011110001011111100000000101111111011010010101010101000111101111011110101011000110010110100000110101111111111111101011111000101010111111111
10001100111110101100100000000000011001110010111011111111101111110000000111111110100001111000101011101110001111111011111111111110000101111010111101100010011000101010101110011000000010100000001110011010110101110110101000000000000111000000010111000000110111
11101001100000100001111111101111000011011011111111010100000110111111110011010010111101001110111110001010100110111110101011000100110001111111110100001111110010101010101100111111111000101111111100111010110000010000000011110101111111111010111111010110000001
10000011111111110111000000001101101000011010000100010111110000000000000111011000110001101110100111101011110000000100001000010001100101001100000001111100000110000010001110011001111110001100010110101000011011110101101011111111111100001111101101111111011101
11010110000000000111111111101100111111001111110001000001011110110101110010001110011101001011110101000011011010110001101111111100111111101111011111100001010100101010111011001011001000111101110010100011000000011101101000011011000001100101000101111111111111
11111111111111101101011000111110111001100110111111010100000111100111111011100011010101100011010101101110011111111111101100110111101010001011111010001111111111111010101011100001101110100001011010001011101111111100101111000000010101111101011101010110100001
10000000000000001000000010010110101101110110100000010110110011111111000000001000000000111010000000000011010101000110001110000011000000100000101011011010011111011000101001111011100110001111000000111001100111010110100011011010111100000000000000000000001111
10111101111111111101011111000100001001000010001010111111110110011101111111111111011110011011111111101110010101010011101011111011010110110110000011111000110100000010001011000010110100100101011101111101110000000011110110001110001101010101010111111111111111
11111001110000000111111101010111101101111011011111101011010100110000001110111011110111011011100000101111010101011000001011000001111100011111111000110010110001111111011011111010110101111100001111101100110101011001011111111111011001111111010000000000000001
11000011011111110000000001110000000101111001111101001010000001100110100000000000000100001000111110101011000101111010100001111011001111110000011110111110110111000100001001100000000001001110111000001101100101001011011010111011111100000001011011111011111011
10010110000000000110110100111111110000000011001001100000101100001100110101011011110001101101101100001011110100110011111100001001100101100111001110101100011111110001101100111101111011011000001011111000101101011110000000001000001110101111111000001111111111
11111111111111111110100110011010000110111001101101110111111001011110011111111110000101100001001111101010100001100110011111100011110100111101011000001110111000000101101101101111000001011011111000011111111111000000101011100010101011100000110010100000000101
11101011100000111011111111010011011111111100001101010100011101000111010000110100110101111101011000100000110100111111000000001001100001101000000011101010101111101101001100101011111011010000000011110110111001111101111011111111100000101110110111101111010001
10101010111101101000111000011011010011100001101101011111000001111101111110000001100111010101001110111011111101101001111111111101111011000011110111100000001111111111100110000000011011000111011001100000101011111100001000000101111101100110010000100001110111
10000000100001101101101111000001111010111111101101001011111101101000101011111100110110000000011000000001101000101011010000010101010011111110000100001101100000110110110011111111010000011110011100101110000000000101011101111100011100101100110110110100011101
11111110111101100001000000011101100010001010101000011000000001101110100000110110011110101101000010110100101110101011000111010101011010101111110111101111111110100000110110000000010111110011000110000011101111111111110111101001000111111110111100010110111001
11010100101001111101111111111000111011100000001111001111111111101000001101100110111011111001011010110110001100001001111101000000000010100000000111111011011110110110000011111101000010100111111100101111000011011010100010000011011111011010011110110010000011
10000110101101011000101101101101101010111111101101100011110010101111011000110000100011010011010010110100100111101011011000011111111010111111101100110000010010111111110110110111111000001100000111111001011000000010101110110111000000000011110110110110110111
11110100000000011010000000000001001000000001101101001110000110000111111110011101101010000110011011100111110010100000000010110000000000000000000110000111011010101000000000010110110010101101111100000011111101111000000000111110010111111111000010010010010001
11010111101011001111111111101101101101011100101001101100110011110100101011001111111000110011010000111111011000001110101010100101101011011011011111111100000000000011010111000010000110101000000001111110101111101111101110001011111111100000010110110110110101
10000010111111100111010101111001100111111110101011001111111000100110101011101010110010100111111011100000001101101100101010101111001010010011111101101001101010101110010100011000101111100011111101110100000010000001100110100000101000001110110011110011100101
11111000110110110010000000011100001110100010100001101011011110110100000000000000000111110110001000111111100001101101111111111000011011111110100000000011111011111100111110111110100001111000000100000001111110111111110011101111100010111111111001011001101101
11011101110110011011111111000111011010111000001101001011010000000111111101111101101100000011101111100010110101101000110101011101011010000000101010101011000011000001100010110000110100011101010101111111111000000011011011000011001011101011011111011111111111
10000101100011000001100000010000000010111111111101011001011111110000000001000001101001111010000000001010011100101101100000000101011011110110111111111011111111111111111000011010110101010111111111001110000011011110001111101000011011000000000000000100001011
10110000001001111100001111111111011010101110000000011011011001000101101101110101111011000011111111111011011001101111001011110001111110011100010100000010010111011110101101001110010101000011001010011010111110000000100110001010111111011111101011010001111001
11111010111101000111111111110100011000000000101101000000011101110111101001100111000001110111100011110000000011111000011010000100010111000001000111101011000010000000001111011000111101011001101010110000000010101101110011101111101110000000101001010100011011
10000011100001110100100000000001111111011011111111101011001001111110001100110110010111011110111010000110111001100010110011110101110001111101110001001011111000101101100000001110111111111100000000000101111111111111111001111101100000111111111011011110110001
10110111111101110110111011010111100000011011000100001111101100000011011111100011010110000000000000101100100011001010011010000101100100000001000100011010110010101001001010101000010110110110101101111100000001110000101111010100001110000000111110011100000111
10100100000001000000101111111110111101110011110001101000000001011000010100001011010111111110111011101101101001111011111111110100111111110111010101011110011011101011101011111101000000000110111000000111011100100111100111000001100111011110000111110111101111
10110111011100010110101101101010110000011010110101101111110101010011010001011001111101011000110011100111101100110011000000000111111000000100011111010111000000111110111000110001010110111100001101010001000110001101101101011101111100011111111100100001111001
11111101110001011100001000000000000110111110000101111000000101011001111011001100110000000010111110001110000110011001111111010100001101101110111111110100010110100000000010110101010100000101011001010111010110100101100000000111000111000001010110101111000011
11111000111011011110100011111011101100010111101111011111101101010011000001101101111111110111101111111011010110111111111111111101100000111111110101110111010011111110111010011101111110111111110011010001011111110001001101011110011101101100000010000000011111
10110010000011010011111111111110000111110010001000000000001101110111110111101101000000000101000001000011010010100110000001111111110101110101000001000000011010000000110011110000101000010110110110011011001011100100011111111011000000100111111110111111110001
10100111010111111011110110001100101100011011111111011111011100111110100110001101111111101101111101101000011010110100101101010110111111000000011100011011001010101101111001100101100011000000010011001001100000110110111001110000011011101111011000111011011011
10111101111101001010100111101001101101000000000011111000011001101000001111011111100011111000000000001101001111100111111000000010101011111101111001110011011010101111011011110101001010010101011010011011111111111111101011011011111110111001001110001001001011
10110001000001100010110000000011000101011111111010100010111101100010101100011010111000000010111101011001100000110001011101101000000001101001100011000111111111111010000000110111101110110101001011001000001101101100000001000010110110010011011010111011011001
10111101111100111010100101010111110111010000000000001010001101001010100110110000100011011011100001011100110111100100000111101101111101000011110110011100101111010011111011100110000010010101111111011101100000101001010100011000000010110110000000000000000011
10001100010001110000001111010110000100010101101110101010111001101011101111110110001111010010001101010001100110001110110000001111100000011010000111111110101010011010100000110111011010110100011000001111110110000011010101001111010110100000101010101111101111
11011111011101011010111000010110101101011101111000111110011011001001101101000111011100010111101101010111111111011000100101111010111110110011111101100100000011000000001011100001111010011101011010100000110111010111110101100001010000001110101110100000100001
10011010000000000010111011010111101001110001010010110000110011101011111101101101110001011101100111110100000000011010110111110000000000011110000000110111011000010101011001101011000011001111111010110110110011010000011101101011010110100010100011101101111011
11000000111111110111100010011101001101111111000110100101100110001011000000001100000101011000001110110111011111011111111100000110111010111111011110100000010011010101001101101001111011100010101111110110110110010111110000101110010010110111111001111111011111
10011010111100000000110111011000011111010110010100110100110110101011111101111110101111111010101000000100011000000101111111111111111011100000010000001011010110010101011000101101000001101110000110000010110011010111011101111111011111110000011100110110001101
11011111100001010111100011110011011011010000110101110110110100101110001111100111111100000011101010110110111110101100110101111010000011001101111111011010010100110111110010100111101011000000111111011010010111110000000100000011000000010101001110000000111001
11110000001011010001111110000111110000000101110101000100011101101111101010110101110101010110001111100110100000111110100000000000101011111111101111011010110101100000111110101100111001110110011100001110110000111101101101011001111011010101100110101110011011
10110111101111111011000000101100100110101111000111110110110000111010100000000000100001011100111101001100111010011010111110111101101010000000000000011010010111001101100000100110100011000010110111100111111010011000101001001100001110011100111100100011010001
10011110000011000011010101100110001100100111110011000110100110100000001111111110001101110001111000011001100011110000000000100000111011111111111011001011010100011000101101101100001001101011110101110000011111001011111101101101111111111110000110111111000101
11011000110110010111011111001111100110111100100110010100101111111111011000000100111101100101000010111101101110000110111011101010100011100000000001101110010101010010101001001101101101101000000000010101000001111001011001100100111010000010101100000110010101
10001110100011011100011000011101001111111110001111010110101101010000011011010001100001101111110110100111111111010100111111111110110110001110110111001000110101111011111011100101001101001010110110111101110100001101011111110110001000110111100110101100110101
10100000110110011001110010110100011011100000100011010111111100000110110011111101111101001100000100101100000000011110100000010111111100101000100001111110010111110000110011001111101101101010100011111111100110111000000110110100111011100000110110100101111101
11110110100011001101100110110001011000111101101110011100010110101100011010000000011001101001101111100001111011011000101011000001011110111010110111100000111110000101100111100110000101101011110111010000110100001101110000011110000000110111100111101111001101
10000011110110011111101100111011111110000001000011011101000000111101010011110110111101001111001010001011000011011010111110011100000010111011100011001011101000101100110001110011101111001000110010000110011110101100010111000110101011100001111101100000011001
11111110000111001010001111101110000000110101010111110111101101100001111110111110000111100111011011111111101010001011110100111111111000100010001011111000101010100110111011000110001010011011111000110111111010111101010011101100101011101011011000110110111101
11100000110001100011101000000000101010110111110100000000001100111101100000000000111111001101111010110101111111011111000001100111110010101111011010000010001111101100011011101100100011011011000011111101010010110001010110111001101000101000000010010011110101
10001110100100110111001111111110101011100110000101101010111001100000111110101010001101111100000000000000000000010110010101110000000111101000001111111011011000001101011001100110101011111001101000101000000111111011110000001111111101111010101110111000000101
10101000110101100110011101100000101011110111010111001111111100111111100111111011111000011001101101111101111111010011110101000110110110001011011101000011011111101101011100101100101010000011001110000011010001011000110111100110110111011011100110001101101111
11111101111101101100111000001110101010000011010001101000000001111111110101111011101111011101100111111111101111111000011111110100011110101010011000010110010000000101000101111001111111011001101000101110010101001010110000110000000000001000101111101111000011
11010001100000101101100010101000101111110110011011111101011111100000000000101010000000000001001110000000000000001101111010000111010000101111011101010111011011010111101111110011000000001101101110100011010100011111100101111101101010101011100011000001101001
10011011101010111101001111111110111101110011010011000001011000111111111010000011101101101011101000111110101111101101010000110110011111101100001101011100011001110100000001100111111111011111111000101110010110110101001100000100101111111000111111010100101011
11010010001010010101101100000110110000010111111010011011110010000000000010101111101000111111111110111011101000000000011101111100110000000110100101001101001101100110101011110001010000000011000011100011011100000001100110111111100011011010011001110101101001
10000111011111000111111111110000110101000000001111010010111111011110111010111100001101111101000000100001001010110111011111011001111111110111101111011001011101110110101011000111011110101001111010001111111110101111110010101011111000001111000011100111111011
11010101010000011110110000000101100111101101011000011110001101110000001111100001111101001000010101101101111111111101000000011111100000000100000011111111010111000100111001010011000111101101000010100000010111100000010110000000111110111110011000110000001001
10011100011110110000000101111100110110000101111111011111101100000101011000001011000001100010111111001000010100001000011111000000001010101101101110110000000111011101100011110111110000000111101010101011000000101110110110110110100010000011001011111111101111
10111001010000111110101111000001111111101111101000010011101111110111011101011001101011101010101000011111010111100011010011111101101010101101001010011111101101111000110110000110110111101100001011101001110111100011111100111110001011011001011111100000100111
10110011010110000111111011111011101000000010101111111000000000000110001111111111001110111010100010111110000000001110011000001001101010111111100000110000000001100010011111010110000110000110101110001100110000101000001101101011011010011101110110001111111101
10011110010100110100000000000011000010101110101101101111111111010111011000000001101000000011101111101000101111111111110010100011001011110110101010110101011011001011011101110111010011101100101100101101111010101101011000000001001011001111100000100000001101
10111111011111111111101101101111101110101110101001000000000000010011111101010100001101101010001101000010101000011011111011111001111001100100001010110101010001011001110000000011110110001101101110101001101111101101011110110111111111100000001010101111111101
10110000001011101011101101101100000011111000101101111111111010110110111111111110100101001110111001111111111111000000000011000011000011110001101010010101010101011111000110101010000011100111000010101100000001100101001100010000010001101101011010100000110001
11111101011000000000001100111110101111011110000001100011111010111110011010011011101111101000011100001101111000011010101010010110011001100100111110111101010101000011011111101011010110110110010110111101010111001101100101110101000111001101111010101111110101
10001111111111010111011110011010101000000000101101111000000011100000110010110011111011001111110111100000100010110010111011011100111100111101100000001101110101010110001100001111110110000110110010110001110111111111001101111111010001101000101111100000000101
11101011101010011100000011010010111111101011111101011110111011111110011000011000011011101001100111001110111110011111111111110001100001100000110110101101100111010011011001100110000010101100011010110100110000000111101000011001011111111010000011001011011101
10000001000000110001011111011000110000001011100000000000111010101111011111011111011010111100110101111110000000110000000110111100110100110110110110101101110011010110011101110011011010101110110011110101111010110000111011000011111000001011101111101111111111
11010100011110110101001100011101111011101110101101010111101110000000001010001101010000011001100000100011111010011111110000000001111110110110111111101100010111010011001111000110001010100010111001100101011010111011111011011110101011111011000001111110100001
10010111110000010101011101010000001110111100000111010111000111111111100000100101011110111100111110111011100010110111110111101100001100100100101000000110110101111011100001110111111011110111101100110100011010001000001011011110100000011010010111010000001111
10110100000101011101010111111111111100000001101100011100010000000101001110110001010100011001100010110000001010100000011110001101011101110101100011010110110000110010001100110100000001100000000110011101011010111101011111000000001011111111010000010101101111
10110111101101011001110110101010111001111111001001111110111011010000011000011100000001001100111000000101101111111111011011101111011001000101001011011100110111111011100101100110101011001010110111001101011010110101000001111011011000100011011011000101100001
10011100000111110011000000100010101111010000011011000000011110010110110011111001101111101110101111011111001101011000000000000011001101010111101110000101100000001011001100110010111110011011100001111101011010000101110111000001111110001111110001101111101111
11000111101100000111111010001000000110000111111011010101110000111110111111101111111110100000000000000110011000000011010101010110011001110001100111010111001010111111100111110111110100110000101011000001001110101101000111101100000111111101111111101100000001
11101100000101101101101111111111010000101100000010010111000110100000100000001110110000001111111101011111001110110111110101111100110011111011001100010100011010000111110001100011000001100101111011101011011000111101010000111110110001000000000000111101010101
10001001010111001000000000010111111010111001111011010111110100101101111111011010000110101100000001111011101000011100000100001110100110000011011110111110111110110011000101001010010100110101100010001001010010000111110110010111100100010110101110000101111111
11011011011111101010111111010000000011111101100011111101111110111111000000000000101111111101010101100000101010111111110101011000110111101010000110101011101110111111110111101011011101111111110110101101111010101110100111000000101110110110100010101100011001
11111110011000001010100000000101010110000000101010000000001011110111111111011011111100000001011101111010001011110100000111001010110011001111011111100000000000000001100110001011011000000000110011101101101110100000110001011101101100110110101011101001000011
10100000111111101011101010101111111111110110101111111111100001100000000000010001100110111011110000111011101011100001010001011110111001101100011101101011011010101011101100101010001101101111111011001101000000101011110111000100100110010100111111111011010111
10001110111111001010001111101010110001100011111110000000001100111110110111010100110011100000010111100011001110001111010101011000011011000111000000111010010010101011001001111111011001100000110001101111011011111001100011101101101110111110000000001110011101
10101000011000011110101000001000011101111110011011111010111110000000100100010101111001101010111100001111101100111100010101110011010001101111101101110011010111101011011011010110001111001011100100111000010000001011110110100100101000001100101010100011000003
11111111110010110111111111111111001100101011010001111111110000111011111110110100101100001011100001011000000111100001010100111001111011001100001100011001010011001001011011000111100011101110001110110011010101011001100000101101101010100111111111101011010111
10000001011111110011111000010111101110101010011100001101011101111111111010111111101110101111111111011011111101111101010110001101100011011111011101011011011001101011001010010000001000100011100110100110010101011100111101111101101010110011010000101111110001
11111101010101011010101111000000000100000010110110100001000001100100100000001100000000100110110110011111111000000001010011011000101011001100000101011001011101101111011011010101101011101110001111110011111101000110001100010111111110011000000101111111111101
11000001010101010000101111011111110111111010110011111100010100110110101011111111011111110110000000110000000011110101010110001111101001100110101111001101001101001110011001111100101001111100100000111011000001010010111101000010001100111110111111011011011111
10011100000001011110101001110000000111000000011011011001011101100000001110001100011001011100110101111110111010000101111110100000111011001111101011011001011001100011011111101001111011010110101101101111110101110111111001011000111111100110000000011000000011
11110110111100001100001101111110110101110101000000001111001111001111111100100101011100001111100111101111111111010100101100101011111001100110001000001111001101001001110101000011000000000011101101000000000100010101000011110010000000001110101101001011101001
10000100100001100110100001011000100000011101010110100111100111101000000001110111110111100011111110000000000000010110000110101010000011001111111010100011011111011101100000010111110101110111000111111101010101110101111010111011011010100010100101100001111011
11110111101101110000111100011111111111001111011110110001111101111111101101000010100001001000001100101011101011011110101100101111010111101100000010111111111011001101001111010101000100110110010100000001111100110001111000011001011111101110101100110100011111
11010001111001010101100111001011011101100011111011111011010101010111000111011010111101101101100101111110001011111010111110101101010011000110110110000010110000011001101000010001101101100011011111010100110001100100001101111101000000100111111111110101000101
10000111001111011111110001101000000000111001100001010000000000000000010111111010111000001000110000110100101010100000000110101000010111101100111100101010011111011011111010110111001100110111001100011110110101101110101100011111101010110000000110000111010001
11101111011000010000011100000011111010011101111011011111111101011111111101100010000010101010100101100001101110001010111100111101010001101110100001111000110000011110000010110011100101100110011111011000110101000110100111001010111110010101101111010001011011
10000101001111011111001111111111111111001000110010010110101111111101111000111000101010111111111101001011111110101010001111110001010111111011101101011010010101001100101010011001101101101111001100011101110111101110110001100000001100110111111001010101110001
10110000011000010101101010000000000001100010011011000000001010110000010010000010101011110101100001111010110000101110111010000101010011010000001000001110111111011110101010111101101101100011100110110000011111000011100101101101111111100000000011010100110101
11100101001111010001101011101111010111001111000000010101101010111111011111010111101111100000001101000010000110111000000011011101010110000101101010101100001100000110101010110000100101110110001111111101011000011000110111001000000111001101011011011110110101
11001101100101011100000000111011110101111001101110110111101000101100011110010100001000111110101101010111010110011010101011110001111111011101111010100101011111011100101110111101110101010110101101100001001101001101100011101101010001111111111111110000110101
10011111110000011111101010010001100101111100001111111110000010000001000000111110101110000000101001010101010110111110111000011111000000001101000010110101010100011111101000011101010111000110101100001011011111011111001000101001010100001010101101111101100101
11111111000101000000001111000101110101000001101000011011011110110101011010001011111000101010111111011100010100110100001010110000010101011001010111100101000111000000101110110000010001110110100110101001110111000110011011111101010110100000000000011000101101
10001100011111101011011001101100000000010101101011011011111100110101010010111000000010111010110000011001010110110001011010011110110111011011110000111111011100011011111111111010110111000010110100101011000000010110111011010111010011101110111110111011101111
10100001111000001111111101111001111111110111111110000010110110110101111010111101011011100011111101110011110110110101001010110000110011010010000101111011011001010001011000000010110110010110011101101111111101011100110000010111011000100010000111110000111001
11110111101110101100101101011111011000000011000000111000000000111100011010101111110010001011000000111001100110110101011111111111110110011011010111000000001101010101001111010110010110110111110001100110100001011101100101000001001101110110111101011011110011
11100100000000100110000101000011000011111001110111111011010110001101111111101010100110101001101101101111101100010111010101001111000011010001110111110101011001111101100000010110111110100000010101001100001011000101001101010101101101011110000000001011011001
10001111111110111110110001111000010110000011000110000001110110100111101101000000001111111111111001100101000110111110000001100000010110011011000001100101001011100001101010110110100011110101011111100110101011101111100111010111111000000011101010101000000011
11011000000000011011100100000011010110101001011100101011000010111110000001101110101000000101010011110000011100101000101011101011010011010010011011001101101111001011001010011100001000110101110000001111101010000010110001010001100010101001101111101010101111
10001101110110110011111111111010010110101101111110101001101010011000110100000110111101010000000111000101000110100010111110001110010110011111001110011111001110011001011011010001011101100100011101011000001111011000110101010111111011111101100011001110100011
10111111100011111010101011110010110100101000110000111011001011001101111101011100001111011111011100010111010110101010010111011111011110110000011000111111101000111101110011010111010111110101010001001111101100011101100101010001010000001101111111100011101001
11111000111111010000001000000110011110111101111110100011101001101111011001111110111010010000011001110111011100111011000001110000001010111101011110001100001110001101000111111100000000110101011011100110001111001100101101110100010101101101000011001000101111
11101110111010000110100010101110110000111111011000101001111111111000000011110111101000111011010011000100000110100011011100110101011000011111001100111101101100101001101111110001011110010111011001110011011000011001100100110101110101001000011111101110100001
10000100000000101111110111100011111111101100000010111011010110011111101011000011101111110001111111110110101100101010000101110101001010110000011110011001101110101011000011000101000011111110011011010110011010111101110101100100011111101101010001100110101101
11110110101110100110000011111000101111101111110110110011000000110001101111111010101101011011111101010110111110111010111111000111101110011101010000111101101000101111101110010101101000001011111010000011001010011000011100110101111110101001000111110011100101
10000000101000110111010110100010100000000100000110011011101110111100000110100000000000000011010000000100001010100010000001011110001000110001111101110000111110100101111100110101001011011010100010110111101011011011011001110100000100101101010110111000110101
11111110111101111101011100001010101110110001010011010010001000001111011110111010110110111111000111101101111011111011010101011000101110010100110000011101100000111100000001100101101011001000111111110001111011001110001101100101010001101101010000001101100101
11100000011001100000010001101110111100111011010110011011101110100000011100011011100110100000010100001100000001100011011101011110101000111110011011000111110111100001111100110111001011100011110000000100001001100011101001101101011011101101110111111111001101
10001111011011111110111011101100110001100010010111111110000011110101010001000001101111111011011110101101010100111001011001110000101101101011111011011111110110001111110001110100011000101000011110101101101011001000101011001101110000100111100000000001011001
10101000001111010110110010001110011111111011010001101000101010000111111111010111111101100001111000101101010111110011011111111010111111101010000011000001100011101100000100011110111101101011011000100100111111101011111001101100011101110011001010101011011101
11111111011100000000011010100011110110001110010101000010101011011110101110011110110100110111000010100111010001100111110000000010001100000000101001101011110110001001110101011000011001101011001111101101100000001000011011001101000100011111101111111111110101
11010000011001111010111011110110000011101111111111111011101010011000000011010000000110110001101010101100011011110100011101011010101101010101101100101011000110101101000101011101111101111010011000000111110110101111010001101001101111001100000000010000010111
10000101001101000010001110000100101000001001111100100010001111111111101000010101110000000101101110100111011011110001001101010010100111110101101110111110011100101001110111000100110000011111001110110011000100100011110111101100100001011001101011110111110111
10110111100101111010101111101111101010100011010110111111111101101100001101111111111011101111101000101110011001100101011001011010101100000101101000110111001110101111000011101110010101110001100110100111101110111010010100000110101011001101001001100000110001
10100110001101100010111011001011101010110110000110100101110000000001101111000000001011000110001010100011011111110101001101001110100111110101101110000011011000101100011010100011010100100111110111110011001000001000110101011100101001011001101100001011100101
10101110100111111011100001101000001011100011101100110000000101101101001000011110100001101110101010101110000011000111101101011000111110000100111110110111111010101001001110001011111110001110100101000111101110111101110111000110111101001101000110111000001111
10101000110111000001101101111110111001111000000110100101101111111101111110110000110111001100101011101100110110010010101101111110001100101101100000110101000010111101100011011001101100100000101101101101101000001101100110010100001111111101101110011011100001
11111111100001011111111100111000110011011111010000001101000110000111110000011010100001100110111010000101110010110110111111110000111001101101001110010001011010001111101110001100000110101101111000000001111101011000110110111101100010111000100011110011101011
11110000001011111110110110101111100111010111011010101111010111010011011110111110101011001100011011101101000111100000011000000101100011000111111110111011110010111010000011101001010100101101010010101100011001011110010100001100101000001101101001111000111001
10100110101111100000100000000000001110000000010010100001011101011001000000110000101011011001011011001101010011001101011101010101101001110011010000011010110110100000101001101011010110100100011011100110111101110110111110101001111110111000111100011011111101
10001100100101001010001011010101011010111110110110101011110000011100011101111101101010001101011001101001011001101101010101010101101100110110000110111010100010110101101011111011010110101110110010001100101101110110011100101011100000011010001101011000000111
10100110111100011110111010011101111000111000110100111000110101010110110000011101111010101101011011101101110011100101010001010100101001100110110110100000110110100111101001100011110110101100010110100110000100000010110001101110110101110010111001110010110001
10110111111111011000011011010001000011100010110110011010100101110100111101110001000011111001001110001101000110001101010101011110101100110110110100101101100010110100001011111000111111101101110110101100101111011110110101101110111100011010001100111110011011
10111100000000001101111111111101101011001010100110110011101111110001101001000101101011000011011000101111110111100101010101000110111110110110010110101000111111111111101110111011101101111000010100101110100110000010010101000000001101111110111110000110111001
11100001011011101101001110000000111001101010101100011000111011011101000011101101001001101011001110100110000011001101110101101100001100110100111100101010000011000000000110000000000000111110110110111010110010110111111111011101011100011000001100111110101011
10001011010001101111100011111111100011001010111110110010100000000111110110001101111011001110011000101111111001100101100111000110111111110110000110111010101001111010101100111010101010000010111100100000010110010101110000000111011001011010111110000010001001
11111110011100101000001001101000001001111010100000011110110110110110000011011001000001100111011010111001000011111101110001010100011000000011010100110010111101010010100110100011111110111110101001110101011100110001011010101111111101110010001100101110111111
11010110110001101101101100000011101101000011110101000110100100100011110111001111011101001100001110011101111000001100011011111101001111101110011101100110001111000111110011111000000110000110001100110111000110010100001011100000001100011010111110100110010001
10000000110101001100111111111001101001010111011101101111111111111000000110011000001111011111011100110000000011011111110001100001111000000011001100110110111000010110000110000010111111010010100110011100010100111101111010001011111101011110000110101111000111
11101010110101101001110100000011101111011110001001101111010001100010110011001110101000011010011001111010101001000000010100111100110011010111100110110011110011011110101111011010111011011011110111010001010110000100001011111000011001000010111110100011101101
10001010011101111111010111010110001100011000100011000110000100001010111010011000101011011000111101001111111101101101010101110001111011010111110110111001100110001100111000001110000011111000111101010101110110101110101010000011111101101110001011101110000001
10101010111001011011010001011111111001111110110111010110111111011010011010110011101010001110011000011000000000100111010111011011011011010011010110001100110110101110100010111000101000110010001100010100110110101100101110101000110000101100100001100111010111
10101010001101000010000100000011111111000110100110010010110000011010111010011011001011111100111010111111010101110001010100000011010011010110000010111001111111101010111010001110111010010110111001010101110011100101111000101010011010111110111111110001110001
10101010111101111000101101011110000000010000110011010110111110110010001110111110011110000001100011110000010101100101110110101010000111110100101010001101100000001011111011011110111010111100001011110111100110001111001111101010111010111000001110111011000101
10111011100000111011101101001100110111111101100111010111100000111010111100110000111111111101101001100101010101101100110100101111010011000101111011111000110101011000000001011000100010000110111010100000111111100000011100001010001010001011100000011011010101
10100011001010100010000101101101111101101001101110010011111010001110000110011010011000000000101011111101010100101101100110101000011001110101100000001101111101001111110111111011110111101110001010001010100000001111110111111011011110101001101011001111110101
10110110011011111011101111001100110000000011111010111010000011111000101100110010111111011011111110111001110101101101101100111010111101100100111010100111010001011111100000110011000001111100111011011011110101100000000000001111011000101011001001100000110101
10100100110011000010000001101001100101011001100000110010101010000010100110011010110000010000011000000011000101100100100110110010011000101110100010101100000101010000001010011011010100000110001010011000010101001011010101011000001101101010011100110110110101
11111111111111111111111111111111111111111111111111111111111111111111111111111111111111111111111111111111111111111111111111111111111111111111111111111111111111111111111111111111111111111111111111111111111111111111111111111111111111111111111111111111111111
