111111111111111111111111111111111111111111111111111111111111111111111111111111111111111111111111111111111111111111111111111111111111111111111111111112111111111111111111111111111111111111111111111111111111111111111111111111111111111111111111111111111111111
100110000000000110010110110010110000101001100001000101000001010011101100100110101100011010100110000001101011000000100000001111110101000000010100000110000101001111000000100000000000000010101101010011010110000000101101000000001010100000000000110110110100001
101111011111110111010110011010110111101011111011010000011111011001000110001100000110110000101100111111100011011111101111100111100000011111110110111111011101100110010111101111101011111110100000000110000010111111101000011111111010110111111101100000000001111
101101111000000001000000111010110010100001100011011111111011011011011111101101101110010111100110000111001111000000000001110011001110110001100100001010000001101111011100100000111111101000001101010010111000000100000011110000000000110000111111001111111011011
100000101111111101111110110000010110101111110111011001110011010001001101100000101011000110110000101101100100011111111111011111100011110111110001111011011111000110001101101111111110000011111111111000111110111101110111000110101111100101100011011101111111001
110101101100000001011110110111110110000000110010000011010110010111011001001011111011011110010111111001001101110000010110001011110111000011011100000000000001101110111101000000101000111000011010101110001110000000111110010111111011001101101110000000000101011
111101100111111100000000110101100110111011111000111111000111010110001100011111010000011011000000011100011001110111110000100001010101111010000001101010101011001010101000011010000010111011001000000111101010101010000000111101011011011111101100111011111101001
101100110010010110111101100101101100101111011011110110011101000011100111010101010111110011011111001001001101010100000101111011000001010000111100111010111111101000000010111110101111100001100011010001100011111110101101101001011011010110001001101111111000011
101001111011000011100000110000100110100101001011100100111001110110101101010101000101111000000001100011101101000001111100001111110111011010101111111111100110000011011111110110100001101011001011110101001000000111100100101100010000000011101011100100000011001
100011010001101000111110011011101100001101011010110101110011010100000101010100011100000011010111111110100000011100011111011101010010011011101000000101110111110111000011010111101111111001011000011111111010110000110101101111010111011110101010101101110111101
111010000111111101101010110010100001111101000010000000011011010101110101010110110101110111111110110000110101111111110111110101000110110001101011111100110100000110011110000000111010001101111101001011001110010111111111001000000001110100000000000001011110111
100011101101010000000000011010101111101001011110111010110001010001011100000000000000010110101100000111100101110000000000110101010000011011101000101101110101101111001010110111110000111111101111100000011111111100101001100011111111000001011011111011000000001
111001101000011101111111010000100000001101001100011111100111011100001001101110101011110000000001011110111100000111101111110000010101010010100011101101010101111001100000011110100111101010100111001111110011101101100011001000000001101011010000111111011011111
100011001101111111100000011110101111111101011101110101110001011101101011100010111000011101010101011000000101111101111110011101111111111010001000000100000000011011001011111000101110000000001101101100010110101100001111011111111111001111111110101110001110001
111011100101010010111111000000101010110101000000000001011011010101111000101010011110111111011111000010101111111100001010111101101100100000111111011101101101000001101000101011100010111111111000111001110100101101111101010111100101100101101111100011011100101
101001110100011010011011111110100000110000011101101011010000010100001011111011000110010111011001011011111010000001111010010100000110110110000011110101111001011111001110000000001110101011000011111011000001101101011000000000110000001101101011001110000001111
101101010001010000110001110100001101110111111111111111011011110001111011011110011111000001000011110000011000101100011000110101110000110110101110100000001011000001100110101010111110000001101001001011110111100000000011010101100110100000000000011010111111011
100001010111111101111101010101111111100000010011010110010000111011100000000011111100011011010110111011110011111101000011110000011111100011100010001111111001011011110010111110001010111111101100011010100100001011101111111111110010101010101101000000000010001
111100000101101101011000000000010000110111010110010011000111100010101011111111110110110001111100011111011000000101110111100111111011001001101000101000001111111111011111110110100010000110101111010000110001011001100001101010100111111110100111101101111110111
100001110001101001011101111011010111100011110011011011011100110110001000000000000010010100001101110101000011101101100000001100000000011101111011100010100010110100000101100010101110111100001011111011110111111111001100000000001101100111110111000100000000111
111111111100001101001111100001000011001000111010011010010110100000111010111111111111011101100001100000011011111111001110100001011010111000001110001111111110100001010000001111111000011111100000110011000000000111111110111111111100110001011101111110111110001
100110011111101101100010101101101110011110011010111000110010001101101111101111111011111111111111101111001000010111111110101011001111101111111100100000011010101111111111011100111011110110101111111001110111111100111010000011110110110111001100000110000010111
110111010101101001110110101111111111001111110000100011100110111100000101100000000010110010110000000011111101000001010011111111101100101001100111101111110010000000101111110001100001110000000100011011000000011001101011111000000110100011100001011110101010001
100101010100001100110110000000110011011001011011101110101100000101010000101110111110011000000111111110110101010101010111011110111101100011001100100001111000111111100000000111101111010111110001110001011111110011000011101110110110001110001111000011111110111
110101000001100110000011011111111001001101010010101100000001010111010111101111111011001011111110000000000111111111000000001010011000001001100101111111011101100000001101111111000011000010111111000100000110000110011110000111111100111000100011111001000010001
100001111101110011101111010011000011011001011000001110111101110001010000001011000011011000010000111111111110101011011111011010111011111111001100011001010100001101111111011001101111101110101001101101010000101110110000101101101110000010101000111111011111111
110101010101000111000010000111101111000011000011100000000111111111110111111010011011010011000101110000111010000000001111111010101000110101011101111100010101101111011010000011001011000000100011101111011011111000000101111000101000101011111111100000000101101
100100000101110001111011011101000101011111110111110111111111001010111111111000111110000111111111000111101010111101100001101010000011100100001000101001110101111010000000101111101001101111101110000001001110110011111111010010101011111111110001101111110000001
101110111111011101010001011001110100000011000000010001110101101000000000000011110110111110111010011111001000000111110111000000101111110001011011101100000000111000110110100011001011000010101011101111111100000111101011010111100000010110100100000000010110101
101000011010000001011100001011100101111111101111111100010100000011111111110111010100000010000000111001011011111111011101011101100010111011111000001001111110100011111111111110011001010110100010101101100001011110000000000011101111110000001111010111111111111
101101000000111101010111011001001100010011000001111101000001101110000111111110000001101000111111100011010001010101011101000111111110101000110011111011000010101111011101011100110011011100001110100000001111110011011111111110100000011011111111110000000011011
101001111010110000000000001101011001110110011111010111101011111000111100001011011111111010001110001010000100000001000000011111010010100011100111111000011110000000000001010110011011001111011000001101111010110110000000000010001101111011010100010111111110003
111101000011111011101010100101011100000010110110000000111110011101110101111011010110001010100010111111011110101111011111111001010110110110101100000011011111010101111111010111001001100000000011011000100000000100111111101010111111101010000001011100011100111
110111110110000010001111110000010101111000000010111110110000110101010000000000000000111111101010110101011111111101011011101011010100000000000001010110000011011111010110010011011011001111111111111110001111010001110000101000000010101000110111111101110110011
100000000111111111011100010111110101101101101110101111110111110000000111111111111111110101111110010000010101011000000000000001010101110101101111111111111111111010000011000110010001101000000000010111111111110100100111111011010110000010011111110101000011001
111111010101100001110111010101010101000111111110000011010001011011010000110101011000000000110110110111000101011011101110111100000000110101100010101010111010100000111110011111010111000011011101010101010000111111101111011111110000111111111101010100011111011
100000011100111100000000010101000000010111111000111111000111000001111010110000000010101111100000000001110000000000100011100001110110011101111000000000000000101111101011010110000000011001001101000000000110000000000000001110111110000011110000010101110101001
101011011001101111111111000000010101110001101010000001011101011111111111100110101010100111001111111111111011111111101001111111000110111111001101011011110111100010000000000000101111111011111111111011011111111110111111111010011111111000010111110100110101011
101111111100100011100001111011111100111111001011110100000000000111010101101111111111101101100000000000001000111000101100101111101110110110011111111000110000001000110101101010100001101110110000001011000000001110000001000000110011101110110000010101110100001
111110001110111000111101111000000101101011100000010111111111111101010101100001010101111101101111111111111011101011111110000001100010000010110010101111110110101011111100101011101100000100000110111011011111111011101111011111111000000111110111000000000001011
110010100100001110000001000011101111101010101111111110111111101100000000001111010101010101100111011111111001100000001010101111111011011000011010101101010110101000001111111110001001111101110011111011000000000001111100000011000011111101100001101110101101111
100111110001100000111101111000111100101010000001101100000000000101111101011100000000000000001101000000001111101111111011111100011011001101110000000100011111111101011000010111101100000000010111001110010110101011010001111111011111000000001101111111101100001
101101011101110101100000111010010110000010110111100001011010110000000101000001010101101011011100011111111001000101101011011001001111100100000111101101111100000101000010110100100110101101110000011111111111111110000111110000000000011111011100011011111101111
100101001111000111111010000011000000101000010000001101111110110101111111101011111111111110000001000000001101011100000000000011111101101110111111100001010101111111010110000001110110111101111111111010001101001110111110000101111011000001010111111010110111011
110101100011101111011111010110011101111011110110111111100010010100011110111001101110110110111101110111111000000001010101111000001001101100001000110100000000000001110010101100010110000100000000101010111101011010011100111111101111111111110011101010000000001
100000111000111100000101011111000100011000011110001010001111010101010100001100000100000111111111111111001011111011111111111111111011111110100011100110110111111111111111111001011100101110111111101000000000001010110101110110000110101101111010000000111111111
101010000010010001110100000110011101111011000010100000100001111101110101111110110001111101000011000101011011111110111111000111101010110110101001111110110000000001011101011111001101111010000000000011111110100000010000000000111100000001010000111010000000001
101111010111000101000001010100110000001110011010101010110100101111100000101011111100011000010110011101011000000110010100011100101000000110101011011100111101010111000000000001111000000011010110101000000110101011000101010110000001011111010111111111110111111
101000010011111111101101010101111110100011001010101110010110000110001110000000101111001101111111000101001011111110110001110101100011101110101000000111101111011111011111111100111101011110011110111111111111111111010101110010101101001000000000000000010010001
111010111010000000001001010100000010111111101011100011110111111111100111111111100111111101101010011101011011101010110111000100001110111011101110101111000001011101010111000110000101000011000010000001111000110101110100010110101101100010110111111111111010111
111111100011111011101101011101101010000110001011001001111101101101101101111011001100111001000011010100000010100000000111011101100000011000111111100000011111110100000101110111111101010111010110110100000010000000011110111111100100110110110000000000110000011
100000001010000010001101110001111111010011011001101011011000100100000000001001011001101011011111000001101000001010101101010101111101001011100000101110110110110101111101010101110101111101111100010110101011010101111010101101110101100010100111101010011011001
111110111011101111011000111100000001111110011111001000000011101101111111100011011101000011010100011111111010101111100000000000110111111010110111100010110000000000000000000000010111101001101111111111101111010100110010000001011100110110110111111010111001011
100011111111111000011010001110101011101011000001101010111000000000000000111000000100011000000001000000011111100011001111111010000000000000000000101110000101101110111011011111110010100011000000101011101101111110000111110100001101100010110000001111100011111
111000000110000011010011011000101000000001010100111010011010101110110111100010101101111011010101110101000000101001100111111111111111011111111011101111111111000110001011111100010110101111101110000000100000101011011101111110101100110110100101111101101001101
100011010000111011011111011110101010101101111110111010111110101100010000111010100000001111111100111101010101111101110000000101101101111010001000111011000001110110111110110101110110100101000011111011111111100011000000000011111111100011111100000000111111001
101111111010100011010000010000101010100100011011101111100000101110111111111011110110100000011110000111011111010111011011111100000000101010111110000000011111111100000100000100000000001101011111011111010100001110011110111000000000111111011001101010001101011
101110001110101111010110110101101110110111000000001101111110100010000000001000111111110101000010110001000000000011001000000001101110101000000111010101011010000110111101111101111111100000000000001101000001100011000010001111111110000000001100111111011000001
111011100000101000010110110101100011100001101010100000110010101010101101011110000001100101011111111011010110110110011101011011100010000010110011111111000000101100000000111000001111101010111101100000011100110111110111100100011111110111101001111000001010101
111000001010101111010100110101001000110100101010101011100110101011100101011000101011110111000000110011010010100000110111111110111010101111111110100111011101111101011010000011100000111010000100110111000111111101110000110001000001100011111101101111101011111
100011011011111100011101110101101011110101111010111001001100101001101111001101111011000011101110011111111111111011110000000100011010100000001010101101111111010111011010101111110111111010111111111100010010101101011101110111011011111010110100000001100001011
110110011010000001011001011101001001100100001010001100011111101101100011100100001001111001100011000000000001100000011011111101001010101010101000000000100010010001001110100000010001001110001011011110111000000000001100010011111110110000000101101101101100001
100110111111111101001100001101101100110101111111111101000001111100101000110101111100110011111110011010101111111011111010000001011111101111101011111110001000110111011110111011111111011111111000010111101010101010101101111000001110011111011100100101000101011
110010110110000001011001011001000110010100000101110111101100000110101010111100000110011000010111001111100001100000101000111011110000100101111000000010101010010011110011111110101101000000110011110000001011111111111000001101111010110111111001111111101111111
100111100000111111001111001011101100111101110000000001101101010010101010001110111100111101000011011100101111111101100010001111110111101101011011111010111111110110011001101100000100011111110110000111011001001111100011111111101000110000101111011011000000001
101111111110100000011100011011001110001100110101110111000111011110111011100010000110001101111111000101111110011111101111100001010101111101000000001110110011110110110011001111011101110111010000110001111111011010111011010110100011110111100011000001101101101
111010110111111011000111001111101000111110010100011111111111000011110000101010110011011000001101111101011011010000000001111111000000010100011010111111110110000000011011101010000000000001010101111100000111000000011000000010101000100000001110011111100101111
111010000000011011010001100001111010110110111111000101010001101000010101111110010111011110100001110101010001010111111111011000010111110101111110011011010100101011111001101011011111110111010111011110111101011111111010101110101110001101011010111010111100111
100000110101000001110111110111000010000010000111010000000111111011110100000110110110001100101100000000000101000000001100000010110011010101101111110000000001101111100011000000000001100000000000000011100000000000001011101000000111111111111010000000000110001
101101100111101011110001010011111011011111110001011111010000011000011101011111110011011001100110111110110100010110100001111011111000000100000011011011110111000110111011101111011100111011010111011111111011111101111111111010111101010110100000110101011111111
101101101100001000010100010110000011000000011101000001010101111011001101001011011110001101101110000011110101111100101100011011001010110001111110000000111111111100100001000001000110011111110001110110101000000111010110010011110101000000001101111101111011111
101101101110101011010101111110110110010111000111010101110100001001101001100000000011111000111100111000011101101110100101011000011010110111101011011111100101010110101111011111110011000000010111000000000011010111010011010111010101011101101100011111100010001
100101101000111001010100001100110011010001011100010100010101111111111101110101011110001101100001111101110000000011110111111101001110110000000000001101101101010110100100000010111110011111111101110111010111111101010110000000000000001111100101000111001000101
101101111110110011010101011110110111110101011111110111110100000100011000111111111000111111001011100000110101010111000000010111111110111010101110100000000101000000001101111110101111000000011000000001110010101100010110111111111111111010111101011100011101101
100111000000111001010101001010110110000111000100010000010101010001001010001001101011111011111011001010011101111110010111000001101010001010100011101111111101011010100000001000000011111111111011101111111000000101110000000001100110110000001111011001110111001
110110010101100011110101101000110011110011010001010101110101010101101110111011000000000000001001101011001100001011110011011100001011111111110111100001010101011111110110111011111110110101010000100000011110110001000110111011101100010111111011000011110111011
100111011100111010111100101101100111100110010111110100010101010100101100000000011010101110101011101001011110100001111001001111100001110000110000101100010001010101011110000000000000000000000101110111000011111111011111101111000001110111100011011111010001111
101100011001100000001111101000101100001110110000010101010111011101100110101101011011111111101011001011000010101100011011100011111111010111110111101101000100000001001100111011111011101111101101111111111110011101011011000101101100100000110111111110000100101
101111111101110101101001111101111110100010111011110101010001111100101110100101001000000011101001101111101110100111110001111000000000000111010011100101101101010100011110001000001111111111111000100001101011000001000000010100000110001110000010110000101111101
111010000000111101100011011001010000110111101010111111111111100101111010101101111011011110111011000001100010110000011011011111011010110000011000111101000101010101110011011101100000010000011110001011000000011111011101011101111110100111011110110111111000101
100011011010000101001011001111000110110011000000000001111110001111100000100100011111000000001010010101110111100110111010000111111110010101011010000111011111010100011011110111101101000101001110111111101111110000000111111101011011110001000000000001010010001
111011110010111111101001011100010110110110010110111100010000100010111101101101000001110110101111111101000001101111100010111101111110111101001010110001011011010101000001100000100111110111111011110011000110110111110001100000000001100111010110110100000111111
100001111010000000111100000110111100100110111100000101000111101000000101100101101011111111111101101111010101100001111000000000011011110001011010111011110001011101010100001101111110110010110011010110010010110011110111001110101111110001111110010101111111011
111100000010111011111001011110001111110110001111011111010000111011010101101111101001011101010100000110011101110111001110101101001000010111111110001111110111111101110110101111010100011000000110000000111000000110010101101110100100011111101011011101111010001
111110110110011001100011001100100110000110100001000001111101111111011101000000101100000100000001010111000111000000011110101001111011111110001100100101010000110111111111101011010001111111111111011011110010111100111101000011110001111101000011111111001000101
100100110011011011001001011001110011110110101101011101100100100110000111011111101110110001110111111100010011011101000011101100110001011010111101110000010111100000011001100000010111110111011101011111011110000001101101011111100100110101101110100001100011111
110110110110011011101011011100111110000011100101000111001110001110110011000000101000011011110000000110111010001101101000111110000100000000011000110111110000001111001100101111000000000000000000000110000010101011000000001110111111110100000110101111101111111
100000110110110010001011001101100011101111001101010110011000100010011001101011101101011000010111010110011011111000101111111000101111111111111101100000000111100001100001100001110101111111111110110000111011111000011010100000000011100001101100000110000010101
101010011110110111011010011101101000001100011101110011011111110111111101101111111001001010110001110111001000011101100000001110100000000000001111110101010011111011001101111011100100101110101100010101111000001010110010110111111110101111100001110011101110101
111011111000110011011011011000101101101101011000011000010100011101110111100100110011011110111100010011101101001101101011111110110111110111111010110111011110111111111100001000110110000000000110111100001011011010011010110000000000101100110100111110000110001
100001110010111001001001110010111111000111011010111101000001000000010111001101111110000110000111111110001101101101001000011000110011111111011010111110000000000110110111011011100111011111110010100101011001110011111010110101011010000001111111101110111110111
111011010111100011101011000110110000010001110010011001011011111111000001100001010010101111011111100011011001101001101011011010111000011101011010000011011101010000000001011000101100000000010111101111111100011000001110100111001110101111000000000000001000011
100010000101111000101010010011111010110100011011001101001000111101101011101100000110100011000000001011011100111100101111111010011010110100001010111110000101010101011111110010100110101010111101101010101001001011101111111111100110100000010111111110100011001
111110110000111011101111011111100010110110111001101111011010000000101011000101010111101001101010111110000110010110100001110010110011110101111010000011101101010111000000011111110111101111101100000000001011111111111011011101101100101011111111110111110111101
100000110101100000101100011000001010010010100011100011011010110101111011101101010000111111111010000111101111000110111111011110011000000000000000101000111101110001110101000101111100000011100001011010111000000110011011010100100110111111011000000001100110111
101101100101110101100111110011011010111011110110001111001010010100001010100101011011110110011010110000101101011100111111001100110010101011111110111011110111110111111111010000110001101110110111001010001111111110110011010001111100000000000011111111110000011
111000111101000101101111000111110010110001100011100001101011011111111110001101011111100000111010011011111100000110000001011110011110111000000010001000000011011110000001010111111011001010100011111010100000011010000111000111010111011101011000000110111101001
100010110001011100101100010100000111111011111011001111111111000011000110100101000110110111101111011011000110101110110100010011001100110010101010101011011000000000111111010000101111101010001001111011101111110000111100010000000001110001001010111100001101101
110110111011000101111001011110101101010000110001100011010110011000011100101111010000000000000101011000011100100010010101000111011110110110111111111001111111111010001001011110000011000000111100001111111111010111110110111010101111111101101110000001111100101
100011101011011100011101110000100000010110011011101000000111011110111111111111110101010101010001001101001101101111110101011110000011100010000101111100000000001010100011111110101111101010000101111110000000000000000110101111111110001101100011010100000101111
110110000011001101001100111011110110110011111011001101010001001111100101000101111101010101011111011001100101000000011111000011011111101110110000101110101011111111110111100011100011001010101100000000101010110101110000000000000000101101101001010101011111111
110011010110011101101001100011000110010111000010011001011011100001001101010000000101010101000001001100110101110101000011010110000110000010110111101011111000001101011101001000101111011011100110111011111111111100011101010101111101111000101111011111111010101
100111010100111000111101101001101111110100011011001101001000101100011100011010111101011101010101011001111101000111101011010011010110111010010011000000110010100000000000011111111100011011001100001111010111000101000101011100001100001101100011000010000000001
110110011110001010000100111011101011111111110011011001111010101101000001011011111111011001110101011101011001110110101001110110010100001110111111101110010111101110111011000101010111001110011110100000000010010111110111000101100101111111001001101000111110111
100011001100101110101101100010100000000110000110001100001010100101010111110000000111111100011111000100001011100000111101100011110110100011101111100110110001100010111001010000000001100011011000101111111000111110110001011111001100000001101101101010000110001
101001100110100110111101110110001101101100110100111101111110101101011110111101010000001101001001011110111000111010010101001110100110101000101011001111111100110110001101111110110111101111011011100000001101111100010111000001111110111101111111001110110011111
101100110111101100000101000100100101100110010110000100000010111001000000000101010111111111100011000010001101100010110111100000101110101010000000011100011111111110100111101110111110000001011110001010101111010101110001101100000010001111000001100010011000001
101001100011001101101111111111101101001100110111010110101010001101101011101101010011100000110110011011101001111010000000101101100010101110101101000001000000101100111110000010000011011011000111011110100000000001111111111101010110100010010101101011111101111
101101001111101101000110000000001101100111111100010111111111111000101011111001011000101111111111111000111111000010110101101000101010100010100101011101010111100110000000101111010111111110010011000110101010101100001111010111111100101000111111001000011000001
101001100110000101010110110101100100110110011110110001010101111101111000111111001010000000000001101111110001111010110101101011111010101010101101000111110001101111101111100101111110110011111110010010101011111101100000000010101110111011100001101011001101011
101100110011101101010110100101001101100011010000110100000000000111010011101111111110101111110100000000000111000010110101101001011010101010100101010010111100101000100000110000011100000110100111110111111011010111111110101110000010011000001111111001011101001
100110011001101101011100111111011000111010000110011101111101010000011001100000001111100110111110110101111111010110011101111100011010111010101111011000000110000010111101100110110101110000001100110000110000000011000110100000110111111101101010001011000101101
101100111101101101000110100000001101100011010011010000111111010111111100001111100000110000001011110100000001010100110000000110110011111011100011001010101100101111111111110010000000111101011101100111100101111001011110101010011100000111100000101111011111001
100101110001100111011100111101011001111010010111111010000011110110001101100001110111111010100000011111101011110110111010101100011111100001101001101111100110100011000010111110101010001111000000110000110100001100001011111010111101111111001010100001011001101
101101011011110110000110100001011100011010110110001010101000010000111101110100110000011010101111001011111010110110001010100111000000101011101011100000111111101000011000000010101010111001101101100111100101011110100000011010000000001001101111110111000011001
100101000001100011010011111011001101001110110011100010111011011011111000010101111110111010100001111000001110111110111110101110010110111000101011001110000011001101011111111111101010000011111100110000110111010111101011110011011110111011001101011101111111101
101101010100111011011110000001101101111100110111111010111110011011001011010100000010001011110100110011111000001100001111101100111100011010101001100010101111011001110000110101111111111000011001100110111100000000111111111110000010001011100000000000000000101
101001011110001011011111011101101101110111100100000010000010110010011011011110101010111110000110011000001101111110100001101110001110111011101011110110100001001100000110000000000101111111001100110010101110101111110100010111101111011000101011111101111101101
101101011000111011010000011101101000010011110101010111011110011000111111001100101110000011101111000011011000001010101011000110111000101001101010000010110101011001101111011111110000000001101101100110000110100000000001000000100101110010101000111111110111101
100111011110001111111011110000101101000110110101110011011111001101101101101111100010110111100101101111111101111011101110010110001110001100111111010110011101011011101101011111111011110111111001101111011100110111111111101111111101100111101010000000000010111
101100001100111110001110000110101001110000011101100110000011111100000000101000110110010010110101100000101000001011001111010010101100100110001111110110111111001111000001000000001001100000111111111001001110110000001110100000011100001101001010101011011000011
111110101110111011100000110111101100111011001111110010101000110001101111111011100111111110111100001110000010111001100001011010101110101100111010111100000001111000011011101111111111110111101000001101100010010101100000110110110101100001101010101001111101001
111000100110000001110111110001100110011001011000000111101010011011000010110001110000000000001110100010101010000011001111110010111010101101101000000110110100001110111000100000100000110000000010100101110110110101001111111100000000110111001010101101101111111
100011101100110100111111010101101111011011001010110011001010111001101110000100111110111011100111101111111011111001100000111011100000101101101011111110111110111000001010101010101111100110101110110000011110110111100000001110101011110001111111111100000001111
101011101110011110101101010101101100011011101111111001101111101111000000101110000010011000101101111001011000001101101111100001101101100100000000001100001111100011011110101111100001101110111111110101001011100000110101100010101000011011010100000111011011001
101000101011001010100000000100100110111000101101101101100011000001011101100011010110110011101001001101011010111111101110111101101100110101010110111001100111111110010010100011001011111011100000010111100001111010110100101010101101001000000001101100001000011
101101111011100011111110101101101100001101111000000101101000011011001100101111111100011010111101011100011010011011000000001101101101100101011100001100110010110011000110101000011000000000110111111110110100101111100101111111111001111111011011111111011101001
101100110000001001100000100100100111011000001101010000111101011111101110100000011110111000010100000101111110111011110110101101101100101111110001111111111000000111101111101110111011111111110001011100011110100011110100010101011100000011111000010111010101111
101101111111101111111101110101111111011101111111111110001101000110000111101101110110110011000001101101010111100010111111111001001111101010011100011001101101011110111000111000001000000101100100010101111010101110110101000000010111111110101101000101110100111
101101010111000110001100110101100000001101001010000000101001010011110001100100000011111001011011100000000011111010000000111101100110000000111001000011100001000010110011100010111011110000001111000000000010001010011111011111000000111110101111111100000111101
101001000000010100100001111101101010100100011000110101111101011000010100101101111111101111011000110110101000101010111111101111101111010110001011101000110101101010100110111110001111111111111011010111111110100000111011000011011110000000000010110101111100101
101011111011010101110111110001101011101101001101110100011001001011010101100100000000001111111010010100111010000000000000001010111101011100101111001101100100101000001110000110101100000000000001110000000010101010000001010110000111110101011000000000011110101
111111000001011101000001100100101011001101011001100110110011011010010100111110110110100000101010110110001010101010101010100000010100000110111101101111001110101011100010111111100001010101011111111010101011101011011011010110110001110111111011101111110100001
100000010101001101010111001101111111100101111100110010010110011011010110000011111100110111101010110011101110101011111011101111000111011100010001100111100110111110001010001101111011111111000011001010101001101011011111111100010100010010101110000000000001101
101010111101101101110100011101100000001100000110111011110011011001010110110111101110110000001010011001100011101000011001100001101100001101000100110000110100000011101000100000011110100011011000011111111101101010000001111110110101011000000011011111111100101
101110110001001111000110111000110101011001010010100000010110001011010100010000000110100110111110110011001011001101110011101011000110101001011111100111111101110110001101110111110000001111001101000000000111111010101111010111110101111111010110001100000101101
111110011011100110010110110010100101001101010110110101010110101111110110110101110011110110000010011011011011011000011000101011101100101011011010110011111100110110100100110000000110111110011001011111110000001010100000000000010100110001110110100001011101111
100010111010110110110100110110101101101101110110100101011100100000010110010101111001100110111110111001011110001101001101101001101110101010000000111000110001100010101101100101010010000011001011001000011111111111110101101111111101100100111100110111000100111
111010001010000010100110010100101000101100010011110101000101101110110011011100011100110110000011101101110111011101011111111101100010111011011110101111111100110111111001001101010110111111101001100011000110110101100111000111011000001110000110010011011110001
111000111111011011101111011110101110101101011000110111101111000010010110010001000110110010101000101000100011011001000000000111101110011010000110000000011101110100011011011001110111101010111011001111111110010000110011010000001011101011111111111111000011011
101101111000011001111101000110100111100101110010010011000111101010111111011111011100110110101111101110001111011011011011110110000011110011010011010111010000010001011011001100110000000000011001100000101010110111111001110111111110000000000011001001101110001
100000001010111100110100011111110100001100011010111011010000111010000001110000000110010011100000000010100001011011001000011111101000011110010111010001111101111011110001100110100111111111111111001110000000000000101101000000110111011111111001100011000011101
111101111110011001110001000001100110100101011011111111111010001010110111111110111111011000101101010111111111001010011011111111101111111000110001011111101000001000011011001100110000000011100001100010101101011011101111111010000011001111111111001001101001111
100000000011001100011011010111001100101101001000011000001010111111100011011100000001111101100111010000000011101011011000000110000111101110110101000011001101011111011110011110011010101000001011001011100101001000000011000010101111100000001101011111111111001
110101011111101110110010010011011001101111011110111010100010000101111110000001101011110000111111010111111000111011001010111111010000101110100111010111101001001101110110110000111010111111111110011000111101011011101001110110100010110111011000000111010011011
100101000001101000010110111001111101100011010110001110101110110000100011110101101000011010000001110111111110111110011010000001110110000010101100010110000011100000110111111101100010010101111111111110000101001001111111000110101000010001111011111101000111001
111101101011001010110100011111100001001111000010101110100010110110001110111100101101110010101011000000000111101111011110101111111111101010100101010011110110001010000000011000110111010000001010000110101111101100010001110111101111010111101011000101011101101
111000101001011111111101000110001011100001101110101000101011100011011110001101111000011110101111110101010001000011000111100000001000101011101111011010000011101111011111111101100011000111111010111111111000111111000111000001100001110000000000010000000000001
101101101101010001010001101100101001101101100011101101111011111001000000100111010011000011111101111101110100011011101100110110111011111110001011111110101011000011000000101111101011010000000000000000000011110100010111011011001100011011011101010110111110111
100000111101011100000100101101111011000101101001100101100000110011011010101110011011010111111001011000011101011010101001100110100001010111100000011000101110010110011110000010101110011110110110110111101111000110110001001001100101011011111111010010000111111
101101111001011101101101111001010001101111101101111101110110011011011011100000111011010000101100001101111101001110000011110110001100000011001011111101101000111111000110111110000011000011100011100001100001101111100111111011101111010000010111111111010000001
101100001111010001001101011111000111000011001100001100010111110001001001101011110001010101100001101000000111100110111111100110100101111111101000011001101010000011010010001111010110011000101111110111111111000001111110111110000011011011000101100011110111011
100101111111010101101000000110010001010111011001011001111101010101011100111000011011110100001100111010110000110110111101001100101100001111111110111100111111010111010110100001010011001010101110110000000000010100000000000011101001010001110000001000011111001
101100000001111111001010101100110101010100011011001101101000000101000110011011111000010101100101100010110111100110000001011110100111111011000111100001110100010110010110101011111001011010100000010110101010110101110101011110001011111101100110101101111101111
101001101111100000011010101101100101011111011111111001100011010101101111011000110010110101101100101011110000111100110101001100110000000000011100111011100001010100110100101010110011111110101101111110111110011100011111000111101000110000110111100100010100101
101101111110001011001111101101110111011000000000001100111001110101101101111011100110010101101111101001011110011110111111111110011101101101000101111110110111011110111110101000011000101111100100000010000011000111111011010000101011100101110000111111000001101
101000000011101111101100001100110110010010110101111101100011100111000000101000110010111111100111111100000011010110000000000110111101100101010000100010100110000010000110111101110010000001101110110111010110010000000001010110111000110100010110001011011100001
101101101111000110001110111110111111010110100100000100111000110100010110001011110110000000110000110110110110000110101010101100110001101111110111101110101111010110110100010100110110110111111010010101111111010110111111111100001101110101110100100001000101011
101001100001110110100110011010001100010011110111111111100010011110110110111011000110110110110110000010010011010111101010111110110101100000010000000000111001011110011101000110010010110000000011010000000101010110000000101110111111100100010110110101010111001
101011101100110110101111011000101110110110000000000000110111110000110110011111110010110010010011010110110110011100111110011010110101110101010101010110001100001100111101101100111110010101101111111011010001110110111111100011110011001110110100110101110011111
101011000101110110100011001101100110100011010101110111100011111010110011000101000110100111010111110110010011001001111111011011111100110111110101010010111111011110000101000110001111010111111100101111111111110110000011110111011001011000011110110100011000001
101001101100010111110110011000110011110110011101110011001110000010011001101101101100110001010010100011011011100011101011111011001101110000010101110110011011000110110101101100100001010001010110101100000010010010101000010000000011111111001010011101001011011
101101100111111101100011111101111111010011010000010111100111011011011011100000100101110101111000110110001110101000101010110000011001100111111101100010111000011100111101111110110111010100000010000001011000111010101011000111101110101011100011001101011001011
101100110011110000001000111101000110000110010101111101101100011011011000101011111101000111111111111111011100001010000000000111001101110011101001101010001101000110001100011010100110010101101000111011111101111111111001010000100000000000101001100101110011001
101101111000011010101010011001011111011100110100000000100101011001001101111000000111010001010110101011000111101110111111010011011100011000001011101110101001010011011001000011110011010100111010001000000101010101100011110101101111111101111100101101100111101
101100101010110011101110111100001100001110110111011011101101111011011000001011010001111100000000000011011101101100000001010111011001110011111110000010111101110110001101101111100111011110001010101010101100000000111000111111001111111111111001100100110101001
101110100010100110000110110110100110100110110100001000101001100011011011101111111111110001101111010110000000111110101101011101111100011000000011010111100000011100101100111000001110010000111110101011111001011011110010000001100000000110101101111101100001101
100110101010110011010010010100110110101100110101011011101100110111010000100000100001011011000001010011011010010100100111111100001101110010111110010000111101111110111001111101011011110101110111101000011011001000011011111111111101010000001100011111110101101
101110101010100110010111010110100011100110010101111011001110110100011011110110001111011001010111111111010011000110110010100001101101000110000011010110110000000110001011100111000001100100000000101011111111111110111000000000000111011011111110110110110101101
101100101011110111010001110000101110001100111100001001100010110101010011011110100000001101010110101101010110011100111000001100100111101100111111010100110101010011011010101100010101101110111011101000010100010010101101011101101111110000110110000000010101101
100110101110000100011101100110111000100110101001111100101011100111011000000011101011111001010000000001010011000110001101111110110100000110000001111110110111010110011000000111010101001100110000101101000001110111100001001100111101111110000011010101111101101
110100101000101101001100110110011101101110001100001110101001111100010011011001101000001101111011101011110110010110101100000010111110110110110100000011100001010111010011101100010111100110011111101101101111100011101101011001110101010111101110011111101111001
100101101101101001011101110100110001111000101101011011111101011111110110011011101010111000011000101000111111010010111001010110000010100011111110111001101011110001011000101101110010110111000001101101100110101000111001001100100000000000101011111011000110011
110100101001101101000100010110110100110010100101000001010111000000000011011010101110001110111010101010011101111010011101010111111111111000101010001101001000010101001101111111000110110001101111111000110000001011111101100110001111011111111011101000011111001
100101111100111001101101011100110101111010101101110100000001110111101111110000101110101111101010101011000000101110110101110000001101000010000011111001011011111101011000010111110110000101000000001101111010101110101111001100100011011111011000101011111001101
111100110001100011100101001110010100001110100100110101011011000100000110000110100010100000101011101001011101100010000101000110111001110111011111011111001000000101001101000001011111110101101011111100001010100110001001111110101110000000000010000000101011111
100001111011001011001111011011110101011000110101100101001011010110101100110110101111101010001000101011111100001111011101010010000011000001000000000001101010110101011111101100000110000101101000000101011010110000100011001010100110101011101011011110000000001
101011100011101111101100000000010101111110011100110101101011111110100110110100100011111110111011101001110001100001011111110111011001101101101011110101101110010101000011001101010011101111111011011111011010011011111000011000110011101000111111001110111111111
101000101010001000000110110110110101100011011001100111001000101100110010100101101000000110011111111011000100111011000110000110011011101101101000010101101111110111101110011001010110000110000001011001001110110000001011001101110111001010001110011000000000001
101010111011011111101100111110011111111010001101101111011010000110111011110101101101011111000000011111110110001011011111011111010010111000111101011111111011110000100011001101110100101100101011110011100011111011011011111111010001101110100011001101011011011
101010001111110111001110001011000110000000101100100001001110111100100001100100100111111001101011000000110011101111011011111101111000001101111001011011011010011110101110011100110110100110111000000111111001011011011000000000011101001110101011011001110001001
101111011100000000011000100001011110111010101001111111101100000110110100110110110111000011111001011110100110001101000000000000101101011000001101000001010000111111100110110001100011110010111101110101011100001011001010111011111111100010101011001100011011101
101101010110110111011010101101001100110010101100011111111001011100110101100100010001101111011011000010101100100001011101010101100101010010101101010100000101100000101100011011111010000110100000010000000110111111111110011000000011001010101001111001001000101
100001010000011100010010100111011110111010101001000001011101001101110100111101010100000000011001010110100111101111000101011100001111011010100101010111011100001011111110111010111011010011110110110111111110000000110100111111111001101111111100011101011011101
101011011011001110111010111111011000001110111101011011001101100111000101100001110101101111111111110010101101000001010101001101011010001110101111111100011101011000001011101110000011010110000011110111000011111101100110000000001101100001100001000111110000101
101111010001011000110010000001001111011100010101010000011100110011101100111100110101100001100000011111111100011111111101011001000011100110101010101111000101111111111011000111101010010011011001100000011001010111001111111101011111101101101101111110010110111
100110010101111110100110101101011000000101000101010101000110011001100101110001100100110100001101000101010110111110101111110011010110001100100000000011011111101101001000010001101110111010011011001101001100000011100000011001000011000111111100000000111111111
101111011111100000101100101101011011110111101101111101111110111011001101100100110101110101111111111100000110000000000010110110011111011110101111010111000011000000011011111111100110110011011001100111100101011000001010111011011011101110011001111110011001001
101101111000001101101101101101111110000001100100011100000010001011101101110110111101100100000010000001011100110111111000111111000001000110100011010001101110011101000001101110110110111001001101110001101111011010111110110001001000100000111100000011001100011
100101100010101000101001100111110111010101101110110001010110101110101100010100011000110110111000111011000110110000011010000011101101010110110111110111000000110111010100000000110010011011111000111111000001001010000010110101011101101110010110111001101101111
110001111011111010101011110111000000010100100110110111010110100110100110111110110011100010111111111001101110110101001111101010000101011100010000110110010110000001110111111101100110110001100010000001010101101110111010010101001101100011110100011011100000001
100101000010011010101010100100011110111110111100100001010010110000101100011100011000110110101101101111100010011101100101111111101111011110111010110011010011010111110011101111001100011011001011010101110101101110111111110101100111101111010101110000110110101
101101110111000011111000101101000110000110000101110111011111100110111101000101001101100110000100000010111011111111111100001100001001000011100010011001110110010000011000000001100101001111101111110100111100101000000011110100110000100000000101100101110010101
101101000110011000111011111001101100110010101101100011000000110110000111010111011001001111010001011110111000000010000001100110100011101111111110110011000011011011111010111111101101011000000000110110000101111011011110011110111111111010101111001100011011101
101111101110111101100000011100111110011010100111110111010101110011010001010011001111101010010111000000001101011000110101110100111001100000000111110111101011001000001010111011000111110010101101111110111101100011000000111111101110011110101100011110110000101
111000001000101101001101001101100000110010110000110100010101100110010101110111011000000010110011011101111001111110010100011110001101111011011100000001101010011111111110000001111100111110100111010000000101101011111111110101101010110111101101000011110110101
111110101101101001101101100111110110010110100111100110110111001100110100110110011110101110011011000100001100010111111101000011011000001111111111101111001011000000010111111101010110001100110000011110101111001000000111010101000000000000111101011011011111111
100100101000001101101101001111000100110010110001101100110011011110100110111100110000100011111110010101100101000000001101011110001101100000000110000001111110011101000000000100000000111001111011111000100011111010101100000000010101101111110111011010000001001
110001101010101101101001011000010101100111100100101001111011000110101100000110111110101000011000110111001101101111011101000111011111001011111111101100000011001111010111101110101110011111100011000010101000011010100001010111110101111000000011110000111111011
111100101110101101001011001101010100110000110101111011100001101100100110111110100000101011110010100011111000101111000101011100000011011001010101001101011111100011110011111000111111000000110111101010101101011011111011110111110100000011011000111101111100001
100001111000100101011001101101010101100110010100011000110101000110101110000010110101101001011110101000011010100001101101111111011111011100000001011001000101001000011000001010000001011010010110001010100101001000110000110000011110101011111010010101100001101
111100110010101101010011000111010100110011110101001111100101101110101000101110110111001100000110101101011011101011111000000001001100001101111011011111010001101010111010111011101011001011111111011010101101011010110110110101000111101110101111000100001100111
110001111010111111111011101100011110110111111111100000110111001010111101100110010011101101011111101111001000101010001101010111011101101000111110000110011011001011100011111111111001101011100110001110101111111010011100110101110001100000000011010101011110111
100100011010000011000010000101001100100000000001101011100001100010011001001100111010000101000001100110011010101000111111010011000111001010000011010011110010011000101001000110011101101000001100101100100011000011111111111100110111001111111001010111000011101
110110110010110111010111101101100110111010111111001001101011110110110011100110011111011111101111110011011010101010000001010111010001011010101111011000011010110011111100011110110111111101100110100110110111101000000111011101100011100000011011110011011001101
111110011010110110010101101101001100100010001111111011001110000010011000110011000101000011000000010110010010111111101111110001111101001011101101111010111011111001010101111010100010110111101110101100010000101101111100000100110110101011110010111011011100101
111100110010010110111100000111011111111010100001111111101111101011010010010110010100010111101011111111011010000001100010110101101111011111100001100010100001101100000100000000001110100010100011100111010110111100000110101110110110001000011000101010000110001
110110011010110011101101011100000110000010110100000101100011001001110111011111010101010110001000000110010010101100101000010100000111110000001111110110110101100001011110111010101010101010111000110100011110011001110100100011100110101101010010001011011100111
100000111010110110000001001101010011011010110110111101111001101100010011111101010111010011011010111111011011111001101010111101110000011110100000111100110111001011001100111111100000101110001011111111000011001100110001101000110110100111111110101011000110001
111010100011111111101101011001010111110011100110000000011011101101010110000000010011011111110010101101011000011011001011101001110101000010101010011111100011011001100110000000110110000100111110101011101111100110110100101010100110101111110111101011011100101
100010110110000000000101011011010101111000101111011101111111000101010110101101010110000100111110000001111011011001101001101100010101010111101011000000111001011011001111011011110110110101101100000001101100110110110101111111110110100101010000101011010111101
110110110110101010101101001111110000001101101100000100001100010101111111111101010111010001101000101100001110011011101100100101010111010000101111101111100011001001100001011000010110110000001101010101100001111100110100000011000011110000000111111010000011101
110110110110111011101101011101000110111100101111010110101101011100000110000001010100010101101101100110111110110000111101101111110011011011111000000000110110011101110111110011011100010111100001111100111011101110110101110110010110000111011101111110101110001
100100110010110010001101000001101100011001101000011100100101011110110110110101110101011101000000101100001010010101111000000000010111001011111110110101100110110001000000010110001110110001101111111101111110100110011101111111111111010011011000101110101111011
110101111010111011100101010111111110111011001111000110110101010000010110110100111101001101101011100110100011111101100010111010110101011110101010110100111100011101010101110110100110010101100000010111000000001100110000011011101101110111000010000011100011001
100100110011100010001101010010100000001111111000011100110111111110111100010110001101011101101000110110110111101111111010011010010001000000000011110110011001110001110101110110110011010101101101110111010110111110010101000000000001100001010111101110001111011
101101110111111111011001110110001010100011000011000111111100101110011110110100111001000101001010010110100000001010100010110010111011101011111011000011001100011101100100010110100111110111000100000000011111111010110101011101101101001011010001100110100001001
101100010100000000001100110010101010101111011010010011101110000000110110110110110011010101011010110110110110100000110110111011101010101000001111101001011001111000110101111100110000110001110110101101111101101011111101011111100101101001110101101111110111011
101101010111101110101101100110101011100001110010111010000111111010000010110110010110010101001011100100100010101010100110001000001000111011111110001101111100101101110100000110100101110100010010111000010100100011100111000000101101001011111111001001100001111
101101011100001111100101101100101011110111100110100000111101000010110111110111010010110101011000111101110111101011101100111010101010011000000011111000101110001100011101111111110100010101010110001111000101101110101110010111111111101001011011100011001100011
100101110001011000001101101111111000010100001100110110001100010111110100011100011110110101110010011001100001111001101101111010101011011101011110011110000011011001001100000011010101111111110110111110010000000100001100110000000000111100010000111011101001001
101100110101001010101101101001010011011111100101100100100101110011000001000111000011100100110111110011001100001100101100001110101011000101000000110100101111110011100101010111010100011000111111101011110101110001011110111111110101100101000110001000101101011
100101100111011111100101100011000110011000001100110110101111110111101111110100010110001110110101011111101001011111101001100110101111010101101101100001100000111001101101111100000101000011101011000000010100010111110111100000010100110001010011011101111101111
101100110001110000001101110110010010111110111101110100100111000110000000110111010010100110110100000101111011000000101100111110100001010101100111110101101110001011001100000101101101111110101010010110110101110010110101101111110101111101010111111100011000011
101101110111000101101100110011010111100000110000011110111100010011010111100110011010101111110001110000111001101010100101111010101011010100110010110111100010111001111001010101101000000000000000111111111100011000000000000000011111111111010000011001111101001
101111000110011101101101100110010011001010011110110000010110110110010000111111011110101100000100011110100011101110101101100011101011110110011000110000110110001100001111110100101101101101011010001001100001011010110111010111110010110000011111110011101001011
100111110011010000111000110011011011011011001100011011010111100011011011100011001111111001010101000011101011000010101100101001101000010110110010011010110010101001111110111111101001000101111110100011110101110010011100010001011010010101001111111000001101001
110001100110010101110010011011001111011001101101110010000001101110011000001011100000001011110101011001111001101111111110001100111010110110110111010010111011111101110000000000111101101100000010101001010100110111000111011100000000111111100000001101111101011
110100110010110100011010111011011110011011000101100110101111101100110011011010001011011111000101011100110011001011011110111111100011100100100011110111100011011000000111010110110000111110111010101011000110010110011100001110110110000010110110101100010111111
100110011010010101001111100011000011011010010100101100100000101101111001011011011001111101110101001101111001100000001100000000111000111110110110000001101000001110110001111100111010110100011111101001010111011111000110100010010011101010000110111001010111111
101111001110110101101100001001101110001111010101111110111010101101100011111110001100101000000111101101001101101011100110110111111011101011100011101011001101111000110100111110001110110001000000111111110011111100011100101010111001111111010010001101000001011
100011011000011111111001101011100010111000010101100000011011100101101000010100111110001101010010101000011101001001111111100001100000000000111000101001101000011110110110010111101100110101101010000000011000000111011111101110111100000110010111011111011100001
101011011101111001011101101011001010001110110100111101111011001101111011110110000110111111011000101101011001101100000000101011111011111010111011111011001110110000010011000101111110010101101111101010111110110001000110000110010111011111010001011000001111101
101010001101101011000101101111101110111010100101100000001001100101000000010111010110000110001101101111110011100111111111111000110000001010001011010001111000011110110110010000010110110101100001111011100100110111010011101111000001011011010111001101100000111
111111011000000001110001111110000010011000101101110110111101001101101011000011011110111111011101100000011000110000000000011111111010101010111000011011000010110000010011011011110110111101001100001111110001110001110110001010011011000001110111011001001110001
110000001101010101100100000011101111001101101001000110110001011111001011011110011000000110010101101111110011110111011011110000011010101110001010111110011010100110110110011000000110000101101101111110111100011011000010100011001011010101110001110011100010101
100110111101011101001110101011001101111001101101101110011101000001101011000011001101010111000111000000011000010011001000000110111110111111101110000011011010110010110011001110110011010101101100000000001101111011010111110110011001010100010111111010001010101
111100011001000111101100101001100000011101100111001100110001010101101011011111111001010001010011011011111101010111111010110110110000001001100110111111010011100110011001100110111111110101100110101111111111101001110000010011001101111101010000001010101010101
100001001011010110001110101100110101001101001100011110111101011111001010000001111101011011010110011000001101110000110010111111100101101011111110000001111000101111011011001100000101100111001111100000001000001100111010110110011100011001010110111110101011101
111011011010010111100110101101100101101101011111011000001101000110011110101111001101011001010111010010111000010101111010000101101101000000011011111100011010100101111111011101010000110001011100001111011010100110001010010010110001001101110010110000101011111
100001011111011101110110101100110100101001000111110010111001101111000110100110011001011011010001111010011010111100110011011101111111101011000001101110110010101101100000010101010101111101111001100011011011110011011010111010100101011100110111111010111000001
110111000011010000000010100110100101101101011101110110001100111000010010110010110011010011111011000010111011101111111011000000010111001010010100000011111010100000110101000111110100011100001101101111001000010111110010101010110101000111100001100010011011011
100011010110010111011011101110110101111111110100000110111110001110110110011000011001111000011001110110100000000110110010011101000001011110110110101001010010110111111101101110111111000101101001101101100011011110111110100010010101010000110111111011001111011
111001010111010110011000101100011100001100000001011110111000101000011111111101111111101011111100011100111011010000011011001111101111111000110010111011010110010001101001100000011001101100111101100001101011000000010111101011110101011111100000001011011101001
111101110101111111111011101110110001111111010101111000001101101101011000011000101101000001101101111110110001110111111011100010100000001010011010001000011110111011100011001011000011000110011001101101101111011010110001101000010101000000101011011010000001101
100000010100000000000000111000100100110110011101110011011000111101000011010010100000011101100100000110011011000000110001101000101010111111110011011011111010001011001111101011111001111111001011000111000110011111111011101101111101010101111010011111101011001
110101111111101011011010011110101110010011010001000111011010100001101011110111101010110000101101101111010001101101111111001010101111110101111011011000000011111111011000001000011011111101111111011111110011000000000000111000101111011101011110110110001011011
100100011000001001010011000010100111000110011011010001011011111100101000011101001111111010000100101010010111000100000001011010100000010000011110010011011111111000001110111101011000000000000110000000011001011111011110011010000011001100001100000010101001001
110110111101101011011001101111111100010010110010011011011001011110111010111001100110000010101101100010110001101101011101001111101101000111010111110111000000001010111110001101011011010101111111010101001011000001000110110011101111101101111110101011101011101
110010110001101011111100100001010001010110011011011011010011000000011011100011101111010110111100101110110100100101011001100001101111101100000011100100010101101110111000100101011110010100000001111101011011010101011100011011000001101100010100111001111010101
100110110101101110110110101011011111010010110011001010011111110110110000001000111000010100110110101100011101101101011011001111000000100110101000110111011111000011100010110101010111010101011100101111011010011101000111110001101011100101000110001011010000111
101100110101111000000110101001011100010110011001101111000011000100011011101010011110110110000010100110110000100101011011100001110111111111111011110100000001101000110111100101010101010101011110000011001011000111010000110111001000110111010011011000010101111
100110110100111010110000111011010110110011111011000001101001101101011000111010110000111110111111101100010101101111001000101011000000010101010000010111011111101101100000110101000001010101000010111111011110010011010110010111101010100001110110001101010100001
101100110110100010011010011000000010011000110001101011001011001001011010001010011010001100000001100110110100100110011010101011010101000000010101010110000000101101001010100101010101010101101010000001000011010110010011010001101010110100010010101101010101011
111111111111111111111111111111111111111111111111111111111111111111111111111111111111111111111111111111111111111111111111111111111111111111111111111111111111111111111111111111111111111111111111111111111111111111111111111111111111111111111111111111111111111
