1111111311111111111111111111111111111111111111111111111111111111111111111111111111111111111111111111111111111111111111111111111111111111111111111111111111111111111111111111111111111111111111111111111111111111111111111111111111111111111111111111111111111111
1000011000000110001011010011010001101000011010000001100110101100101010101100000110101011011011000101111010000011001101101100110011010110100011010100000011010001100001011000110110111101010110001101101011010101010100101101000110110101111001011010110001100101
1111011011111100101011000110011101101101001011011101101100001110001010000111011100101010010010010000110011110111011001101110010111010100001001010110111110000111111100001010110010011001010011011001001001010101010001101101110100110000110011011000011011110001
1000011010110001101000011111010101101111100001110000000101011000100000111100001101100011011011111110011001000110001101100111000001000101101111010000000011011101010101111110111000111100010110011100011011010101000111101100000001100110011000000011110000100111
1111011010111111101110110110000000000110111011000110101101110011111011110110111101111011010010100010111101110111011001101101011011011101111000000110111111001101010000110100011110010111010011010111010001010101110001000110111101101100111011111110011011101101
1010001010011010100100100111110101111110100001101111100000011110011001010110101000110010011010111010101001110011011011001100011110001000011111010011110101011100011101110101110010110011010110010101010111010001100111011111100000101111101000010110110011000001
1011101000111010110110001100011100110100111100111011110101110111010011000000001011111011000000000010101101010110010001101001110111011011110011011111000000011001110000000101111010011010000011010100000001010111110000001101001010000110000011110010011010011111
1010101010010010100011100111011001100110110101100010000111010101011001111111101000110000011011111000000101010111000111000011100101010001010110000001101111111011011111011101010010111010111111000111011101000110011011111001111110110011110110100110110010110111
1010101111011000111010110011010011101110100100111011110011010001001011011011000011100101111110000010110000000001101101101110001100000100000000111111100010110010011100010100011010100000001101101100011111110110111010101100110110111110010110001110110110000001
1010100110011110011010011011011010100100110101110010111000011101011011011001110111111111001000111111111111110111101101100000111111011111111110000111001110011000110111000101011010101111111000000110110011000110110000001101100000101011000000111010100000110101
1010101111010110110010111011000010110101100101011000011101111000011001011011000000111011101111101101011100000110101100101111110101000001000010101101101011011011100110011101000000000001101111110110000111110110100111111101111110000001011111100000001011111111
1000000110010110011010100001111010010100110101001110110000001111011011011001101111100000000100000001010111010000100001100001100000011111011011111000001001011010101100111111111110110111101101110010111101010110110101011000101111011100000000001010101000011001
1101111111010100111010101011100011010110110100011000111101111111010011011011100000111111110101010100000001111010001111001111101111110011001111011111101011000000100110000110110100010011000001011010111000010100010101011110001010001101011111111011111111111011
1100101010000110110000111010111011000100110101001110101001011001011001011011001111100111010111111101101100101011100001100011001101011000011100000110000001101111101111110110110101111111111101010010101101000110110000000011011000100101000000011110011111010001
1001101011010010010110010000000011110001110101111010101011001101011011011001101101001100010010011111100110001110001011001010011100000010110110111111101111001010100110000010100001011001000101011010100111110110011011111111011101111111111111000111001001010111
1101001001111000111111010101111010100111000100110000000001101101010011001011100101100111011000110110111110100111011111011111011001111111110100010110000011100000101100111010101111001101110001011010110011000011011010100110000001011010101101111101011011010111
1001100011101110011011011100111000001111110101111110111101101100000110011000110000001100001101100000011011110000010101010110000011101110010001110100111110110111101111100000001100011000011101000000010111111010011000001111101100010000000000101101001010010101
1100101110001011011001000111101010100101010101101011110000001101110000111101111110111111011001111111011001011111000101010011011110101011010111010101111000000110100101111111011101111011111101011101010110000010110011111101111110110101101111100101101011000001
1110100010100010001101101100001111110101010001100011011011101111111011100101011000010100011011001010001101011111110101000110000110000011010110010100101111011110001100110101010101110010110001010111010011111010011001011000110100000100100000001100101011011111
1010101111111011011101000110100101000000000101001010011010000111001010110101011110110111010001101000100000000000010100010000110000101111010011000101101110001010111001100001010000010110111100000001111000110000110011001011110110111110101111111110001011000111
1010100011000001010001110011110001110101111111011111001010101101100000100101001100110011011011001110111010110111000001111101110101100110010111110100100011100010101100111101000110110110101110111011100011111110111001011011000110000111101001101111100000011101
1010101111111100011011111001011011011100001011001101100011100000111110001101101101100111010001100011111111111101111011101111011100110011010010110001101110111010001110011000011111110110101000011110111011100000101011010001110110111101111100000110001111111001
1000001011011110111000001101001011011001111010011101111111111110101100111001001000110110010101001110000100001101010010101011001110111111010110011011000110110000100011001111010101100110101110110110101000111110001000010111010010000000110001110011100000101101
1111100011010110101011111001101010001100000010110001011100010000001110001101101110100110111101011011110101100000011010000001011011101010010011011001110010000110110111100100000101110110101100100010101011110111100010110101011010111011111100010110001110101101
1000001110000010101010101100100011100001011010110111000111000101100000100000101010001110101000010001100111111111000010111100000001100011010110000011010110111111111110110110111101010010100110001110100001010011101011100001010000001111010101111111100111101001
1111011011111000100000100110111010111011111110100001101111111111001111111110101011011010001111011011001100100101111010001111111111111010010011111001010100010001101010100010001001011010001100111010111011000110001111001011000110111101010000101001101101101101
1010011010011110111110101110010010010000010100101111000101101011011011100000001001010011011101011001100110110100000010111010110010101011010110100011010101110111101010111010111011010011100110111000011011110011101101011011101111110101010111101101101101100101
1011011000110100000000100011011011010111110110100001110101000011110000111011101101011011010101001101110110110111111000001010011010101001000110111011010100000111001010011010011001011000110100001011110001011001100000011110000100000000010100001101101101101101
1000011110110101010110101110011000000010010100101111010001101110111101101110101000000011010001011000000000000101101110111010110010001101101100100011010001011101011000110011010011000011100101111001100111011011101011001100111101111110110101111000001100000001
1101001100010001010100000000111111101110110110000011011011001010100001101100001110111110011100011010101101110101101000101000011000100101000110110110000101111101001110111011010111101010110000101011110011010010101110011110011100100011100000001110111111011011
1111011101000101010101010110011011100110010011101110010011011000111101101101101010011011011101011010111111100000001110100011110011111101101100000110111111110001011010000001010110101110111101101010100110011010100111111000110101101111110111111010001100001111
1011010111111111110101111111001010001100110110001011011011010011101000100111000000110011010001111110010110001101100110001001111011010101001111011100011011000111001011110100000100101100001100101010101111010000101101101110010101000110110110011010111001111101
1000000011011011110101001101100011101101100111100000010001011000101110110001111010011001011100110010110111111111110100111111011011010101011011001101110001110010011010100111101101100111101101101000001010011101100101100111000101011110000010110010001100110101
1101010111011001011111100000001001000100110010111101000111001011101010000111010011001100001101100111100011010110000110010100000001010101011010011000000111011010111000111111101000110101101101100011111000110100110000110101011100000011010110110110111110010001
1111110101000011000110111111111101101101111000110111110001100011001011110110011110011110100001101111111000000011010000110001010111010000011011011011110011011010010010110000100011110101101101101111010010110110000111110101000101111111011110010110010100110101
1010100001011111101110000000110000000101010011110010110111001001101010000011010011000011111101101010011111101001011110011011111101011011010010011000011111011000110110111110101110010101101000000110010111100011011101100101011100010110001011000000110110110111
1010111011011110001011111010011111110101011001010110000010011011101011110111010111101111000000000000110010111101111000110000011000011001111011000011111110001110100010101100101011010100001011101111010011001110000000110000010101110000100011110111110110110011
1010101011000011101010101111001010110000001101010011111011011110101001010110000011000101111111110110111000011000110010111011111101111100110011011111110011011010001111101110000011010111100011111000000111101100111101111011110000000111111010110000100110111001
1000001001011111000000000101100000110111101101010110111000001100101101000011110111011101100001000011101111001110000110101010110101100001111001000000011011010000100011001000110111000001101110011111101101001101101111101011111011011100001010100111101100011011
1111100011010101110111101100110110011111000001010110101110111110000101110111010110011000111101111001101101011011111100000000000000110100111100011101110011011110111111101111110110011111000000110000001001011000000011000000000011000001111110101111101001111001
1111111000010101111110000110111111011000011101010010101010101111110101010110010011011011100001010011000101010010111110111011110101111110011001110111011001010100010011001111000011001011101111111111101100001011111111101010101001010111110100101100101011000011
1000011011000001011000110010101000001111111101010110100000100110000000010011011001011000111101011001110101011000000000011111111111011100111100000010001101010110110111101001110111100010100110101100001111011011001011001010101011010001010001100110000001110111
1111011110011011001111111010100011011000110000000010110110101111111111010110001101011011100001010011010101001110111110110100001010000001100001111110111000010100010110000011010101001110101100000111100110000001100010011111111001111111011100001100111111010001
1101000111011110011011000010001010001110111101111010010110100110100001010011101000011010111100000110000000011110100000100001111011111100110101101010101101110110110011011000010101100100100001011101110011011011001000110011011111001000011001111001101101011011
1001101100010011011001111011111111011000000101011110111100001100111100010110001011110000010110101111110110110011111110101011110011000001110111100000001101100100010111111101000000110001101111110101010111001111011111110110001101101011110011011011100101011001
1100000111010110011011010000110101001111110000000110101111100110100001010111101000011111000011101001111100010111010100101111011011111101100011001110100000110110110010010111111101111011000110110100010001101110010101010110111001101010100110011000001100000011
1111010110000011001011011110000000011000111110111110100110001110111111010011101011110011111001101011001111000010010110100101011000110001001111100011110111100000110110110001110001100000011110010101000101001011010100000100000011000000110000110011101001111111
1011110100111001101011011111111111001110011100001100101111100100110110010110000001010110010011101011101011111011000110001101001011111101011000001111111110111110000010110111010101110111110011010111110111101001010001111101111111101111100111111010111100110001
1000100111111011001010000001011011011011010110111110000101110001100111000111111011010011011011001001101010101011110110111000011011011000001110101010101100011010110110110101011101010001011010000110000010101011000111101100100101000000110001010000010101110111
1110110011000001101011110100000001011010000110000111101100111011001100010011010001010110000000011011000010101010110100001101110011001111011011101000101101110011110110010001011000000101001010111111011000101011101110101101101100010111110111000111110000010001
1100011001111011001001111110111101011011110110111100001101101011100001111001011100000111011101000001110110000010100001111101011011011010000001101101100101011011010110110111001011110111101000011011111011101010101100000000000111110101010011110111100111110111
1001011101011011101011011011101000001010000110000111101001101000101111101100001101111101110001111100010110111010111100111001011010011011011111101000110000011001010100010110011111100010101011111001101010100000000001011010101101100001010110100000001110100001
1101000000000001101001010001001111101011010010111100000011101011111110101110111000110101111011101111000011110010100001101101011010110001000011000011110111111100000101110111001100111010100000001011000010001101010101011110101100001111010010101111111000001011
1001101111010100101100011101101110101011111000101111111010101001011010101010001010100101010011000001011011011000111101101101011010111100011111111001000010111111110101010100011001100000001111111011111010111111111111110111111111101011010110000101101011111111
1011111111111110100110111000001010000010011011101011000000001011010000001011011110001100011001101101010000011101101000001101011010011001000011000011011110011010010001010001111011110111111110101001011000000010110011110101010101101010000010111100101011101101
1111010000101000101110101111101011111010110011001001111111100001011111100001001100101110111111111101111101001001101111101101011010110011011111111011001011000011000100010111110001010010101010101101001101011110011001010001010100100010101010011101101010000101
1101011110101110001100001100001011010010011001101011000000101111011000110100011001111010010110010100110111100011101101100001011000110111110011001001011001011111111111000110011101000110100000000101011101110100110011010111000110101111111010110100101010111101
1000001100000011011111011111101011011000110011000001111110000110011011111111000011011010110111000001100110111010101101110100001011100000110111101011001100000110101010010011011000010110001111110101011000100001100111010011011110101110011000100001101000001101
1111101110101000000110000111000000001110111001101111110011110111010001100111110111001010110001111101110010111010101001011110111000110111110010101001011101111110101011111001001110111111011010011100010011101011110000010110011000000011010010001111101011111001
1010100110111101101111101100011111011000011011000011010110110101010111001101010101101010010111010000011000000000001100001100101110010011100110001011011001011010001010101011011000011111011000111111010110001011010110110111001101101111000111111100100000011011
1000101111100001001010000111111101010011000000011111010100010100010101100001010100101010110010011111011011110101101001111110001100110110110100111000011101000010111000000011001101110110011011100100010011011111010111100001100101100110011101010110001111010001
1110101001111111100011101101100001011111110101000001010101000101110000111100010101100010011011001110011110111111100011000011011110110100100110101101110000011110011011011011011000110110110000110111000110000110010011001111001111001111001100000010100101111101
1000101011011010001010000000111101001100011111011111010101010000100110110001010101101110110010011011001100101100111011101110011010010101101100000000011101000000111001111010011101100110011011100001110000111111010110011001100110011010011001110111110101101001
1110001001010011101111111101101001011110111000011011010111111110001111111011000000100110011000110001100110101110100010100011001010110101101101011111110101111111101111101010110000110110110011111011100110011111000011000011001100110011000011111101000000101101
2011101011011001100110101001101101010100110011001011010010100011011111101111110110101111011010011101101100100100111010110110011010110100001111011101010100101100101101000000011110110000011010110010101111000110011111011011100110100111011111001101110110000001
1010000011010011001100101100000000000001111111101011000110111011000110000101111100000110001111010000000110101101100010100000110000000101111011000101010101100110101001111011111100000111110010011000111110011110110101011110001110001100000001101101110111111011
1011111000000111100110001110101110110101101100001011011100000011011111110000001111011100100101011111010000000101101000001101111101111101101001011100000000001100100011000000110111010100011000111011100100110010000000000011100010111111011111101000000000001111
1000000011010011001111101011111111111100000110101000000111111011010001111101111000010101111100010011111111010000101011111101100100010101101100000110111110111110110111110101110001110101111011100011110110011000101011111110110110110110000101000011111111011101
1011010111111001100101000001100000001101010010101011111110000011010111000001001111000001011111010110101001111101111111111000110101110000101001011100011111101100000011011100100111100000110010111010100110110011111111111000000010000011011101110111000111110101
1111110110000011101101110111111111101101111011101011011011101001010001111101011000011101000110000110101100110000010100001101100100111011100011111110110001101101101011011001101100110110011010001010110100110111010100001101111000110110001001100110010001100001
1111111111111011000101000101100010101101100001001001011010111101000111010001001111111001011111110010100110111011110001100000110101101011111010100110000111100101001110001011000110100111111010111010110110100000000101111111000011111110111011110000111111110111
1011011001000001101101110000111010000111111101100011011000110000011111010100011000101101000011011000101100001000011011111110110101101000110010101100101100101111100111011011011110101101100000011010100000001010110101100111111010110010000001100101101111110001
1011001100011101101100110111100000111111000000001001011110011111011100011111011110101000011010011110000101100011001111011000110001001011111010000001111110000010101101011001011100100000111110110010111010111110110000110101000000011000111111110111000001100111
1011011111111101101001100100111101100001111101101100001010110001000111001100001010000011111110110111011111101001111000000010011011011011011010111100010011101110000000011101010110001111100110011010110010000011111111110101111011001101111100010011011111001111
1000001100100001101011110001101100101111001101111111011010011101011101100111011011111001101100110100010110111100101111111110111010000001011010000101110110000011110111001000010010101110110010110000010111111111011110000001010011111001100101000110001011100101
1101111110111101101000111101001110100111100000110111011010110101001100110100011001011011100110100111000000010101101110000000010000111101000000110100110011011111011111101101110111100010011010011111010011110110000011110111011001101101101111110010111001101101
1101110000101000101011101001011000101101110101100000011010110101100101100111011101010000110110110110011110110000001011011111011011101111101101111111111010011010001101001100110011001110110011000011010110000000111110110110001011001000100110000110010011101101
1000011110000010001001101101001110101000011111111111011010000000110001001101000000000111110110010111011010011011111011111100000010100011000111101011010000110010111001101101100110011010110110010110000000101011101010100100100001101010101111101110110110101101
1110110011110111011011000000011010000011111010100010001011011111111101011001111010110001100100110101110000110010101001100001011010101111110010101011011011111000001011101101110011001010100110111110111101111010101000110101111011100011100110000000000100101101
1000010110111101011011011101001010111111100010111011100001011011001001011100011111100111110110100001100101100110101100111111110000100011010110101011011010101111101011000000100111011010001110101010111111011110101101100000111111001001101111101111101101101001
1111010110101001011001111001011010100110111000011000111101011011101101010111010101110011000110111011111100110110101101101010000110101110010010000011011000001111101011111101101110011010111000000000000011010100101000001111101100011101101011000001111000000011
1011010000101100011100101111000010101100101110110010100000001001101001010011010100011001110100101001101101100110001100101011111100101011000110111110001011101000000010110001101011011010001011010110101000000001101110111111001110111111001010011111010011111111
1000011010001111010110001010011010100110101010010110101111011011001101010110010101110011010001101100101000110111011110001011011110101000011110001011011001111111111010000111000000000011011011111111111111111101100010011001100110101010011011010000000111111011
1111011111100000010110111011110000001100000011000011111111011001100100000111010100100110000100100110101011100011010111101010010000001011111000111001011011010101000011011101111101111110000000101101010110000111111000111011110110101010110011000101010000000001
1000001101101011000000010000011111011111111011101001010000001100110111101101010110110111111110101100100000111001010101100011011111100000001110111011000011000101111000000101001100101011011111101000000000101111011110110001100110000000110110011111110110111101
1111011001101001101110110111111101001011100010111101011111100110010110000101010110110100011110100110101110101101010101111010011010101111111010000000011000011101101111110100011001101010000110000010110110111101010100011011001100111111110111001010111111110111
1000001100111111111110110011010000011010111010011001011000001111000011101101010110100110110100001100000010100001010101000011001000001101010000111111111110110001000001110001111101100010111100111111111111110100000001000001100101111101100011011000101011100011
1111011110010111000000011011000101001010110010111101011111100101101001000001000110001110100111101111101111110101010001110111101110100101000110000011100011111101110111010100110100111000010101111101101101100111101011011111110000000100111010000011100000111001
1101000111000001111101001001101101100000011010011000001111110001111101101101011111101010110000000110001001011101011011000010100011110101011111101110101110011000000000011110010101101011110001000000000000110001111110000101010111111101101000111010101111111101
1001011101011111101111101011111001111111010000111111011000111011010001101100001100000000011110101111100011001000011011110110111011010100000000111110000011011101111011011011010100000001110111011111111111111011010110111100000000001101000010001010000000101001
1101010100000101001010101010100011001000000110101101001110101011011101111001011111101110110110100000101111101110110001100010110011010001010111111011011110001101000011111010000101101111010110001101110110110011000000000111110111111101101110111110111101100011
1000010111101101101000000000111111100010101100000001011010101000011000011101111000111000010011101010000110101100011101111000011011010111111111101010001011011111111010101000110000100011010011100101000000111011111110111100000010101001101011100110111101001001
1110110100101000001011110111110101111111101001010100011000001101001101110100101010011111000111111011010110101110111101001110111010010000101100101000111010001001110000001111111011111111010111101101011111100001100000010111111000001101000001101100000111011011
1000110110000011101010000000000101011000001101011111001110100111011001100001101111010001110110011011110110001010110101101110101011010111101001101110011000111011011101111001101000110101000010100101001001111100111110110011011011111001011111001101111110001111
1110100011101111111111101110101100001111101111111101011111110010001101111101000101011011000011011110110100111010110001100000100011000000000011101000110011111010010100111100100011100000011110001101011011010001100010110111010011101100000001011000001011011101
1000111000100010010100001011111111011011111010100001011011011000101100110001101101001011110110001100000001110010111100111110101110011111111110001101100110101011010101101110111000001111000000100001000001011100111010110101000110101101101101001110111000000101
1101101110001110110111100011010100010000011000101100000011011111100110011100000101101001010111100111111011011010101101101100101110111100001100111000110010101010010101100110110011111111101101110100011111000110101010100101101110100100100101011010101101111101
1001100000100010110000111001000111011110111110111111101001010101001111010111110001101100010001110111010001000000000000100110101010000001111001101011100110001011010000110100111010000001100101100101000000011110101010110101101100110101111111011000001101110101
1100111101110110111110010011011110010100011000010011111101010101011101010110010111001111011101010001011101110101011010001100001010111111001101100011110110111011010111100110011010111111001111111111101101001100101010110100100110000000110110001101111000000001
1001100111100000000111011000001100110110111111011000010001000000000001010011010001101010010101011101011100111111111110111111101000000011011100111000110110110011010110110110110000000001011111001010111111100110000000110110001100111111100010111000110011110101
1100101110110111111100001110100110010110011010001111010100010111111011010110010111000011000101011001010110101010100100101011000011010110000101101011100110011010000110000010011011011111001100011010000000110011111110000110111110000000110110101110000111011111
1110000000110001011111101010111100110100110000100101011111011110101011000011010001101011110101001101010010101010110110100001110111110000111101001010110011010010110011101010111011000001011111001010111111111011100011101100011000111111110110000010101101011001
1000101010011100000011100010011110100110011111110101001011111000101001110110000111001001000001101100011010100000010110001111100000111110011100011010110110011010111111111010110001101111110110011000000100101110111010001001111010000000010000111110111000000011
1110101111000001111110111000110100001111000110000000011010101110000011010011110101111101110101000110110000111111010011101011001111101111110111001010110110110000001100010010000100100001100011010011111101100100001010101101110010111111000110000000111010111111
1000111000010101110000111101110101111000011111010111001010101011110110011011100000110101011101011110011110101011000110000001101100000001000110011010010110011011111111011010111101101111101111010110110000110111100010101101000110000001101111011010000010000011
1010011111111101011011101001100001011111010101111111100010101000000110111000001111110101011000011010111100000001011111101111001001111111010011001010110110111011011101000000000111111100100110010100011110110110111011101000010110111100111001001010111111101001
1111110101101001001001001101111101010100010101101100111000101111110110001111101101100001010011011000110111010100000101000011100011100110011111101010110110010000001001110111111110110110101111010101001100000010100001000011010110000111111101101010001101111101
1101100001101101101100011001010100010111000101101001111110001110000110111000001100111100010111001110110011110110111101011110101111001111001100000010110011010111011011000110100000000110101101000101111001101110111101011111011111101110001101111011100000011111
1000111100000000000110111101010101110011110000101011001011101011110110101111101101101110111110011000110110111100011000000110100001100111100111110110111011000011111011110110101111111100000101110000101101111110100000000001001001111100111000001111101111001011
1110100111111101101100011001000100011010111010001001101000101011010100100110001101101000101011011110110100100110111101111110101111110010101111000100011010011110100001100000000000101101111101100110000100001010111111011101100011010110001011111000000011111001
1000001100001111000111011101110101110000101111101101101110000000010110101111101100101110001010001100110110101100011000101010101010110110100101110110111010111110001111001111111111101100010100101111111101111000000110000111110110010100111000001111101001101011
1111100111011001101101001100110000111110001100000101100010101011000000101010000110100011101011100001100000001111000011101010100010100110110101010000110000000010100110011000001101101110110110000100001101001101110000111110111111010101100011111011111011000001
1000101100011011001000011110111101101011100111110100110111111111011110101000111100110110001010111100111010100001101000101010001110001110110000010110011011111111110011000010100000001010110110111101111000011111111110101000101101010100110111101000111111011111
1110001001001011101101110000000000101011001100000001110101010001110000101110010110010111101010111001101111110111111110101011011011100100010111011111011001001101100110010111101101111010010100010100101011111011011000000010100100000001100100001011101101000001
1000100011100000101000011111111010001001100111111100100101011100111110000100110111010101001010001100101101010010100010101011010010101101111110001101000011011100110000111101111111101011010101000001101001110010011110111111110001111111101101111011000101011111
1101110111001010101011110000111011101011001101010110110001011110010010110110110101000101101010111110000100000110111010101001011010000000101100101101111011010001100101111100000110101011010101111100000011011011010110101101011011000000000000011011011101001111
1111011101111110101011011110101110000001101100000010111101010111011011110110110101110000101000011011110110111110110010100011000010111111101001101001100001011101101111010101110100101011000000011111111110000011000110100101011010011111011101111010010100011001
1010011001010000001000001100000011111011001101101000001100010101011001010110000100011110101101110000010110110100011010101111111000001110001100111100110111010101000010000000011110000011111011110110100110111111110000101101011000110001111111010010110001111101
1011011101011111100011111111101110000001100111111110111111000000000011010011110001111100000100011111010100010101111010101101011011100010100110011001100011000000010110111101001011110110101001100000001110101101010110001100000011111011110001011000000111101001
1010001101011000111000111101001010111100001110010110101101111111111001000110011101010111010101110010000110110100110000100000011001111111101111001100110111101011010110000111111001010110101011101010111010100101011111100001101011111000011011001110110000101011
1011101000011110000010101001101010100001101011000100101100011010111101101110110100000011110101011011110110100110111110101111110011011011000101011110110010111011111110111100101101010010001000001111101010101101001101101111001000110011110001011110010111100001
1010001101000100111011101101001011111111101011110110101101000000101000001100110110111110100001011001010010101100011000100110111011010001110100010100011010110000011000000110101100011011101011011101000010100100011001100001101101111000000100000000111111001111
1011011111110001100001101101011011010000000000110000101111111110001101101101100010110000001011001100011010100111001110101110010000000111100101110110111000010111111101111100101101110011001001010001011110110001111101101111111111101011111111111010011001100101
1010011011111111111100101000000011011010110110011110101010101010111111101100111000011110111011011001010000001101011010101011000111111100110000110000101011000110101100110110000101011001100011110111011010100111010101000010110110101011110110001111001100110001
1011011001011010101110101010110110011111111110110000001010100000100110001001101011001111111011011111011011101100000000000011110001110101111011111101101110011100101101100110111101001011001000110110001010101101010101101110110000000000000000111101111001100111
1011011101010000101010101111100011001101011100011111100010111110101111101011001111011001100011000110011111101111111110111001010111000100101010011101100111000001100000110110101101101011011011110010111000001101010001101000010111110101010111100000110011001101
1000001001011110001000000101111011011001010110111100001000101110001010000001101100001100001111110011001110000000001010101111010111110101101010110101110010010111101111100110101101101000001110011010011101111001011101000011000010111111110001110111111011100001
1111101011010111101111101100011011001100000110110111101110000000101011111011001110100111101001100111101011111101100000000110000101010001001010110101010110110100100111101110000001101011111110111010110000001011001100011001011000001010011100000110100000001101
1011101011000101001100000111011011011111110100110000111011111111100010101001100111101100001011110110000010100111111110111111011101011100011010110000010110011110101100101011011111000001101010001000011011111011101001001011011110100000111101101100101111011101
1000000011011101101111101101010011001100000101111110110001110111111000000011110101000111101001100011111000101110000010001011011001010110110010111101010011001100101101101011001101111100101010111011111011000001101011111011000111110101100111111110000001110111
1111110110000101000010000001000110011111110001001010111011000000111111111010100101101100001011110110111110101011111000111011001101010110011010101101010111101001101101101000011001001110000000000001010011110111000001111001010000110111110010000011011100110111
1000100100111101111011101101110011011001010100011000101011111110100001010010110001100111100001100010101110001011001110101001100101010110110010000111010011000011101101100011111101011000111111111111011001100101010100001011111111111111111010111110001111100001
1110110110011001101000111100011001001101011111011110000001001110111101011010011101110101111011111010001011101001100000101100001100000010011010111110011011011110101100101111010101011110000001110110011100101100011101011110101111111101101000001100100110110111
1000010110110011000011110101111100011000011010000011111100011010110000010010110101010100000001100000101000001011001010000110111110110110110000011011011010000000000110100110010100010110111111010011010110100101111111111110100000110101000011111001110100000001
1111010110011011011001010101110111001101110000111011010110110000110101011000010101010111111011111101111111100011111111110000001010100010111111001011001000101110111100101110110001010000000110010110010100101100110000101010101111100101010110001101011110111011
1010000111010001011101000101000101011001011011100000000000010110110111000011000001000110111001101101100100111000110101110111111011110110001011100001100011111000010110000000000111111101111110110000110110101101100111101010101010101101110111011000000110001111
1010110001011011110101110001110001001101011011001111110110111100011110011111111100011100001101101000110101100011100000000001011001100100111001101111101111111111110111011111111100101000011000110111100110100000001110101000000000101100100011001011111100111101
1000111101011010100001011011111101011001001001111110111100100111001100111111111111000111100001100011100100111010110101110111001101001101100011001011000110101011100010001101000110100011111101100011001110001111101100001101111111101110001011101010110101110101
1010011000001010110100000011010000001100011111010000001110001101100111110011000001011100111100111000110001100000111111010011011001101100111011101011110100000000110110111000011110111011101000111000011011100011101101111000111011001010111110000000000000010001
1111011101100010111110110111011110111111010110011010100011011000001101011011111101011001100001111101100111111011101010000110010011000001110000000001100101111111110110011011111100110010001101101011111011101110111100101101100001011010000111011111111111110111
1101000111001000011011110110010100011011010011010010101000000011100000000010100000011100111100101100110110100011000011110011000111011111011010111100110000100011100010110000100110011000111000100010101010000010110101100001101111000000111100000110110001010001
1001111111111111011011000110110111000000000110011111111110110111110110101110111111001110011110101110110010111011111000111001011100000000001011111110000111101110111000011011101100111010001110101110100011101000010100111100101001011111111111011100010111000111
1100111000100000000001110100000110011111110011011101010011100100111111100110110011011011010000001000100110110010011110001100001111011111111111000110110101100110011011110000000110110011111000000000001110001101000110011110101011000011100101011111000010011101
1110101110111101101111000001010011010000111010010100000111111110101001001100011000001010011101101110101100011010110111101101111010001010010101110100111100110011011010111011111100111001101101111111111011011111101100110100000001011110110000010101011110111101
1000000110100111001001101011111001111110010010110111110010111000001101101110111111101010111111000000001111011010100010101000001011101010110001100001101110000111011000010000110110011100101001011011011001011011111110110110111111010110011011010101011000010101
1011110110110111101011001111000011101111010110010101011000001111100001000110011001101010100011111111011010011010111000001101111001101010011100111100101010111101011011110111110100110001100011011000001101000001010100110000001110000000110011110100001011110101
1111010010110101000001111001111001001011010111010000011011111010101101101111010011000010101110110111011000110000001111101001111011001000110110001001100000101100000011010111010101111100001000000011111000011100010110010110111000101111111010110001011001110101
1101011000000000010101001101010011011010000010011111001001010010101000001101011011111010101010010001011110100111111000001100001010011011100111100011111110101111011001010000010101100110111011011000101010111111110111010111110011111010011010011011111011010101
1000011111010110111101011001011011011011111010110101101011011010111111011001010010110010100011011100000000101101010010100110111011001000110101110110010110100110001100010111110001110100001001111111101110000011010000000000011010111010110010110000101011010001
1101110111011111111101011101000010001001101010010101101011011010110011001101011000111000101110000111111101101101010111110100101001011011110101010000110010101110111111110010111101010101111111110011000100111111011111011011000000001010111000010111100001010101
1001010101111001010000010101111000101011000011000000001011011000011000011001001010000010001011101100010000101101011101010101100011000001100101011011100110101100111000000110010101010000010101010111110101100110000101011111011110101010100011110001101111010111
1100000101101100011111000000001101101001011011110110111011011110111111011100011111111111011001000111011101100101011000000101111001101111101101000010110110000110101111110010110101000111110101010110100101101100111100000001111011111010101001100111100101000111
1111110101100111001101111111100101001101010001011100101011001100010010000111001100011100011101110001011001001101001110110000101101100110001000010110100010101100000110100110100000011111110101010110110000000110000001010111100001011010101111110110101101011101
1011000000110111101101011010110111101101111101001001100001100111011011010000011110110111010101111100011011011001011011100111101101101111101011010000110111100110111100110000001110111100010101000010110111110011101111110000111011010010100101100110000000001101
1000011101100101100000000010100011000001100001101100111011110100000011111111011000100011010100001101001000001100001011001100001000000011000001110110100101001110000101100111111111100110110100011110110000111111000111111110110011010110101100101100111111111001
1101011000110001001011101000001001111101111011000101100001100111011000110110001110110110000110111111100011111111011001101111100011111111101100111111110101011000111101110010101001001110100101110110110110011101101101011011111011010100000001101001110101101101
1111001110000100011011001101101100001101011001110000111011001111111101100011011000000011110100000001111010001010001100000110111010111010111110011001100101001011110100011000001011011010110100010110110111010101001100001001100000000110111111001011000000001101
1000011111111110111111111101000110100101001101111011100001101100100100110110001111110110010111011111000000111011101111110100010000001010010011000011001100011000000001111011111010011010100001010010110101110101011101111011111011101100000001101000011111111101
1111110010100000100100000001111110110001101101011000111101100110110101100111011010110111010110010101111110011011001010000111010111101010110111101111100110110011010101100011110000110010001111110110110000110000000100000001010001111101111111101011111110101001
1010011010111111110111111100111100111101101100011101100000001100100000110010011010100011000011000001111010111001101011110110010110111000110110000101001110011011111111111000011011111000100000110110110111111011110001011111011100011000110011000000000000100011
1000110000001101000001100001100001100000100111001101111111100110111110011011001000101010011111110111000000101101101001100111010110110010100111011101101000110000011111001011110000001011111101100110000001010000111011111101000001111110011001101111110111101111
1010011111100101111100111111110100111110101110011000111010101100111000110001100011111011010101000101111110101001100011110101010110000110110001010101001101100111110101011011010111111000011111110111011111000101101111110100011111101110111011101010111100000001
1111010001110001100001101000111111100000101011000011100000000110101110111011111010110001010101110101000000001101110111010101010100111111111101010000011000110010110101010000000010011011110010100011011011011111000101010111011100101010000010000000001110111111
1110011101000111111100101011101011111110101011110110111111110000001100010001101010110100000001100001101110100000110110000101010101101011011000000101111110010110110101000101011110110001010110111010000001011010010000010100000110101011011110101111111010000001
1011011001110010101110000001000010100000000010110100001101111101101111011101101010111110101101101101111100111110100011110101010100000001011111011111101100110000000000011111111110111011010110110010111101010000111011010110111100101010001010111110101000111101
1011001100111010000011011101111010101101010110100110111001011101000001001100000010011011111000001101011001110010111001100101000101101111010101001010101110111101111111001011110000010001000000011000000100000111101111110100110110101010111000000000000010001111
1011101101100011111011011000110010001101110000110100101101010111101100011110101000110001010011111111011111011000000011110001011100111101010100011010001010001100011001100001011011000100011101000011110101011111000110110110110010001010000010110110111011111011
1001100001111010101011111110011011111111100110000110000000000010111111011111111101110100000110011110001110000010101001100100010110010100010111011011011010111001110011111101011111011111001101101011111111000000011100110100011011100000111110011110011111101001
1011111101000010101010110110110000010100001111010110101101111000110000001101111101011111101111001100111011111011111100111111010100110001110100000011001010101100000110011111001100010111100101101000000001101101000110010101011010101110000011000011000010101011
1011010001111000000000100110110111010110100011110011111111000010011111101100101001001101001011011001101011000010010101101010000110000111010111011111101010001110111100110110011111000000111111111011010101111111011100110111011010001111111001101111111110000001
1001011101101110111110110000011100000111111110111011111000010110110001101001101101101101100011001101101001111011000000101011011111011101010110001010100010111000000101100011000111011010111010011011011100000111110110010110011000100001111111111010100110111101
1100011100000000111000011101111001010101010100000010101111110100111101001100100000000101110111101101001011011111111110000001010101000001010011100000111010101101010000001111011100011111100000110001011110111101100010110111000010110100000111110000001100000111
1111010110110111100011000000101111010000000111111010100000000110010100011110111111110100110010101101101010010110111011111101010100011111011010110111100000000001111101100110010111000101101111110101110111100000111000110011101111111101101101100111100001110001
1000000111111111001111101010000111111111011110111010110101111111000001001100011101100001100110000101001010110100001010111101010001111011001010100000111101111100011111111111010001011101100101011111000011001111100011110110000000011111000000110001111100011101
1011110101101001111100001011101100000000010100000000011111111101110101100111000100111101110011110101011010100111100000000001000111101001100010110110110100001101110010110110010111011000001100001011110111011010111010000111010111110111101011100111011111000101
1110100100101101100111101110000110111111010111111101011011000000111111110101110110001101000110110000011010001100111111111101011110100011111010110011100001011111010110010011000110000010100001111001010000000000110010110101011110100000101110101111010001110101
1100110101101100110111111110110111111000000100000111011001111101101100000000000011101000011110111111000010111101100000001000000000101001101010100111001111110110000011010111011110111111111011001100000101101011111010011101001010001111111100000101010111111111
1001100101000110000100011011110101001111110111110110000011000001100111101111110110101110110100101101111010110101111111101111101011101111000010101100011110110110111110010110000100000011011111100001011101111011000000111001011010100000110101110000000101000001
1100110101011100110101110011000101011010100000000111101001110100110110111110110100001100010101100001100000010001011011000001101110100001111000100001000000010110010011000011011101111110000101001011111111001011110101101100000000101011100000010101110000011101
1001100100000111100001111001110001011010111111110011111100011110000000010000000110100111010101111011111111010111001001111101100100001111111110001101011111110000110110010110000001101100111101011000000111011010011100101101111111111000110110111100110101000101
1100110001101101101100001011111101011010010110100110000001111000101111011110110011101101010101000001101100000111100011000000101101011011001011011101111110010111100110111111101111100001100000001101010001011111001001101101111111011111110110000111100111011111
1110111100111000111111101011001000011011010000110011111100110011111111010111111001101000000001111011001111110101111001111110101001001011011001010111110011000010110110011011000000001100001111111111111100001101101011101100000000000110100010101111110001011011
1000101110011011111010101001101111011010011110100111011110111111011000000101000011001111111011010001011000110001011011010000101011111010001100000011010111101110010010110001101111011001011110000110101111011000001010100001101111110110001011111000011011110001
1110101011010001100000001011000000001010111010110110010000001100011111110101111001101100000011000111011110011101011011011110000001110011011001111110010111100011000110000100000011111111110011011110000001111111101010001011000001011110111111001010111110100111
1000000001000111111111101011111111101010100000000011000111100111010111110101011100101110101001110101001011010001011001001111011111011011001100001011010011001111101100101101101110101010110110000010111111000110101010111111111111011100010101011011110110001101
1010101101101110110101000000100000100000111111110111111111110000000000000001010110000111111100100001101011011101001011011010001101011011100001100011010111100110100001111101100010101000110011011110100111110100001000010100111010000101000000000001000010111001
1010111000000010110101101110111110111110001110000011011000111110111110110100000011101101010110101011101001001101011010010010100000011010110111110110010010110000001011010111101110100011111010010010001101100101101010110001101010111101111111101100011000100011
1011111111111010110001101000100100111111101011011000011110101111110111100111101000000000010110101011001101011000010011011010111111110000100000111111000110010111011110000010111110101110110000110110111000110111000011110101101000000000000001100101001110001111
1010000000000010110101111110110001100010000000001101001100000000010011111111111111101011010100111011101000011111010111011000011101011110101110101010011111000001000110111110011010000010011011100010101011100010011111010111101011101101111101101101011111100001
1011011111111010110111010010011100111011111111111111011111111111000110111100110111111111010101110010101111010101010101011011110101001000000011100011000101010111111100001110111010111110110011111000100011111010111101010011000001111000111111111111111011101011
1111111011100000100011011010110110011000000110110000000110000101110010100001100100010100000000100110000011000000010101001011010001101111011111001111011101110010110101111010010000000010011000110011101110110010110100000111110111001010000010110110110000101001
1110100010111110101110000000000000111111110010011111101111110101010110111101110101000111110110110111110111110111000101011011010111001011011101100110010000110110100000011011010101111110110010111000000110011000000001010101100000011110101000000000010101101111
1000001000000110000011111111111110111110011010110110000101100000000010100101010111110110011110110001010011011111110101011010010101101010010101101111010111100000001111111011000111101010110111101011111111001101111011010000001010111111111010101111110111000101
1111111111110111110110101101011000011000111000010111110000111111110110110000010110010110110000110100000110011000000000001010110101001011000101101101010010101111111010101010010000000000010001100001011010011000111111010101101011101000011111100000000001110001
1111001110000000100010100100011111001110001101000011011101100001110100111111010111010110111110111111110011011111010101111010000001101011011100001101010110000000000000000010111110101010110111110100001010111011100001110101111001101011110001101111111111011101
1000011011101110110110110111001110011000101111111011011001111100010110101010000011000100011000001101011011001011111100011010111111000011001001111000000010110110111101111110101111111111110101010111111010100000001111111111011101000000000111000001010000011111
1111001011001000000000000001011011001110111011000011000011000001000110000010110111110110110011100000000001100001101101110010101010011111100011001111011110010111111111100000000000010101010000000011000000001101111100001111001111011011110011111111010111110111
1001100011111110111101010100000011011010011001111011111001011111110100111000100011010000011111111111111101101101000000111010101010110110101010011010010110111101000011001110110111110101000111111000011110101100010101100101011010001000011001010000000000010101
1100001001111110100001110110111000000010110011010001100011110000110111111101111000011111010100000000000000000111111101101010000000110010001010111000110110011000011110011111111111000101101111110011001111101111110001111101000000101010111100000111111111110101
1111011100001011111111111111111111111010011011010111111000111010110110001111100011011010000001111010111111010011000001000010111111111010111110001110010010111011111010110011001101101100101000011001100000100111000100010100011101111011110101101100000101100001
1111111111100001010000011101000000000000110010000001010011101110100111101010111111010011111111101010100000011010011101111000011001100000010100100110110110100000000000011001011001000001100010110011111011110000011101110001111100011001010100100001111100110111
1101101100111101011111000000011010101010111011101111000111001100001100000000001101011001010110001111101011001111110101101101110011001111110101111110000000001101010111110011000011011111001111111000011111011111011000000101100111111100000110110100110101100001
1001101001100000001111010111111111111110011011101101110101100111011111111111011000001100000000100101111111100110100000001100110111100110110000010100101010100111111100011000011011000100011111011101000101001111111110101100101110101111111111110110110000110111
1100000011111111100001111111101101010111011010101001100001001100001011011011010011100001011011110000110100110110101111101110010100110100011011110001111011111110110001111110111110010001011010000111110001100000000111111111101100000010000101011111110110000001
1111111011101001111101101000000000000011000000001011111101100111101011010000011111111111111110011101100110000010101110001010110001110001111001011100001111111000011100110010010100111111000000111110111111001011010000000111000001011110111101011011100110101111
1010000001000011010000000011110111111001101011101010100000110010001010011111001110101010111111000000110111101000111011011010110111010111101101010101111110101011001101100110110001101111111111110010100011011111111101111101011111000110101000011000110010100111
1011111101111010000101010110000100001011111110100000101110011010100010110101011010101010011011111011100100101110010011010000110011010101001100010000011010000001101101110110100111000001101111010110001111010110000111100101000001010010101011111011110111110001
1010101000011011111111111111110111100010110100111101111011010011111000000001001000001011011010000010110110111111011000011110111001010101011001110111111010110111001100110110101101101111000000000110111110010000111110110000011111111110100000110001100001011111
1010101110110010011010101011011110101010100110111001011010000111001101110101101110100000000011111010110010110000011111001100001100000100001101100101000000011111111110010100000101000000011011110000000011000111100010110111111000011010001010100100110111011111
1010000100011000110000000010011100111010110100001100000011110001100111011101100110101110101000000000111000111111010100011111011001010101111000001100011111001000011010110111010101011111111111011111111111011110110110110100001011111010111111101111110000000001
1011110110111110000110101000110110010000000111100111110110100111110010001000101111111111111110101010001110101101010111001011010011111101101101100001001111100011110010100110011100001101000100001101110110000000010110110001111001010000010101000011010111011111
1010000000001111011111111110000011011111101101001101100000001101011011101110000100111001010011111111011100000000000010011010010110101100000000101111100000111000011010001111001001011000010101111001010110101101000000110100001011010111110100011110010011110101
1011110110111001111011010100111000010000000000011100110101101100011010101111110001101101011000110101011001101110111011010011000000000001010111111111111111111011111010111011011011111101111100001100010110111111111111100101011001000010010101111011010110110101
1011100100011101100010010111101111000111111110110001111111101111000000000001000111001000011101100000000011111111100011010110011111101011010000110001011111001111000000000011000001101101011001101001110000010010111101101111110011011000110100101011010100010101
1010111101001000111011010110001011111111000000011011101010000101111111111101110001100011010000111111011000110011111000000011010000111111011011100100000001100101111011111111011100000000001100111011110111110110000000101011111000011111100101101011010101110001
1000011111101101100000000011100010101101111110110011000000110001110010100000100111001011011110111001111111111000010011101010000101110001111110101111111111110000110000110110000111111111111110011011000011010000111110000001010011001101101101101001010000000101
1111010110101101111111111010111000000101010110011011111101111101011010111110110101101110011010000011001111011111011111001111011111100111000110001011010001100111111011110010101111111111111010111000011000000110000111010111010111111100101101000011000111011111
1100000010101101010100011010101111110000000000111010000111111100000010101000000000111111000000101001101001010000010101100101000010101111110011011011010111001110110011011000101000000000001010001011111101101111111101110001010000101001100101011110011111000001
1001111010001100010111010010101001011111111110000011011100110001011000001111011110011011111011111101101100010101000000001100011110100101100111010011010001100010110110011010100011101101101010111001000101101000011001110111010111101011101100011010110101111111
1101000011101111010110011000101100011000001011111000010110011011111111100011110011010001101111010100101001111101011111100111011100101100110000000110000111001110100010111011111111111111111000111011011111101011010011011100000000101010100001011000100000011011
1111101001101000000111011110101101001110100000101111010100111110101101111010111011011100100101010110101011001111110000001100000001100110000110111111110000011010101110000000000000001010110011101000000110111001110111011001111111100000101111111010001011011001
1010111100000011010010010100001111100111111110101100000110101000000000010000000000010110110000010000000001101010111111100111011111001110110011111010110111001000101110110101010110111000010111101011111110001100100001001100000010101111101010101011111111111101
1000000111011111111011010111011010110100000100000001110100001111111111011111110101000010110111011111110100001010100101110101010001011100011110000000000011111010000000010111111111101101110100000000001010111101101111011110111110101010100010000001110010101001
1111110100010000110000000000001010010111110001101101100001101000000011010000100111111010110100001011111111101010110000100000010111000101011011110110111000000010101011010010101000001000110001111111011000010100100010011010110110101000001110101111010110000011
1101100001011010000101011111101011000110000101100111111111101111111010011110101110000000111111101000000001001000111110111010110000011101110001100010001010111111101111111010100011101011110111100101111011110110001110110000000010101011111010111100000010111111
1000001011111111111111111100000000010000110100110110101010001101000011010100111011101010101010101101111101101101100000011110110111110000110111101111101111111101111101101110001010111001100000001100100000110110111110100110101000000000010000000111101110000101
1111011110110101101010100111010101011010100111111100001011101101110110000001110001111110101000100111110101000000111111010100010000011011110100000000100011000000110001001100111110110011001011111001101111100110101010101111111011110101000110111101100010111101
1000001100000000000000110100010111001110110111101110100011101000100011111101100111010110101110110110000001110111110100000001110111111001010101010111111000011110100101011001110110011001011111010011000100110100000000000000001000111101101100101000001110101101
1011011001011110111110000001010111101100100100001011111000000010001001110101001101000000000100110011111101010001100110111101110010110011010101111111011111110011101111001100010110111011010100000111101101110101110101011010111010000101100110001011111100000001
1110011011111111100000110101110001101101111111101001011111010111101100000001101001101011010110110111011000011011110011101100010110111010000000101101010101011001101010011001110010001000000001111101100000100000010101001111111111110101101111100000001001011011
1110110010000001111110111101100100111001100000001101000000010100000110110100101011111111010000000101000011010001100111000001110110010000101010000101010000001100000000110011010110111011111100000000001110101110111111011101001111111111000000101101100011001111
1000110111111100000000100000110110001111110101100001111111011111011111100110100011010101111111110101111110000101101100011100100011000101111111111101010111111101111110011010000000000000000111101111100110000110011111110001011010000111101011100111001011101101
1111111101011111110110101010100011111111010111110101011111111011111100111110001001010001101101100101100000111101000111111001101110011111010101110101010101011000110111000000110101101101111111100000111100101111000100000100000000111101111111110001101001100001
1111111100000011010100111011110111101001010110111100000000000000000001100000111011011011000001110101111110100001110001110011101011001010010101010100010000001110000001101011111111101111100000101111110111100101111101111111101010001000000110010100101101110101
1000110111011000000111100011011110101100011100000001110101101101011100001010100000000001101101010001010111110101000111011011000000011010110000010101110111111010111111111011101010111000001101111101000000110000000000000000101011100011111110110101101000110101
1110000000011101011111001010001100000111011001111101000101001001010001011010111101010100001101011101010011011101110010011011110111111000000111110101010000110000101011011110101010110011111111110000011111100101101011111110101000101000100000011100101010010101
1000101010110101010000011111100110110000000011111001110111101101110111001111111111111111101000000101010110010001111000110001100010101010110001100100000101111010000000000110000000000110000010100101000000111100101000000111111111111011101110111001101010110111
1011111111110001111101010000001100100101011011000011000110001101111111011101100100000111111110110000010111011101011101100111110110000010010111110001101111100011111111110010111111101110101110101111011110001101101110111101111111001000000010101101101010010001
1111010101000100110001011011100110101111010001101010010100111111011000011000110111101100001111111111010011010001010000110110010100111111010001010111111010110111111100011110000001100000111100101011000010101100100010000000101000011010111010000111111111111011
1101000000011110100101110011110011111011111111001111010101111010001101010010000000001111011011001000000110011100011101110011010101100101111111010001010000100000000001011000101011110101110101100001110111111001111111110111100011001110111111111110111100011001
1000011110110000111100111010111001010010101100011100010101000011011111111111110110100110010011100010110111000111010000011011000001001101101110010111000111101111111111001101111111111111000000001011111101111100000101110011101001100010000111111010101001011011
1101010000011010111111101110101100011010100001110001111111111000001010101100000100110011011010111111110001011100011110110011011100011100100011000000010000000000001111111001010101100000011101011111000000101110111100011000001011110111010010000000000011111111
1001011101010010100000001100001001000010110111000101101010000011100000000001010110111010000000011101011101010111011000011011000111111001101110010111111101010110100001101100000101101101000111000110011111100010110001011010101000110011011000110110111111000101
1011110001111111111111101111100011101000011111101101000000111110001101011111111111101011111011010100011000000110001111000011010011101100101100111101101101011111111011101101111100000111101111111111010110101111110111111111101011111110011011111111111101101101
1011000100011000000000000000001001111111011000001101011010100000100111111111001010000000000011000001001111110111100001111000010110000101101001101100000111111101111111001000000101110010111101101101010000000101000000101111111110000011111000000000000000000001
1011110111001111011010101110101011000000000011011111110011101010101110000001100011111101010111101111100000000000111101001110111110111101000011100001110001100000100001101011111101011000000000000101010111111101011011101010110110111110001101010110110101011101
1110000111111011111111111100101001101010110110011000100110001111101011011101111011000111010110111110111111110110000000011100011000000000011110111101111111001010001111100001101100001110111011011100000000011000001111000000000000100000111111111100011111000111
1111101100110010101101010110111111111111110010111110111111111000001011110000011010010011111110100000110000000110101011000001001011010101011110011000001011011111111011001111000001100010011111110001101010110011111101011111111010001111111010101111111100010111
1011111110011010101001000011110111000000000111110000011110110011101000000101000000111000101010101010000101010100101010010101100001111111000011010011111011000101110011100000011111111111110101110111111111110111101000000000011111100000000010000101010111011101
1010110000110010101101111000000001111101010101011111000100011110111111111111101010110010000000111110101111111110111111011111101111111111111111000111110001011101010110101101011111011011010101010110110101100000000011111110110101110101011000111101000001001101
1000000110011010000000110011010100100001010100010111110110111100010101011011111011111111011110111111111010101011110001111000100000010101111110010000000100000000000000000111000000000001010001010010110000001010101111110010000000111111111110111001011111111101
1011111100110011111110100110010110110101010101000000000000010111000000000001011110001100010000101011000000000000000100101010001011000000000000111011111110110101101101010001011011111011010111010110100110111010100100000111111111101010000110101011010100111001
1111001110011000010000001111010110000101110111101101101011010001011011101101010100100001011110100000011101011011111110000011011111010101011011110000111010010111101111010101010000011110000000000000001110011010110001110000000100000000101100000000000001101011
1101011011011111011111100001111111010101100110001111001111011100011110001000010001101011011110001101010001001110001011010111010110010111011000011011100011010000100001010111011011110000110101010101011011111011100100011010110001111010100111010110111111100011
1000000000000000000000001011000000010100110100101000011000000001010000101101000101001001010000100101011011011000100000010100000011010100001010110000001001010110110101010001011000000101100101010101000000001000110110110010110100001010110001010110000000001001
1111111111111111111111111111111111111111111111111111111111111111111111111111111111111111111111111111111111111111111111111111111111111111111111111111111111111111111111111111111111111111111111111111111111111111111111111111111111111111111111111111111111111111
