11111111111111111111111111111111111111111111111111111111111111111111111111111111111111111111111111111111111111111111111111111111111111111111111111111111111111111111111111111111111111111111111111111111111111111111111111111111111111111111111111111111111111111
10011011010101010000101010100100011000011010011011011011001010100000110011010011010110100110010110001101100101101101000101000010100101001000001101011000110101100011010000101010000000110001100100100010100110110100000010101101010110000010101011000100101100101
10110000000101011110101000101101111101010011011001011001101010101111100110010110010100101111010000101100110101100101011101111010110001101011111101010011110101001000011110100011101110011101101101101110001110100101111110001001010011011110000001101101101110001
10011011010000011100001011100100001111011000001101011011000010100110110110110011000110001010000110111110000101101101010101000000110111000000111000011001100000011111110010001110000111000001100000000110111010110000001011101101010110000011011101001000000100111
10111111110111010111100011110001111010011101011000001001111000101100110110111011110011101010111111111111110000001101000101111110110001101111101111010011111111001100011011011011111101101100110111110100000010100101101010101101010011011110001111101011111101101
10110101111100000110101110111011000000110111011111100011001101100110110110101001100110001010011001001100011110101101011101101010000111000011000110011010100101100110110011011001110101111110110111011111011110101111111010101100010110000000101011000000000100001
10000101000111101100000000011001111110000110010111001010011001101100110100000011001111101011001011011111000100101101001101001000110011101111101111000010110000001110110110011011000000111010110101001100011100101011010010101111010011011111111010011011011101111
11101101101100000111101111110011001111011111010001111010110011000110010110111011100101000010011001010011110110101000011001101111100110101001100011011000011101111010110011010011111110101010110001011101000110000001011000000110010110000000011010111111110101011
10001001001111110101000101011001011010001100010111011010111001011111010000001001110101111010111011000110110110111111011011001001101110001011001111111110110000000010110110000110110000000000011100001001110100111111001011111111010100101010111010001100110100001
11101101100110100001110001001101010000100101000101000000010011010110000111111111000101100000001001101100100110011010011011101011000011101001100110100000011011111110010111110110110111110111010101111011111110000101101011011011010001111111101000100001110101111
10000000110110111101011101011000011111101111110101110111000110010011110011110101110101111010101011001110001100111011001001100011110110000011001100111110110010110011010011010010111111011101010000111011001010110001100011001010000111100101000011101011000001011
11011110000110100000001100011011110000000110000000011111010111010111000110010101010000111011111001100011101001101010011011001110110011101011011001101000011000000110000110010110011000011000000110000001100000010111001011101000110100110101101111111011111100001
11110111110010111110111110110011010101010011111101110001110011010001110000110001010111100000110011101110000011000000111000011000010110111011011100101110110010111111110111010110111111010011010011010100110111111110011110001110111101110101100000111010001110111
10000101100110110010111100011001010111111000011000111101100111010101000111111101010000111101100110000011111011111110110010111111000110110010010110001100011011110110110010000000001111011111110111111111100000101000110011011110001101100101001101101011100100111
10110000001100011010101001110011011100000011000011100001001110000111110001011000010111111000101111010110000010110010110111100110011100011000110011011001011001100110110110110111111000001101000001101010110110001010100110011010101100101101011111101111110110001
11111111101101011010001101100111001111111111111010111101011011110011000101011111010110101110000110011111111010111000110101101111001101110011111010001101001100110100110010111110001011011001111011000000110010101011110000110010111101100001011011000110100110111
11000000000111011011101101101101100011000100111000011000000010000111110111001101010100101000111111001010011010101110100000000011101001011011010011011111101101110001100110101011011110001100000011101111100111101001010110011000011000001101001001011100110110111
10011110110110001011001100000101001111110110101110111110101011110010110010011001000001101110010101011011001000000110101111101110100011010010000110010111000000011011001110001011001100101111111010100010110001111101011111001011001101111111101011010110110110101
11110111110011100001101001101100011110000110000000011011111011010110100110111101101111101000110100011001101011010000000111111100001111011011011100110101111011110001101010111011011001111010110010001110110111011000011001101001111100000011001000010010100100001
10100000000110111011001101111111010011110110111110110001010010000010001110101101100010101110010001111100101111111110111100011001100110011010000110110101100011011011000000001011001101011000111000111110000000011111010011001011100110111111100011010110110001011
10101111110100111011011000110100000110000111110100111101011011111010111010101000110110101111000101101110000010101100011110111111110111011010111100010001111001010011011011111001101101011110001110111011110111110110000111100000101100000101110111110110011111011
10111101010101101001001101100110111111110011010101100000000011110010000000101110100010101000010100000111011110001101010100010110110011011010010111000111011101010110011111101101101101001111101100001000110100110110111110110111101101111100110001100011001010001
10010000000000101011011000110000010010111011000001111111101110011000101101101110101110101110111111111101010111101111000111010010011011010010110000011101010000000011000110101001101101011000001110111011110101110110000010100000001100110110100111110110011011011
11011111111110000000001011111111000110101000011100001000000111001101111101101010101010001100001010011000010010100110010110011010110010000110110111001101011111011110010110101101001101001111011010000011000001010010111110110111111001100010101100100011011011001
10010100101010110101100001011101101100001110110001101111110010011001100111000000000011100110111010111111011010110111011110111010011010111100110110011000000110011011011110000001011001011110001010111111011101010110011000100001011011001110100110101110010011011
11010110101011110111001111010101000111100011111111000000011011011100110111110110111111001100011010001100000000100010001100110000111000110110011111001011110011000000001011010100001101011011011010010110000111010011011110001111001010011010001110001011010110001
10000100000011011100011001010101101100110111001110010111010001000110010101110100010101011001110000111111111110111011100001111110001101100011001101011110110111101111111011111101111101001000000011010011011110010110001100100101011000111010111010111011010011101
11110111101011011111010011010101101101100110011011111100011101110111000101011110110101011101011010011110011000011000110100011111011001111010011101001100110011000110111000101000011001101111011111000111011010110110111111101101001101110000011000010001010111101
10000100001111010101010110010101100100110111010010101111000001010101110001011000000001010101011111001100111110110011111101110001011100110000110000011101111001011110001101101011111011000110000101101101001010010010110101000101011001010111011111000111010110101
11110111100101010000000011010000110101100011010110101011101100010101100111001111011111000100000101100110101100111001010000011100010110011110010101010001001101000011011101001010110011110011101101101001011011010110110101110001001100010001000111110011000110001
10000000001101011101101111011110100101111011010110000000000101000001110001011010000011011101111101110110001110101101011111010101000011001110111101111100011001010110010101100010011001010110001101101011011011010010100000011011011101110111111101110111101111101
11111101101101010111100101010000110100110000000111111010101111101100010111011011011110011000000101010011100110001100010111000111110111011000011000101110110011010011010100111000110011010011101101101000001011000110101111111011010001110000111100000011000110001
10001111101101000110110101011101110001100101111100000011101100000111010011011000000110111011111101000110110111011001110101010110110000001110110011101000000110011111010001101110110111011010101101101011101011011110101011010011010111010111100111111001110011101
11011010000100011100100101011001011011111100111111101010001111101111011000001111101100010000111001101110110011001101100101110010110111111000111010101111010011000110011101001100110110011010101101100010111010011000101011011000000000000010110101101101100110101
10011011110001000110101101001101000010101001100110111111111011101000000010111010101101110111101100000000011001011000110000111010100110011010011000001101111000011111010000011001110011010010101001111000011011001110000001011011111111111000110001001100110010101
11011010111111110000000100011000011110100011101100001101010010111111110111110010000001010101100111101101110011001101100101101010110000111111001110111100110011110111010101010011100111011000001100110011010000011000111100000000000000011111111011011001100110001
10000000000111111111110101111110110110101110100111011000011010011000000011011011101111010000001101111001011001011000110111101010010111101101011100011001111010110010011111011010110110001011111001100111111011111110001111101010101011000011010000001101110011011
11111101011101001101010101010000110100000110001101011111011011011111101001011010000000000111111101011101011100001101100110101011000001100000010110111100110000011011001010001010100111100001100011001100110000000110111001111010111011111111000101101001010111001
10000111000001100000000000011010010110110011101101010101000011001000111101011010111110111101011001010100000111101100110110000011011011111111010110101001111110111001101011100000101100111011111000011001100111101100011011011110111110101010011111111101010110011
11101100011100111111110101111111000000011110101100010101101001101010010000011010010111100000011101010111110110000110100011111000001000110101010100101011010000001011000010111011100110110001100011001100110010111101110001001111101100000011010111010000000111011
10100111111101101111111101001101111101111000101110110101111011001011011101010000110001110110110101010101000011110110101110001101111111110100000001100011011110111011111010110001110110100111111011101001111000011000110111011001000110111110000001011111110011001
10101101110000000000011001011000011000001110001010110101000001101110000111011011100111010111110000000101110110110100101011101100110111100111110111111011001100011000110000011011010110110110101010111101010011111101100011001101110110110000110111010000111001101
10000000011110111011011100001101000011111000101000110101111101100100110110000001110101010000011111010001110000000110100001101001100000110011000010110001011101110011111011011001010100010110000010011000011001011000001001011001100110000101111100011110011011101
11010111010111101110001111100111111011101110101110100101110101110111110000110100110000000111110010010100000110110010110111001101101111100111111000100111011000011000101111011011010111000110110110111011010011000011011100001101001100101111101101111000110001001
11111100000001000111100011110010101010100110111110101101000001010001011111100101100110110011011011011111101100011010100011011000000100110001011110101101011010110011100100000001010100011100111110110011110110010111011001111001101101111011001100001101100100011
10101110111101101100001000000110101010110010011000001101101011011100010000110111110111111010010001111111111101110010111000001101111101100111000110101100001110111010110111110101000111010110001100000110100010111101111111110011000100110001011101111000110111001
10000011110000000111111111110110001010110110111111101100111001010111011011100011010101101111010111100100110111011000101110111000100101001101110010001101111100101000110111000101011100010110111111011100110110101100101011011001011101100111011000110011100111011
10101001011111101101100010100011101000000110101101000110011101010100000000111001010001100101000000110110010110011110101100101011101101100101111011101101010110000010100101011100001111000110011110010101100100000101101010001100001100110011001101111010111101001
11111100000101101101111000110110000011011110101101101111001000000111110110001101010111001100011111100110110011010100000110100010001101101101010011000000010111011111101101111110111001110111001100110100110001010000101011101110111110110110011000101000011000011
11010111110000101000101110000010111011011000001100000101101111110101111111100000010000011111001000110110011000000111101100001110111100101101011001101111010101011011001101100000101101100101011110110101110111111110001011000110010100000000111011101101111111011
10000011111110000010001111110111111011111110111111110101000101100000011100001101110111001100011011100010111101110000000111011010010101100100011101000001010001011001011000111110001100110101010100110101000010100111111011011110110110111111100010001101110000001
11111000000000110110111011100011000001101110011000000101110000101010110111111100110101111111001010111010110111111101010000011010110000110110110000010111111101001101001010011000101101100001010001110100011000001101011011011100010100101011111010111000011110111
10101111111111110100001010110111111100101010111111110001111110111110100011000001100100101011100000110000010110001001111110111010011011100110011110111100110001100101011111011111101000111100000111000001011011111101011001000111000001100010110000001101110000101
10000010110101011111101010100001101101101010001110000100000000011000110111111101110001101010101111111110110011101111110000101000110000110011011010011001111100110000001101010100001101101001111111110111110001010101001101011101111011001110011011111001011110101
11110110100001011010101000111011000000101010111011111101011011001110000101011101010101100010101001011000100111001011011110101101110111100110011011001101010101100111101100010111101100001100100101010010111101000000011000001100110001101100110000101011010100101
10000100111100011000101110110001111011101010011011011111111111101011110000000000010111001110101011011110001101011010000000101101010010110100111011011001010101101101111111010011000101111110001101011000000111011111110011100110011101000001111011100011000001101
11110110010111011110001010110111001010101011001011010010110000000011011011111111000011011100000011001100111101011011101010001101011010010101101011001101000001101100011011011000010001001011011001001011111110001001100111111100110101011111010010101111111100101
11010111000000001011100000000101101000000011100001011010011010111000001110000001011111010101111010011001100001001010111111011000011000110000001010011001011111000001110010011111111011011010001101101000001011101011001100110110100100010011011010101011001001101
10010011011111100000001011101101001111011110001111010000111111111111100011110100001010000000001111001101111101101010110000011110111110010111111011001101001101101111011011001100110001001011100101101011111011100001100001100010110101110110010000001001101100001
11011001111011111110111110000101100000001111101010011110010101001100110111011111101010111111111101101000001101001000011111001100001110110010110011011000011001100111010011011001111100011010001101100010101010111011001111111010100000110011011011111011000101111
10001100110000000011110111010000111111011011001010110000110100011001100000001100001010001000011001101110111101101011111100011001111010010110100110000011111101101100011000011100010101110010111100001010100010111001101011000000001010100110010001011001101100001
11011001111111111001000011111011100000001001101010011101100111001101111111101111100000101011111101000000011000100001110111011011000000110100101100101110101001101110111101000111010000111010100001111010111010101011100001111111011111101111011100001101101001101
10011100000110001101110110000001111111011011000010110100110100011000101100000100001111100001111101111110111110111101010100011001101010010101101110111100101011000010100111110100000110101010101100001110101010000011001111001110000101000110010101111001001101101
11000101011100100101100011111100110100011001111010110001110111001110101111110111100000111011011000110000111110110001010111010011111110110101100110010110101001101110101100000001011110101010100101101100101000111110011101101011011101101111000101001101011000111
11110101110111110001101111010101110111010011100000010100010100011010101010000110101101111110001101111110011010111101000001000111110100010100110110110010101011100110000111010101010010101010001111111110100011111011000101101011010001101011110001011100000010011
10100000100100111100001110000001010110000110111101111110110111011010100011110110101111000111101000011011011000011101111101011101100111000110110010000110101000101100111101111111111000000010111010001010101110101010010100001011010111000001100111000001111111001
10110110001101100111101011111101010111110110011000011010010110001010001110000000100011011101001101110011010011110101101001001101101101101100010110111110101011101110101101100010111111111000000011011010101100101000111111100011000011011111110101110111100101111
10011110111001110000000001010000000101010110110011110011010100100011011011111010001111001101101101000111010111000100101101011001100101001111000110011000101000101010001001111010010110000011011111001010000110000011101010001111101111000110100100110110001100101
11011000011011011111111101011110110101010000011000100111010001110110001010011111100101011001001101110110000101110110101001001100001101100110011110111110101011101000111011010011000011111011110101101010111111011110000011011001000101010100001101100000111110001
10001111001011010111000001010111100000011011111110101101011101010110111011010100001101001101011000110011110001010110101101011111100101001111000000101010101010101010001011010111111000011010110000101010110011000110111111001101110101011111101101101111110100111
11011011101011000001101100000101001101011011011010101100010111010100011000000001101101011001011110010110110111010000000001010100110101011011101111100000001010101011101011010011011111000010011011101000010110010100010110011001100001001100001100000101010110001
10001010101001101111111001110000011001000001001010101111000011000101111111101011000100001100001011000100000011011111111101010101100101011010100000111111101010101000111010010111010101111000111000101011110100111110110011001100110111011111101001111100010100111
11101010101011001100111101100110111111101101101000000001101001110101001110001110010001111101111001110111101001010101100000010100110101001010110111100110001000101011110011010110000000111110110011100001010110001100010111011101100000000101001100011001110101101
10100010001011101101100000111111100110111000101011111111111101000001011011011000111011010000001101100001111011010101101101010101100101011000110000110011101011101000011000000011111110101010011000101011000000111101110101011001101111010100011001110011000101001
10111000100010001101110110101001001100011110001001101001010101111011011011111111101000000111111000111011010011000100101111010101110100001011100111111001101010101011111110110110010110101011001011111011011111110100110101011101101001110101011100110111101101011
10011111111011100101011111101101101101000111101100100011000101000001001001101100001110111100101110000001011011010001111010010100000001111001101110101101100000101010110011110111000110101001100000110011010000000110000101010001100011110111001101110001101101001
11010110010010110001001101001001000101010011001001101111010001111011011011100111101110111001100011010100010001111011011011010110111111000011000100101000001110100010011001100001110100001100101111111010000111101111101101011100110111011110011000011011001101011
20000011011010011011011001101101101111111011100011001101111101110011001011001100000000000011111011110111011100101001010010000000000011011111110101101011111111110110111101111101000110100110100000110000111101111010101001010110100000001100110011110001011001001
11110110010011011011000011001000001111101000111001011001101101011001100011011111111110111010101000110111010110101011011000101110111110000011010000000011110001100010011000110101110111110110101111111011110100011010101101010000001111111001111000110101010011011
11100011011000000001101111101111100101001010001101000011000101011011001111010100111100011110101101111101010010101001001111111100010011101111011011111110011101111010111110000000110011010010100001100000010101010000101000000111111001101101100011110111011000001
10111000001111111101100111001100101101011111100001011111110101010001101101010101100111000110001101011001011000000011011000000001110111100101011000111100110000101000100111111110010110011000001111111101110101111110101110111101101101101100110111010011000011111
10101101111100110000110010011110100101001100111100001011000001000111101100010001101100011111101101011100000011111000001111011100010010110101001010000101100111101011101101100000110011001110111011110100000000110000001000000101001101100101100001000111110111011
10001100111001111110111000110010110000011110000001100001110101110101000111010111001111000011001000001111111111011110111011110110110110100000011011111100110110000000001101111101111000011110001001100101111110011101100010111100011101110100111101011111010110001
11100110001100100110101101111000011101001011101100110111011101010100011110000001100110011111101111100001111101001010011001100000000010110111110011100110010111110111011000101001100011001010111011110000000011000111110111101110110100110001100000001010010000111
10110111100101101100000000011111011001111001111101110110001101010110110011111011110111001101101001101111000001100000111100111111110110100110100110101111010100111111010011101100111111100000001011010111111111111111010011001010110101100111111101011011011011111
10000101110100001001111101110000011100101100110001000110101001000110110111011011000101100001100011001011111100110110001101101011000110001100110110100110000001101000000111001110110100111010111010000010000110110101011001101000010101110111011001110000011011001
11110000110111101111000001011111010001101001111111110110111101110100010110001011110101001111111001011010111110111110111001101001110011011101100110101100101111001111011101101000110110110011100000101110111110110001000011101110110100100101011100111110110001101
10000110110110100111111100011000011100001101011010100010011001100110110011100001010101101011011101011010100000011000011101101100111011000101101100100001111101011000001101101110000100011001101111111000110010111101011001001100000110001101010110011010110111001
11111100000110110000111001111111011001111001011000111010110011001100011011001100000101100001001100011010111111011111001001100101100001011101000110001100011000001111101101100111110101111011000100110011100110011001111100011001111111101000000111001010100101101
10001001010110111110100011101101011100111100001110111010011001101101110001100110110101111011011001111010011011000101101100110100111101001100011111100111111111011011001101101100110000110001110101111010110110110011101101111100011000001011111100011010110000101
11101111110110010100111010101000000101100111101000000000110011000000011011110111100000110001011011010010110011110000001101100101101101011001010110001111101000001010011001101110111010110111110000110010110110000110101000101001111111101001101111001010111011101
10000110100011010001101010101111110101101100101111111110011011111101111001011101111110010101010000011000111001011111101000110101101101011011110011011000001111101010111101000110100010010101000111111000000010111110001110101101011001000011000101011010101000001
10101100111001011100000000001110000100100110000001111111011000101001001101001100010111000111000111111110101100010000001101100000101101000000110110001101111010101000101001101100111111000001101110110011111110101011100000001100001101101001101101011010101011111
10100001101100000001010101101011110101101111011011000000001101101101011100011111000001110011110000010100000111011111101101111110101000011110100000100100011010100010101100101110101101101011101010011001111010000000110111011001111001001111001000011010100000101
11111101000101010111111111001010000101100101110001101101100101100101011001110101111100011001010111110111101111010111000000011010101101000011111101110001110010110111101110000110000001001110000000110011001010111111111110001101101101100101011011111000001010001
11010101110111111110001011101011010001001101100101001111110000110101001101100100101001110011000011100101101100010101111101111010101101110111100000011111011010110101101011110011111101100110111111110111011010000010101011011101001101101100011001010011111111011
10000000000010111010111000000001111101011101001111111010011101100001011000110110101101010110011110101100100111000000000001100000101100111110111101111010011010110101101011000110110000110000001110010101010000111110001011011001011100001101010011011000011111111
11111101101000010010011111111101101000010101011010011011011101110111011101100100000100010011000110101110110101101111111100111110100110101100100100000010110010110000101001110110000110110111011011010101010111101011101010001101000110111111010110010011001010101
10110000111111011010110010001000101111010101000011001010010000100011010100110111110111000110011100100110100001111111000001111100101100100110110001110110100110110111100011010111011100100011110000000101000011001010101000111101101100110110000011010111101010101
10111111100000000000011011100010000010010100011111101011011110101111000001100101000001011110110110101110111101011001111100100110100110001100100101011110110000100000111011000001011110101110111111011100010110011010101101100101101110110011011011000001111010101
10100010111101011111011010111111111011010101110011001010001100001101111100110001111101011100110100001100000000001100101001101100101111011110110111011010011110101111110011011111110000001000011011000001111111010010101100110001101010010111110010011101010000001
10110110110111010000001010101101100001010000011001101011100111100101010110110111100001000110100101111110111111100110001100101110000011011010110011010011011000000110011001000110100111100010110001011111001010010110001101111011101011000010100110111111000111101
10100110100110010111100010101100111100000111111011001011001111101100000110010000111100010100110100010111110110001100100101100111101010001010011001000110010011111100110011011100110110001111111100000011011011000000101000110000101010011110110100010110010111111
10101100001100111111111010101101100111101100110001100000011100100101010011000111100001111110000101110011100100100111110000001101101111101000110011010011011000011101111001010110110111100000011110111110001010011011111101111101101011001100110101110110111100001
10100111011111101000000000000001001100001101111011111111010110001111111001101110110100111111110001010110110111110011111011011001100110100011111011011110000011110100111101010110011101101111110000100011011011011011010100110101100001101101100000010110011110111
10101100001101101011111111111101011111100000110010011011010111100110101100000010111110010101011100000110110110010110101010011011110010111000110011001111111001010110011000010011001101000110011110001001011011011110010110110000110111000000110111110110110100101
10000101100101001110110000001000001011001111110110110011010100110100101001111110011000110001001001011100110011000110101111000001100110011011111001101010111011000110111111000111101000010010110010111111000011000111010100111101100001101101100000000110010110001
11101111110101101100100111101111011001100110100100111000010101100110100011110000111110111101101101110001111001010000101101101101110110110010011011001000101011011100011010011100101101111000111000010101111001011101010110011001110111111101101010111110110110111
10000110000000101110111110000000011101101110110101101101000101110100111011011011110010011000101000111101010011111110101001111000100110011010110001101011101011001110111011010110100111101011101011110100011100001100000000111101010011011001101111100010110010001
11110011111110000110011011010101010101001010110101001111110100110101100000011011011011011110000010011001011001100000001011011110110000110010011101101010100011011010101000000000001110000001101000100111010101100111110111110101011011001100000000111010100110111
10100110100111110011010011011101000000011010010101011010100001100000111101111001010011000111111111011101011100111110100001010100000101110110110000101000110111000010101101110110111011111100000011101101000101111101100001010100001011011001011111110000101100001
10110110101101000111011001111111101011000011010000001010111100111110000001001100011011011101101101010101010110010111110111000111101111000000110111100011110101111010001101111111101000000110111110000101010001010100110111010101011011001101110101010110101101111
10000010101001101101001101110110001110011000011101111000011110100011111100011110110011001101000101010001010110110000000001110001101011101111100111111001100001101010111100000001101111010110111010111101111101010101100011000111011010011000110101011110100101101
11111010101100000101101100000011100111111111010101001110110010101111011101110100010110011001110101011101010010011011111101100111000001001101101100101101111101000000000111011111101101110110000010011101101100000100110111110011010011011101110100001100101101001
11010010001111110000100111111011001101000100000000011100011010100110010000110111010011011011010100011000000110111110110100110000011111011101101001101000101001111010111110001011001101100010111000110101101001111101100000111011000110010101100001100110000000011
10011011011010000101101110100001111101110111111011110111010000101111011101110110010111001011010111011111110110001110010110111101110111001000000011100011101101010011111010111001011101111010001111110101001100110101101111101000011111010100001111111111011101001
11000001011011110111101000111011011001010001101010110011011110101100011000010011000010011011010110000111010110111011010110101000000001101101111110101001101000011001101000001101011000110000100011000101011110010101000011000011011000010001111101010101010111011
11111101011011000010001110101010001101011011000010110110001010101101111101110110011010111011010010110100000100011000010110101011101111001100111010111101101110111011001010101000001101111011111111110001001010110001011111111011111111010111111001010101000001111
11110000000001111011101000000000111000001001110110100111101000101100110000110110110000101011000111100110110101111111010100001001111001100110101010010100101000101001011011111101111101100000001100111101101000110111000110000010100110000101001011010101011111101
11011101010100001011101110110110001111101011010110101101001110001110111101100011111101101011110011110111100000110110000001101011011100001100000010110110101010000011011001011001011001111011111001101100101110010000011111111010101111110000011011010101000000001
10000001010110100000101011111111011100000000000110101101011011011010011000110110010001101010111010100011001011100011111011100001010111101110111110010100001111111001010011011011001100110000011011000110100011000111001011000010001101010111111011010101011111101
10101101111100110110001011011000000111111101110110001100011010010000111110000011010101100010011010001111111011001110011110110111010110100110011000110110111100101101011001001010011001111011110001101110110111101111100001101000101001000000110001010000000001111
10101101001110111111101001010010101100100111100011100111001011011101111010111111011100101000111000111001111011011011010110010010010100001111001101100100010110101000011100011011001011011010011011001100100110100000110111111101111101010110011011010111111111011
11111111100010101001000011010111100110110011001010110101011011011000110000101101011001111110101101100011000001011011010111011010110001111000011100110101110100001101110001000001101001010010110011011110101100101111111100110000011000010011111010000000000000001
11011010111011101101111001011101110010010110011010000000001010001101111101100101011101011000001001101111111101010011000011010000111100101111010110110000110111101100011011111111001100011000011010011010000110001011001001111110110011111111010010111111010110111
10001010100001000000000011011000111011010110111111110110100011101101011001101101010100011111101011000101100000000111111011011110010101101001010110011110100110001101111011110001101101011101111011001010110011100001100011010110110110101101011000000111111100001
11101010111101101010111010001110000000000000011001100011111000000100001100001001000111010110001011110100111111011101010000010111000000101101000011001000101111100000110001011100100101110100110001100000011010001101001001010000010110101101010011011100001110111
10000000000001111111110011011011111011011011001100111011110011110101011111101101011110000111101001100101100100011001011011010101111011101101101110011011101100111011110111001110001101110101111100111011111111101111111011011011010110100101010111110101111011101
10111111111101010101011011010001001111111111100101111110100111000001110001101100011011101101000011001100110111001011001010000100110001101101101010111011000110100010000001011000111101010101100110001011001101001010110001011111000010101100000010100000101001001
10110000000000000101011000000111011000000001110101100100001101111100011100001101111001000101111011100101100011101011101111110001111101101101101010101001110110111000111011001110010101010101101100111001100101101010111101001101111010001110111000001010000011011
11111111110101010000000011010101011011011101000100110111111001011101011110100001001101110100001001101101111000000000101101111101001101100101001010001011000010100010111111011010110000000000100110001101101101001010101000011000100010111010111111011111011111011
11101101111111111101011111110101011111111001110101100110011100000001110011111101011000110111101011000000101111111011100000001101011001110101100000111001111010110111100110011010111010111101101100111001100101100000001101110010001000011010000111110101111000001
10100100011010101111110001110101001101101011000100110010110111101100111001010001001101110110000001110111101100110001101101100101001101010101001101101011101010010101101100111010101110000111101001101101001100101111111100011010111101111000110000000000101111011
10110110110010000010100100000001011000001011110101111000100101111101101101011100011101100111010100000001101110000111111111110101011000000001011111001010100011000000101101100000001100101111001011101101011110000001011001111111100001000011111111111111100110001
10100000111011111010101111111100011111100010100000101110110000010101101101010111010100110011111110110111000011010010110010100000011101011101011111101000001110011111101101001111111110111101100011001100001011101101001101001101111100011000000111110110101100101
10111101100000000010111100000001000000001000111010101000111111000000001001000011000101100110101010110101110111111000011000111111010111110000001101100010101011000111000101100000110100011001001111101111011011000111011001011000000001111010111100000010101001111
10011100111111011000110111111101111111111110101110001110011111101111101101111001110000110110000000011101010010111110111110000101000110111010100101001111111010011101110100110111100111001100011011000011010011011110001101001111111100001011110110111010101101011
11000001110101111010000000000111100110110100101100111100110000001000001100111101011101110111111110111001011000010110101011110101101100001111101101100011011010110100110101100100110111100110110001111010000110010011011101011000001101111111100000111110001100001
11111100000101101111111110110110110000010101100110101001111111111111101001100000011000100011001010001101011010110000001010100000001110111101101100101111010000110001100000110101100001101100111101000000111100110110000001001111101001011110001110100111011001111
10000001010001100101101100100000000111000001101110100011001101100000001101111111001110001111101000111000011011111111101010111110101010011000100110000110011010000111001110010101110111000110101001011011110101100011011111011001001101001011011111101100001101111
11011101111100110101000111111010111111010100101100111001101000111111101000110110011011101010001110101101111001101000101010110111101010110010001100111111001110111101111000110000110001101100001011111001010101101111001111011101101101011011011001100111011000001
10011111101110100000010001011111100000010110100110001011001110010101100011100110110001001010111110100000101101101110101010110011001010011111100110101001101100000101010010011110110111001111101001101011010101100000011001001100100000000000001011001100001101111
11010011000000001111010100010110001011111110001111011011101100110001101000110010011101011010011000101110100001100000001000000111100011000101110100100011101001010100011011011010110101100011101011001011010000001111111100011110111101111111100000011111011001011
11111000011111101111111111010011101010001010101101011001001110010111111010011010110000001010111110101011111101111010101110101100001110011100000001101111000011011101111111011010010100001110000001100001010110100001101111011000110100001101111111111000011011001
10111111111111111000101010000110111111100000100000001101011011010011001111000000111011011010110110101001100000111111101010111111100111001111111101000110010111110000110110001010110101111011111101110100000111111101001010011110100001011000111001101111000001011
10010100000000000010000000110110111101111010110110101000011010000110011111111110011111011000110110001011111101101101000000000110110001100110000001011110111110011110010111101000110100011010110100011110111101000111011011001010110111110011101011000110011111011
11010111101101011111101010100010101000011111110111101111000011110011001010111000110100001110010010101001100000101101111101111100011011101111111101001010001010110000110101001110110001011010100110110000000000011110010001100010100010110111100011011100110000001
10000010111111011101001111111000001101000000011100000000011110100111011010101110110110111100110111101011111110101001101100100110110011000110001101011010111010010111100101100100000111111010110100111101110111111011010111111010111000000000111010000110000111111
11111000110011110001101110000010101111111101011111111011001100101110011000001010110100100110110011001001010110001011001001101100111000011111100001000000000011000110110001110111110011001010100110010101111110001011000011010000011011111111110000101100101110001
10000011100110111101111011111110111011000111010100011111011001100011001110100000010101101100011001101011010011100001101100001110011111000110111100010101011111101100100111010100011001101010110011000100001100111001101110011111000001010001011110111101111010111
11111001110100010100011011000100011001101100000111000100011101101111101100101101000101001111010011001001010110111011000001011011001011110010101001111101111011000110110001010001111011101010110111110101111110100011000111011011011111000100001100010101111010001
10000011000111000111010001110111010011001111110001110111000000101010000001111111110101011011011011100011010110010001110101111011100001111000101100101111101001101100110111010100110000101000010101010101010110101110011101010011010000011111111001110100100000111
11111011110101110110000100100011011011101000011011000111101010000010101111010100000000001011011001110111000011000111111100110000110111000010001110000110101011100110110101010111111011101010110101010100010110000011011001010110000110111010101101100001101111101
11011001110101100000110110111011000010101111011001110101101111110111111011000101010101100000001100010001110111110011011001100111100101101011101000111100001011001100010101010010101011001011100100010110110110111110001100000011011111110010101101101011001010003
10000011000001111111111110101001111010001100000011000000111110110011010001110101111111111011111110110111110011000110001101001100110101111110101110110111100001100111010101010110000001100000110111000110010100101111101001111111011101010110101100001111011000111
11111011011100111100001100101011000011101001011111110111100000010111010111010111101010100010111000110011011010011100100001011101100000110100100110100011001111101101000001010011111100001111100011110011010101100011001100101010000001010110100001100110000011111
10111001111001100111101110000001111011001111010100000100111101000010010110010110000000001000101110110110011011011111110100011001110111100110001110001111100011000101101111010110011101111110110110011010010100001001101001100000111011000010111011111100101111101
10100011000011110110000000110100110000011000000111110101110101111011000011010011101010101110001010110111001010000101011111011101010010110110111011100101001111101101100000010010110101110010110111000010110101111111100011101111111111011110010000000001100000001
10111011111001010111101010111110011111011111110011010100010111000011111000000110111111111100111000010011101010110000011000010101010110010010011011001101100011000001110110110110100100000110100101111010110000010101001110000011000110000011010101011111111011111
10001001101101000001001011101011010110001101110110010111000110011000000011110110110101010110001111010110100000011011111011000001000011011000111001100101101110010111000100010010101101111100101100100000110111000001100000101001110011011110010111000010111110101
11101011000001111101111110000000000011011001010011010111101111111011101011000000110000000000100111000110111111001111101111111100011001011110001101001101100100111111111111010110001100000110100110111101100001011111101111111111011011000011000001101000000100001
10000001111100110000110111111111111010011100011011010101100110101111111111101010011111111110110000011100011100011100101101000110111100001011011001101100110001111001101100000011100001101100001100010000101111110011001110010101010011011110010111111011111101111
11111011110110110101110101100101000011010111000000000000001100101100110000111110110110001111111110111111010110110110101000011111110001111011001100000110011011110011000101101001001111111001111111011101100000011011011000110100011000001010111101011011111001001
10000000000000111101000100110101111011000111110110110101100110101101111110110100110100101011010000000110000000110010101110110101011101010010011111011110110001100110011111111101011000110011101010011000001111111010001110000001110010100000011000001000001100011
11111110101110101001110110100000110000010000000110100111110000001101111100100110110111101011011110111111110101100110001100110101000001011011010110011100110111110011010110110000001101111011001010111110111101010000111000111111100110101111110011111111111111001
10001111111000101100100010111110111111011011010110101111000101101100110110110110110011000011010000111011011100110011101001100001110101011010010111010110100010110110000110111011011000110010011010001100100101000111101101100010101111111011000111000011011001101
11100001010010001110111000000000010000010001111111111001111111000001100100000100011001111011011101101011011101111001101100111011011101011011000011010110101110010011101100011111001101100110110000111001101101101110101101110110101011010000010000011110001011101
10111011011111100000001101011011000110110100011111100011110011111100110111110111001011001010010100000001010000101011100001101011011000010001111000000110100011000110000111001101100000101110000111101101001101100010001101010100101001011011110101110011011010001
10110001001111111111011001111111101111111111110110111001011000001101110100000111101001101011010110101111011011100000111101100011010011010111101111101100001110011111011101101000001111101011110101101101011001101110111000000110000011011001111111100110000000101
10011100011010100000001111101100101101011011100100011100001111101101010111110100100011000000000000101101011000110111110000111010011110000011000011000110111111011011011000001110111101101011000101001100001100101010011110111100101000000011000110101100111111111
11001111000000101111011000000110101000011000110101110101100000000001010100000110111001101010111110111001001110100011011101101011011100101111101111010000001010001011011101100010010100101011110100011001011001101010110010110101111111011110010100001110000011111
11100000011110001000011111110110111111011101100001100111101110111101010111110000000011111111111000011101101100001111011000101010010111101110000101010110111000101011010111111010110001101010100001111101111101101010011010110100001101111000111111011000101110101
11111110110000111111010111000100110110000000001011110010111111110001010101111111111000010101001110110101100110100001011101101011000111100011101101111110001101111010000110101000110111000010101111101101110100001010110010110110111000100011101010001101111100101
11011000011111110111010101110101100011111111111011011010110011011100000001010000000010110101101100010000001111101011001100101011110100001110100000110000101101010010111100101101100011101110000011000001010001011010011010010110001101101111101011011100010110001
10000010110000000000000000000000001000100000110000000000110110000001111101011111101011100000000111000111011101001111100101101010100111100010101111111110111101011000110110000001001110100111011111111101011101111010111000110100111100101000101011010001110110111
11110111111111011110111111111110111010001010011101011010000000111011000000000001101001111111010000011111111000011110110000001010101101111010100011010000010101001010110011110100011010101100001110001101011100110000101011100101100110100011101010010111000000001
11111101010000011111111100000000100011101111011101010010101011111011101011111100111101010101111011001101101111011000011110111010100000100000001110010111010100011011110110111111001000000001111011101101010101110111101010110101110110001110101010110110011111111
10011100011010110000000001010101110111001100000001011010111110000000111110000001110100000100001111100101101011001101111100011010111110111111011010111110010101110001100000011011011011010101111001001100000100010000101010110100010110111000001000110111001111111
11010111011111111111110111111111010100011111010101111111111000101011111111110100000111110101111100110101101011011000110110111000011010101010011010101010110100110111111101110000000001111111001101011110110101110111101010000001110110110010100010000000011000001
10000001010110000001011110110000000110110101111111101110001111111010001010000111010000000000011001100000101010011110100100001110110010101000110010101010100110010101101000111111010100101111101000001011110000110011100000111101100000010110110111010111111011111
10111101010111111100001100011010101111100000101010101011101000011011101011111110010110111101010011001011101011001100110111101010011010101110110110101010110011000000101011101101011111100101101011101011011011111000001010000111001101000011110011011110100000111
11110000000101000111101111011111111011111110100010000011000011111110000000011100111111101111010111111000101001101110110110001000110010101100110010101000010110011111101010101000001011001101000000111011000011100011011010110000011111011111100110000000001111101
11011111011101110000000100010011100010111010111011111011111011101110110110110101101100000000000110000011101011100100110011101101111010000110110110101111010100110101101010100010100001011101110110011001111000110111111110011111110011111010111111101010100000001
10000000001100110111110111010110111010100000000011000000010010101011111110110111000111110111110111111001101010110110011000101000110011011110000110100110010110000001101000110111111111011000110011110011011011110101100111110000010110101000001101111111110101111
11101010100110011110010101010000110010110101011000010111010110001011000000110011101100011100000000001101101000110110111110001110111010010100110010001100110010110111101110100100011011001110100111011010011011000000110001011011110000000011111101010101011100111
11111111110100111011000101011110111010111111111111111110000011100011111110111010000110111111101111011100101101100100100111101000011000110111111011011110111010011110100110101101110001101100001101010000111011011010010111001001010111111111110100000000000111101
10110101010110010011110001000010000000101100110101101011110111111000110000000000110000110101111111010110101100110110001101001110111110100011010000000110101000111100110010101101011011000110111001011010110000001011000000011011000010001110000111011101010010101
10000000000011011010111101111011111110101110000000000000110110001110011111111101111110010100110000000000001110110010111101101100110010001011011111011110100011100110100110100101000001101100101011001110110111101111110101000000011110111000110100000101111110101
11011101011000011010000000000000001000000011111111111010000011101011010101100111100000110110111111111111011010011000011000101001111010111111001101001100101010110100110110110101011111001110100001011100000001101100011101011101000000000011111110111111111100001
10010001111101000011101101101010100011111011011000001111110110100011000101001110111011100000000000110101011010111101001110101101100000000110011000011101111010100110110000110101000101101010001111011001011111100001111111011111101011111001011010001011010110101
11111011000001011000000111111111111011000000000011101101000010111011110101100100000001111101010110000000000000110111101010101000111101111111011111011000110010101100011011100001011100100000100011010011010110101101110111000001101000001111010010100001010000111
11101111111101010010110100000101010001101101101110000101111010110000000001110001111100001111111110101111101111110110000000001101100000110110001100001110011010100111011001110111010110001010110111010110000000111111010101101011001101111101010111101111010110111
10000100000001110110011111110101000111001001001111010000000000000110110100000111000001111010101011111011100111010111110111100000111101100011101101100110111010101100011011000000000111101111110110000010101010011011010100111111111111000101000011000110000010001
11110111101101100110111000000000010001111101101000010111111101010010011101010100010100110010100010010000001101010101111100001111101100110110001111110010100000000111001001110111111101000101011110101111111111111010000001110011001011011101011111110011011111111
10000000001101001111100010111011011111010101101111111110111001010110110001011101011110011010111011011111011101010101001111100110101101100110100110110110110111111101100011000111011001101100001011100011010101110000101111000110011001010101000101010110000001111
10110110100111111011111110100011011000000101001000000000000011110011111101111101110010111000101000000000000001010101100000001100101101110110110110100000100001110101101111110000001101101111011011001011000001011011111101110000111100000101011101000000101100001
10100010101100000000000000110111111111110111101101010101011000010110010111000000111000000010000011101101011100000101111111011110101000110010100000110111101111000001000101100111111100000110011010011111101111011000111000000111110101010000000000011111100101101
10101011101110101010111110111110000010000111111111110111110011111111000111111011101111010111011111101111111110110101010100001010000010110111111110000000000101111101110101101110110001101110110010110011000101000011101101111101010111110111110101011111111111101
10111011001011111111111000011011111011110001010100000111111110101001110001011111001000011101011000001000100111110000000111100010101010000101010111110110101100010001100101101010110111101000011010100110010000011111100101000000000111100011111111000000000110111
10110011011011111101101111110000011011000111010111111101011100001101000100010101101111001101111111111110110101000111110101101111111110111100010100000011111111011100110101101010100000111110110010101100110101110010110101011111111101001110000001010111010010111
10111010011010101000001011000111010000010001010100100000000111100001111111000000101000011001001010000000000101110101000000000011010100100110110111011001100111010101100000000000110111100110111000000001110111011000000000000010011001100000111111111111111110001
10101111110010001010100001110100000101111011000110101111110101001101101011111110101111011101101011111011010001011101111111101110000110101100010101111100110101000100111011111111100000110000101010111101011110010011010111111110110011001010110001110000000000111
11101101111011101111111101100111110111110010011110111010000000011001000001001100101011110001000011111111111101011001011000001011110100001111000101100110110001110101101001010110001111111110001011100100011010110111110000000110111011011111100111011011101111111
10000101001011101101100000111110111111011010111000010011111111111100011101101110000010111101110110001101101100001101001111101000000110100001110101001100011011010101101011010011011110101111101001101111110010000000110101111100010011000101110001000010111101101
11110101100000000000001110101010011100010000101111011000000000000001011000001011111010101000000011101101000111100000011010101111011111111100000101011110110011000101001011010111000010101010001011000111011000101011111100011101010110010000100100011000011000001
10100000001011110110111000000010110111011110101010011111110111111111110010100000011010101111110110001000011100001111011000001010011101100111110000001100010111110000011011000001011110001011101010011101000011111011000101110001010100111110001101001101000011111
10001111011011000110111101011000010100000010101011010000111101011010100110110101000000000000010011101110110111111101011111101010110001101100111101111110110110111011110000010111000010111010000010110101011000111111011111111111000001101110100101100101011111101
11011000010011110100100001111111000001101000000011011110101000010000001111111111101011111011011010001010110100100000010100000010011100001101100001011000110110000001110111111101011110110011101110000000001101101100010000001010011011100010101100101101111110101
11111101110110000101111111000000011111101110101000001110000011000110101010000010101010000011000000100000000110111111010111111010110111101100111101011110110011111101010101111000001010011010001010110101100100000001110111111000111000101111111001111111110010001
10000000110111101111000010010110110010111000111101100000110111101111111011111000001111010111110101111111010000111000000110101010100011101001101000001100000110110101010101010010100010111011100000111111111111110100000000001101101010100011011111011011011010111
10111110011101111011111000111111111000111111110100111101111100000101000010100011011100011110000101000000011110101111110000000010110110100011001101111110101100000001010100000111111110001010101110000110000000010110111111011000101111101111000110011010011000001
11110000110000000000011101111101011110000111100001100001101111111101111000111110000110110011111111111011011000000011111110111010100100111001101101001010111111111101010101111101011010111010100011111100111111011100111001010010000101000000011100110000110010111
10000101111011111111010111010001010000110000001100111101100000000001101110111000111110111000101001110010011111011000000000100000110001101100000101011000111000000000000100000101011010011010101000000001111101111111100011110110111100011011000110011110011010001
10110100101111010100000000000100011010110110101001111100111110111100000000001010110000100010001011010111001100001110110111111101111100001101110000001110001101110101110101111101001010111010001111010100000100110011110110100010000110111111101111001011001110111
11110101101101000111111111110111000010100110101101000001100000001111011011100010111011111111100011011111111111111110100101000001100001101001000111100110111111100111010001010001011010001010111111111111010001110110000000001011011100010110111111100011011100111
10011101101001110111000111011100010110110110111111111111111110101000010011001011101110000110111001001010111010101010111101111100111011111011101111110000110110001110000111010111010011011000111001100001111111100011010101011111111101000000010110110111000110001
11011111101101010101110000001001110011111100100010110110101111111111010111101111001100110100011100011000000000000010111001101110000011011110101000011010000110101100110001010001000111001110101100001111101110101111011101010110110101111111000010110101011110111
10010111000100000001000110100011000111011110101000000000000001011011111100111100011111100001000001001111111111111011101100000010111001000100111111010011110111111110011011000111011101011000000001100000000010100101001101110100010100101111110110010101000000101
11010101110111111100010100110111101100000111111101010110110100011010101110010111000101111011101101100110000000000011000111111011111101110001110000000111011101110111111000011110000000011010110101101111110110101100011101110001110101100000111111000000011111101
11010101010001110001010101111110100101110101010101110110100101000000000111000101110000001111111111110111111111111011101100000001100001010111010111110101001100100101100011111011011011000010011100111100011110000101110111011100110000001111101011101111001101001
10000001000100000101010101001000001111010101010111111100110111111111110101110100111111101101011111000010101000000000000111111101111101010011011101000101100110110100110111000000001010010110111110010001001100110101010011010101110111111010101010101111111001011
11111100011111010101011111101101011010000000010110011001111110100000000000000101101110000000001101101000101111101011010000000001010000010111001001110001110110010110100000011101011110110110000010110111100110111100000111000100000000010000001000001000101100001
10000001111000010101010000000001110000101111000011000011000000001111111010110101001011101111101101111110000000001011111011111100011111010101101011011100100110110100110111111111110011100011010110110000111100011001011101011101111101110101101011100011101101111
10110101101010110101111111101111100110111110011111101110011011111101011111110101101010101000000101010100101101101110110010000001001110010101001010010110101100110001100000000010100111101011110111100111111111001011110101011101000111110111111011111000000000101
10111111000010111111100011111110111111111011011001111111111110000000010101000001001010111010110000000001111111111110000110101101100011010101100011010100100110110100101111111110110010111110111101101101100110011010110100000000010010010011011000001010101111101
10100011101011101011001010010000011010000000001011000010110111111111010101111101100000111111111111110100111011011011110110101001001000000001101011010110101110111110000010010110010110010110011100000000110111000000100001011111010110110111000010111111111000101
11111010001111000011111011011111011011111111100001111000110101101010000101010000110101101101101100000110100000000000000011101101111111111101001001010000000010011011011110110011010010110110110101110111100011011111101111111111111100110001101010001110000011101
11011011111101111010100000000000001010000011110111011110100000000000110000011010000111101000000001101111111111010101101111001111110000000001111100011111101110110011010100011001010110100000000001111110110111001110000000000000011001111011001111111011111010101
10000001110000000000111111101010100011111010100001010000001011011101111111001111010010101111110101111101000111111111111101111011011110111011110111010100000100011011010001011011010000001111111101011010110101100000111111110101111100011010011101101010110010001
11111101011111111101101101111111111000110000111011011111111111111111101011011101111010001101111111010101101100101010110100110000000011110001010101010111110101110001010111110001000111111001001111000000000000001010000000011101011001111010111000000000100110111
11110101011000001101000000010101011110111110000010011001110100000010000000000001100011101000001011010001000110000000000110011011101001011101010000000010000000011100010001100100011100011100011011011101101011111110110101111000001100000000101011011111101100001
10000001011111100001111110110000000000011011111010110011000101011011111111111011111011001110100000000101110110111011110011011111111100010100011110101000111011110101110111101101111001001101111000000100101000010010110111101101011101110110000001011011100001111
10110100001111111101101000011110111111000000000000110111110111110000011011101010010010011011110101010100110111111111011001010100010111000001111000111101111001100100110000000101000011111000000011011101101011000111100000001111110101111111111111110000101111011
10111111011000110000100011000011110000011110101011100110100110111111011010000011011011011001111111110110000101101100001101010111010110010100101110011001000011110101100101111111011110110010111001001100111011010000110101011010110100000001001110110110000000001
11101100001011111110001001101011011111110000111011001100001100100001000000101000000001001100101011000111010001100001100001010100010000111101100011111111111000000000101111101011010010100111111111111110001010011111111111010010000001011111011010110111101010101
11101111100001101111101101111000000110111111100011100111011110111101111111111111111101100101100000011101111100001011111100000111011111101000111011011010111111011010101011001001000110101101100110000011111111111010101011111000111011110101001010110001111010101
10101010101111000000001101011111110100010101101001001100010100110000010101000000000000101101111111111000100001011111111001010000010111000010000001010000000000001010000001101011011110000000110000111111000101100010001001101011101110100000011000000100011111101
10001000000101101111111001000000000001000101111100011111010110110101000000011010110110001100010111101110111111110001100011111101000000010111010100000110110110111010101011000000000010111011100111110000011101111000111011000000101110110111000010101111001110001
11101111101101111011011111011111111011110100110111000000010110111111101101011111111111011001110000000110001111111101001010000001110111110101110101010110100110001010101000011111111000001111101101100111111100111010000000011010000010100001010111111011111011111
10000000000101010010001011110111111111110110100011111111010100001011001111110101101011001011011011010000111001000000011111010111111110110100000101111111111110101010101010111110111110100110000000110000010101100010101110111111011000001011110000011000111000001
11010111110101011011011010110100001101000000111000000000000001101000011010100000000001011010011111111010101100011111010000010100001000000101110111101100000000101110101110000000000111110010111111111011110000101111111111111110001011011000010101000011101101101
10011111110000000000001010100111011000011110101111111110110101100010110000001101110100000000110110111110001110110011010111111111100011110101000110000001110110111000101100101110111101011000010111011000000110100011110001111011111011001101111111011000000001111
11011100000111111111011000001110001110110000000101111000110111110111111010100111000101111110110010010111101011111001111111001101111010000101101110110101100110011110100110100010000000001101000000000011111111101110100100110000001011011100011011010010110100001
10010001101100000000001110100011100111111111010000000010110110111101011111110111110101100000011010110011101011011101101001100000110011010101001100110100110111001100101100101110101101011001010101011011101101100110001111110110111111011001000001111010110101111
11011111111111010110100111111011110000001000011010110110110100101101010101011101011111111111011010011010000011010001101011111110000111010111100110011101110100011110101110100111111001111101110111110000100000110010111111010111110101111011111111101010110100001
11110111010100010111110101000000000111100011001111110010011110000000000000011001011000011000000010110000111011011100000001000000101100010111001100110000011110110100100110110011001111110000110001111111101101111010101100000000000100101000011100001010010101101
10100000000001110100000000011010111111001010011000000111010011111011011111011101011101001111111010111111111011001111111101010110101101111101100110011011011000000110101100011000011011011101111011010110101111101000000001101111111101101111010101111011010100111
10111110111011000111111011110010110001111110111111110011111000000010010000010000001111100001100000010110000000011011010100011100100111101000101110110010011101110010100101001101000011000100011000000000000010100010101011100000000000000001000000011001111110001
10011010100011011111100011000110011101010111100000111010011111011011111101011111011010111101111101010111111110110000000001011001101100000010001010110110110000011010101101011001011000011110110010101010101000001111101000101101111110101101101010111111100110111
10110000101001010000001010010011111000010011110110001110110000011011001001000000000010111000110111000101011010111110101101011101000111101010100010110011111010111110111101001101001011000010011011101010101110100000111101111000000110100100101010000000001100001
10000110101101111111101010111011101111011010111111101100111010111111100011111111011110100010010110010000000000000000101111000101111101001111110110011111101010010010000101011111101011110110110000111110100010101010011000001110110111111111101011101110100111011
11110110111001100000001010001110000000000000001011000110011111110101001010100000010100111111000000111111111111111110100110011101111000011000000010110000000011000110101101000001101000011110011101111111111110101111110010100110110000000001101000100010110001001
10000011111101001010101010111000111111011101100000010011010101000000011110001111010101111001110101111010101000000000101100110001001101111010101010011111011010011100101101011011101111000011011000101011010011100000010111101110011010101111101010101111100111011
10101111101111101110101011101111110000010000110111111000000001110110110000101000000000101100000101010000000011011110100110011111100000110010101011010000001111000110111001110010100011101011011010000000010111110110110001100011001110111110101010100000110011001
10101110101010111111111010000100000111111101100110001111101100000100111111111111011110100001010111011110110110010000101111001010001011110110101010010101101000010010011100011000110110001110011010110101000000011111111011111111100110000000111110101110110111011
10101000000000000000000011010001010100000000110110100000001001010110100000000000010000001101010100000000110011011010101100011000101011000010101010110101001101010111000110110010010010100011001010010101010101000001100000000001101100101010000010100010110001001
11111111111111111111111111111111111111111111111111111111111111111111111111111111111111111111111111111111111111111111111111111111111111111111111111111111111111111111111111111111111111111111111111111111111111111111111111111111111111111111111111111111111111111
