1111111111111111111111111111111111111111111111111111111111111111111111111111111111111111111111111111111111111111111111111111111111111111111111111111111111111111111111111111111111111111111111111111111111111111111111111111111111111111111111111111111111131111111
1010110110010011000000101010100110000000010010110011010001001011011010001101011001101011000011011000001100110001011011001101011001100001100110010101010101101010110011011001100000011000100010010110000010110000110100110110101010110000101000110011010100000001011
1010110011000110011110000000110011101111011000110110011101101011010011101100011011001001110110001101111001111101011010011000001100110111101111000001000001001010011010001100111011111110101110110110111110011101110101100010000000011011101011111011000111101111001
1000000111110011011100101110100111111010001110110011011000101011011000000101000001101011000110111000110011010101011011001011011110110101001101111101111101011000110000111001101000101000100100010100011100110100000101101110111010111000001010110011110101101010011
1111101100000111110001111100001110110011100100011011001110001011001111110111111101000011110110101110110111010000001011011111010110100101101001101000101000010010011101101011101011101110101101110101110110100101110100101110001111101011111010111001100001100000111
1101000110110010110111110111101010011000110111001011100011101011011111010111000001011110010100000110010101011111101001001100000110110100101011001110101111000111110001101010100001101100101100110101100110101100111101101010111001101001101010001101001101101111101
1001110111111000110100100000000010111101100111101010001111101011010001010101101101011011010101101111000000011011101101011111011100000110100001101110101011110101011101101010001011000110100001100000110110000001101000000000001101101011000000111101111001000100101
2011100101011110011110111011111000010000110000101011100110000011011101010100101001011011010101111110010101010010101100001011011101010010101111101010000010100001001100000010111111110100001100110111110011011111000011110110111000100001101111110001001100011101101
1000110101010000111100101110000011011110011110100010110011110110001001010110111100011000010100010100111111111000001001111001000101111000000011001011111010110111011110111010010001100001111110100101010110011101111000010011111110001111100010011101011110110101001
1011100001010110010110000000111011010111001100111010100111010011101100010110110101111111000001110101101000101111100011001101010111111110111111100011000010110011000111110000110111111100000111110000000000110000110011111111100000111100110110111000001100110101011
1000111101011111000100101010100010000011011001101010110110000110000111000110000000110011111100100000001010001101111001101001011110010100011010110111101000110110011101011110000011011101011101111101111011100101110111011010111110010110110010101111011110000000011
1101101001001101110110101111111111101000001100000000110010110011101101101100110110111001110101101111111111101100000011001011001011010111001010110010111110110111010100010000111111010101110100110100001111001111100000000010011011010110110110001110001100111101001
1101001100011000010011111000010110111111100111011101111010100110000101101111111110101101010100100010101101000111111001101001101011000010011000010110110110010011010111010110010110010100110001100001011100011100110111111110110010000110000011011011011110110111101
1001011111011110110111011111000000000000001101111000110011110011110101100101011000000000010110001110001100011100001101101100101001111011001010110010010100110110010011011100110010110101100111001011110101110110110100110100011000111100111011010000001100000001101
1100001010000110010110001100011111111111101001101101111011011010100000101101001111011011000000101010111111001101111101100110100011010000011010011011000101100110110110001110010110100101110011101110100000010110000001110110110011111110111110011111011001010111111
1111100000101111010100111111111110000000001011000001100000000010111110001101101011110011111011111010110100011001011000101100101111011110111011110001110100110010110111101010110010101101011001101110001111010110111111010100011011100100000011010100001011111110111
1010111110101000000110011000000000101110100011010100111111111010101111011000000000110110100000111000000111001011010010000101101101000000110001100111010110011010010101100010011010100101001100001011011011110100101011010101110000110101111111010111100000101010101
1010100000111111101110111111111111111111111011111101111001011010101011011101101111111110001101101011111100011011011111010001000101111110100111101101000110110000110101111000111010101100011001111010001000110101101001010001010111100000000110000110101110000000001
1000001110010110000100101010000000000001101001101001101101010000001010000101101011111010101101100010110001010001010110011100011101010100101100001101110100111011110001011101110010000111011011101010111011100000101011000100000000111011111111110100100111111111111
1011111111000011110110101011101101111100000011001101101001011110101011011111000000110011111000110110011111000101000011111111001100000110100101101100110001101010011011010100011010111101011010001000101010110111100001101110101111101010110110110110101101101110101
1111100000011000110100000000111111100001101001100000101100000111100011001010011011100111011110110111001010010111101110100110011111110000001111001001100111000000110001010110111010001101010000111011101010010101001111101011111001100000010110100000101000000000001
1110111111001010000001011011111010111100111100001010000001110001110111101011011111001100001100110101011000111111001010110011001101000110111011101011110111111010011011000000101010111000000111100001101010110101011110100001010011101111110100111110000010110101011
1010110000011111010101111001100000000001100001101011011111000101000000001010010110011111100110100000000011101101100000111011011001111110111010001001100000011111000010011111101010110011111110101111100010110101001010101111010111000101100110101100101111111111111
1010011101010101111111100011111010110111001011111110011000011101110111101010110100110000001100001011010110001101110111100000000011011000101011101011110111110100011000110011101000011010111100101100101010110000011000100101010001101100101100001101111101101001111
1010110111110101110000001000111111110111111000110111111111111000000110000000110110111111101111101001110010100000110011101011101110000010101011000001100101010111111110110110101111010000000110001101111010110111001101101101000101001110000110101101010000000011011
1010110110110100011101111110001111000101011101100000000001110011010110111110100110010111000001111100011111111010010110111010000111111110000011101111110000000110101000010100101010000110111100111000110000000001011000101000011111100000111111100000010111111111001
1010110100000111010111100000111010010100010111110101101101011111111111111100101100110101111101011001111001011110110000001111010011001110101000001010100111111100101111000001100011011111110110011011110111101111111011100011110110111011110110001111000001111000011
1010110111101100000110111110110011111111000011011111111000000110101101000110101101100101010101000011000011001100110111011101110111100000101101100010110011000110101000011111110110000000000011001011010000101010110001101111100110110011100011100011101011001101111
1010010100101111011100000000011011101010010110001010010011110000000101110000000000001100000001101111101111011001110101110101100110110101100111111010100110010110101111000000110011011111101010011011010111111010011011000010110010011010111010001000101001100000101
1000110110101010010111011111001010101011110111011011011010000110110000000110111010111111110100101101000110001011100000110000110010111111111110110010001110111100101000011111111010000000111111011001010001010010110011011110011010111000101000111111111111101111101
1110100110000011000111111111100010101010100010000000011111111111111011011110011110001100111110000000011111100010001111111110110110011010110100111010111100101001101111000111101010111110010110000011010111011010011010001010110010101011101011110011001101000000101
1000001111101111110100110000001110000000111000101110110101011101101110010011110110111110101011011101001010111011101100101100100010110010100001101010100110101100101000011100100000010011110010101001010101010011001000111000011000001001100011000111011000010110001
1110100101000110110101111111101011111101101010111100000101010000100100111011000010101110101000010111111010110001101001100110110110011000111011000010001100001110101101010110101010110111011010111101010101011010011010011011111110111011111000011110011101111111101
1110110000011100000000011100001001100001001111110111010001011110110111110000011000000100001111010011000000111011001011101100000010110011101001111000100110111010000111000110101111110101011010001111010101011000110010110000010110100000111011110011010001011011111
1000011011001111011101110111100011110101100101100111110100011000000001011111111111110001111101000111111110101011100011001111110110100110001011101010111100110010111110011110000101010000001000111010010101001101111011110111110110001111101000110110011100001000001
1101111111011001111101010000110110111101110000110100111111011111010101011010100001111011110000010000111110101010110111011000110110001111101010100010110110111000011011011011010001010111111011101000110100011000101001100010110110100011000011100111010101100010101
1111010110001101100000011101100110011000111110100001101010001101011100000010111101000000011110111011100000000000000000011110100111100110000010110111100100101101010011000001110111010000011000001110000001010011101011101110110110111111111010110011000001111111111
1000000000111000111111000000001100111110011010110101101011101001111101111000110000011011111100011110110111011111011101110110110101001111111010110001110101101111011010011011000101010111111011111110111011111011000010100110010100010010101010010110011011011001011
1111111110101011110001111111100110101000110000011101000001100011110111101110111111110001100001000110111100011000001111010100100101011010011010100100110101000110010011011001110000010100101001111000111110101001111000001110110001110110000000110111010000011011001
1001000110000001100100000010001100101110011111011001111100110110000110000100001010011100111111011100101111111111011011010110110001011010110000001101110001101100110110001111011011110101100011001110100010100011000011101100011100110111101111100011111011110001011
1101110000111100111110111000100110001110111100001100001110010111110011110001100000110101100110010110001011001000001000000110100111011010011101111101010100001110010110100110001000110000001111011010101110111001111010111110110101110010101101001001100000111011001
1001111101111001111011110011110011011000000111100111100111000011011000110111111110110000101111000011011011101111101011110100110111000000110001110111011111100110110000111111011011110101011110011000100110101011010000011010010101011010000000011111111011101011011
1101010111101101101001011111011011011111110000110110101101111010011110111110101010111101100011101111011001100000000000111110100101111110011101000110011100001110010111100000011011010111111011000010101110101010000110110010110000000000111010110110110010101011001
1101000111001101101100001101000000001001011110010100000000000000110010101010101010010000001110100000011100111011101101101010110001100110110000011111000111101011010011110110110000000010100001011111101100101010111100111000000110110111111111110110011000000011011
1001110101101001101111101101111111101101011011000111111101101010011000000000101011011110101000001111110101101111101111100000111011101100011110110110011101101001000110111100011101011010001111000011000110000010011101101011101111111111001101010000111011111110001
1011000000001011100011101101000000000000001011110111010111111011001111111010001010010100111011101001110001101100000110111010010001000110110110110011001100001100010000011001010101111110111001011110011111101110110111101000101010011000011100000101100000000111011
1011111110101010101110000101110111011110100000000101000111011011011101111111100011010110011111100011011011100111010100011111011011011100110100110111011111100001111111111111010100000100001101000011001011101010010010101011111011010011000110111100111010101100001
1001101011101010101011110101111111111111111111110000011101011110001000000101111000000011001100110111010010101100011110110000010000000110010110110110011110111100011101110010000001111101111001101111011010101000110110100011111011000111101110101111101011111101111
1101101011001010001011100101001100000011101110011111010101001100100011010001000011111010011101100110000110100111001100111111010111111111010110110011001100000001010001011000111100011000111101100101001010100010110000001000101010010100111100000110101001011000001
1101101001100011101010110100011111111010001011011100000001011001110111111100010111000000110001101111110010101101100110011000000011001101000110011010011111101101111101011110000101011011100100110101100010110111111011101011100000111101100001111100100011001101111
1000101011111010101010110101110001100011100000010111010100001111111101101111111100010110111100001010011000001101101100111111110110011000011111000000110010111100101000001100111111110010110101100001101110100101010000111110101110001101111100110110110111101101011
1110101011011010101010100000011101111010111111010011111111101001101001000000001111011110010110111011010011101100000001100100000011011111011111110110011000110101101110111101110111000110110000111101101010101101000110010100101111011000110101100100000010100000001
1010101001010000001010110111111001010000000000010110101100101011001101111111101001111011000110001011010110111111011100110101010111001101010110000011111110000001101110000000000001101100010111100001100010101000010011000001101011111010010100110001101110110110101
1010101100011010100000100001101101011111111101000000100110101010011101001100101100110000011111011011010110110011110101100001110110011000010011111001010011110100001010111111111111100111010100111100110110000010111111111011101010101111010101100111111000110110101
1000100110111111111110110111101000001100111111101101101100001010110101101110000001111111001010010011010010110110100001111011000011011110110111000011000110111111100010111010000110001101000110010001100100101110001010111011001000001101010000110101011110000011101
1110001100001111110000000011001111100110000001111000000111100000010100000111111101101100011011000110011010110110111100101111110110001110110001111001101100101010101110101010111100101100010111000111110001100010111010101111101011111000000111110101001100101000101
1010111101111010100101011000011010101111110111001111110011110111010111110101000100100111011001110010110010000010101001100101010011011000011011101101000110101010101010001000010110111001111101011101000101111111101010100110100000001111110001100000011001101101111
1010110100110000111111111011011000000101000110011000011000011111010110110001110110101101001101011010111010111110101100110100010110001110111011000101011110101010100010111010110110011011011001001101011100110111000000001110101111111000011011110111110011100111011
1000110001110111101010100011111111110001110111001110111110110000000110000101100000001101101101011010001000000110100001110111010111100110101011110101001100101010001110011011110111001001011011011001011110000010011101100000000000001101001001010101000111001110001
1110111011000110000010111000110100011101110011101000011000011111110111110111111111101000000001010010111011111110111011010100010101110000100010110101100110101011100100110001010101011011010001001101010111111010110111110101010111011111100011010000011101101011011
1000011001110011111010111110010110111001011010101101111111001011000011100111101000000010110100011000011010101100010011000001000101011110110110010100110110000001101101111011010101010000000111011000000011011110100010111101010001110110101000000111000101111011001
1111010011010110010010000011010100101100010000001001110001100011111000110001000011111010100101001111000000000111011011111111110001011000000111000110000010111111000000110000000001011011111111001101111111000110001110101111010100110100111010111101111101011011011
1000000110000011011011110110000110000111011111101100011100001000111110111101111110000011101111101101011101101110011000011000111011011111110101101100101000110110011011111010101111000001100001011001101110011111100110000011111111100110110011100100110000000011001
1111110111110110011011010011110111110011010101001101111001011110000110101000100111101111001000000000000111111100111110111110000000001011100101100111111110010111011110011011111000011111001111001101100011011011001111011110011010110110111011101101100101011110011
1000000011000011011000011010100100111010000001100000001101110000110000001110110101111110011010101110111111011001111010011011010101111010110101101101110111010101010110111001011101000001101000011001101110000001101010000000110010110110101000001100101101111111011
1111011011101110011111011010110001100000111101111101111111111101111011100100000101000011111111101100001101011101010010110001111101011010000101001100100011010101010100101100001111110111001011111100101110111111001010111111111000010110100011100110000100110011001
1111110001000111001100011000011100111111111000110000110011000001001110110111110101111010101101100110111001010101011000010100101001001011110101100110111000000101000001101110111011000001101001110110100010000011011010000000101111010100111000110000111111100111011
1000111101101101101111010011010110101011001110111110011000010111101000010110100101101000001001111100001101010001001110111110101100011001100001001100101101111100010111000110110011101111101011010100101110111110010000111111101011010110011011100110001000110000001
1110001000101101100101010110010110101010011010101111001111111100001111010110110000001110101100110111011001011100011010101100101111011011101100011110001101111001111101101100011010100010101011010110101010001100110111101000101010000110110001111111101011110111111
1111101110101101001101011111000110101011011000000011011100100111101100000010011010101100100001100000001101010101110000001110101001010000101110111011011000001100001001101101110000001110001010000000000000111101100010000011101010111100011011011100100001100011111
1000000000001101100001001011110110101011011011011010000110101101101111101000111111100111111101111111011101010101111111011000001100010111111010110000011011111001111011001000100110111011011000111110101101111000110110111110101010000111010000000001110111101110001
1101011111101101111101011000000110001001011111111010111110001001001011111101101001101101010000110001011001010101011011011111100111000110110000011111011001001100011001100011101111101011001101100110101111000011110100001110101010111100010111111111111100001100111
1111111011000000001001001111101110101100001100000000001011101101011010110000001101000101011010011101001101010001010011000110101111110000011110110110011100011101011011001000100011001011011000001111111001011011010101111010101000010111010001100010101111011110001
1000000001111111101100011011001011100111100111111111011011000100011010111111101000010001011111010000011000010111010111101100000101111111001100010011010101110001011001101010101110011000000011111100011011111010000100001010100011110110000100001110100110010111011
1111111100110000001111001011101001001101001101011100000011110111011000000000000010111100010101011011011111010011000011000111010001010101011001110110000000011101110011001111101011010010101001010111010001100000111101111010101110010100111111111110101100110000001
1101010110100111011001011010101101011001101100010111101001100000001111111111111110100111010000011111000011010111111001110001111011000000011101010111110101110000111001100101101011010111101100000010000111111010011001101000001100110101111000000010100101111101011
1000000100001100001101011010101101001100100111000010111101111011100011011001110111110101011111010101111011000010101011100101100011111101110001010010110101011110000011101100000011010101111110101000111101101111000011101011100110000000001011111110001100101001111
1111110111011111100000000000001101100110001101111010110101011111110110011100000101000000010100000000100011101110100010110111111000110000111100010110111100011000111010000101010111000000111011111111101101100101011110100001110010111111111000010011101101100011101
1000000110000110001010110111101101001111101001100010110100001110000011010001110000011111010111111010001000000010111010100011010011111101101110110110011001111110101111101101111110011111101011001110101000001100011010101111011000000011100011110110101001101110101
1111010011101111101111111111100001011011100011001000100111101011111011011111111111111111010110111110111111101110011010001111000111100000100010100100111100011000000110101000101010111101000011011010000010111111001010101111001011010110001110110110100011101110001
1011110110001100111101011100110100001000111001111110101101101010110011011010000111000001000110000111110110000011010000111001110010111110111000110101101111001110110110000011100000000101011110011000110111111111100000000001011111111100100000010110110110100011011
1010100011111001100000010101111110111011111101010110101101000010011000001011101101111100010111010001010111111011011110101100011000110100011110100101100101101010111110111000001110110100000011001101110011001101101101010100000001101001110101110010100010101111001
1010101110110011111111000001101010001011100000000100101101111011011101100001100101010001110011111100000011010010010010001111011011110111010110110100110101100000001010011010100111111101111010011100010110011101000111110110101111001101011111110110001000000101011
1000001100000110110111111011000000111010111111110110101100000001001111111011110101011111100110110111111010011011011011011010010001100011000000100110010100110111100000111010111101101000111111000001111111011001011110111111111011011000001011010110111110110000001
1110100111110110100101000000010110110010010101000000000110111101011010101011010101010110110000100110000010110000011000001011010111111001101110001111000001100011111110001010110101100011101100011111101010001100000000011011010011001101111011010000000111111010101
1111110000000010110000011101111100010110110101101111011111110000001010000001000000000100011110110011111000111111011011100011000011100011111100111101010100101110111111111111110100110110101111010010101011011110111011110000000111100100111010010111110000110011101
1000011011111010100101001101100001000010110001111110010011011111101010110100010111110001111010110110101110011110011010001111101001001110100110000001111110100110000000110101100101100010100011010110000011001100011110010101111101110001100011000000011010011001111
1111000011000010111111011111111111111010011011011011010110010010000010100101111110100100110000000000101110110011011111011110111100011010110000101100101000001110111111100001101100101110101110010000111111101111000011011101110101010100110110010111111111001100011
1110011011011000000000010111110110000000110011011010010111011011011111111111101010001110011011011110101010110110001100011000110110110010111110111111101111011010000001101111001001101100101010110110011011000101011110001101000101010111100000111111000101111001001
1000110001111111101010110101100000111011111010001011010011000001001101011010101011111010111111010000000010110111011111001110000100011010010110011010000111010000110100000011101011100110101010100011111010011101001011011000011101000011110111111101011100001111011
1010111111101101111110100000001101110000110011101011000111101101011001010000000011000000010101111111011000000101011010011010110001001011010111001010101100010111111110101110101010101100100010001001010011001101011000001110111000011000000011010000001101111111111
1111101100000000111111111101100111000101111010000001110101111000001100011111111011111111010101111111111101010000011011001011111101100011010001101011100110110101011111111010101000000110001110111101011001101100001011100000000011111111111000000111111000011000101
1001100111111110101000111111111100010100010011110111010000011110100110111100000001011000000001010000001001011111011001100001100111111011010111100000110010110101010110010000000011111111011010010111011011001001100000111110111000000011111110111100001101111101101
1100110010001100001101100100110111111111010110110101010111110100110000010110111100001111011101011110100011111000001011001101001110101011010011001111111010110000000011010101101111101100001010110110011001101011111011110111111101101000000111110110111001011000101
1001111011100001100001110110000101101000000100100101010011000111100101110000100001100110010000001011111110101111011011011111101010101011010110011101100000000110111111010111111110101001111000000010110011000000001000000011001111101101011101010000001011001101101
1101100000110101101100100000110101000010110110110101011001110101001100011101111011110111111101100001010100000010011010001011000000000000010110111000111011011111110110000010110010101101000011110110100110011111101110111111101000100111110101010111101010011101101
1000101010011101111110111110100000011010100000000001011101010101111101111111011111110010101111001100000111111011011011011001111111111111000010101101100001111001100110111110110110101000011000011110001110111111111111110111100010110010110100000011111010110100001
1110001111011111011000111111111010111110111010111101010101010101010000010111001101100110000001111111011100000000001010001101101100011100011110101001101111001100101110001100110000101011011011011011101100000000011001010011001111111110010101101010011010100101111
1111100101110111010010000000000010100000100011100000000101010101011101110101011000110011110111010101000111101011101010111001101001000101001100000011000001101001100010111110011110000001001111110010100001111111111101010111011001101011010100101110111000001101011
1000101100100000000110111110110110110111111011111011110000000101000000110100000010000110000010000000011100111111001010101100101111110111101111101001101111101100001110011010111100111111111100111010101111101101000000000000011011101001000001111100000010101100001
1010000110111011010100110111100011100110000010000011000110110001111101110111111011110011111000101011010101110101101010000101101010000011000101001111000101001101111100110000010110000110111001101010101011000000011111011110110010101100011111011001101111111001111
1010110000010011111110100000001111111100111111111001101111100111011101010011011110000110111111111111000101100000000011110101100011110111110101011001101100011000110001110111110110111100101101101010000001011110111101000011100110001101111000000011100001011011011
1111100111010110110000111111011000101101100110000011111100110011000101011011001111010000101011010101101100101010101000010000111010110110100000001101100111001101100111000011100110001101101000000000110111011111100001011110001110111001100010111000111111000000001
1101110110000110000111100000011110000111110011111111010101110111110100011011100011110110101010010000000101111111111011011011110010100110111111011000001101011000101101101110101100101101101101110101111110000011110111110011100010001100001010001111111001011010101
1000100011010011111100001101010000110010111010000001010001100011000111010001101110100100001011011111010001010101100011000001011000001100001000001110101000001101101101101010101101111101001100011111100000111110100101100110001110111001101010111100101011001111111
1110110111111110000001101001011011111010100011111100011011001001110101011101101100001110100000001011111011000000001111101100001111011111101111100110111101101000100101000000101101010100011001111000101110000110101100110110111000000011111111111001101010011101011
1000000110101111010100111111111111000000001000000001000001101100100000000000001111111100101110100010000011111111101000000111101101000110100110001110010101101101101101011111100101010101111101110011100010111100000001110110101101111111011001000011100000110101001
1010101100000000011111111000000101101010101011101101110100001110001110101011101001100111100111111011111010101100111111011100000101101100110111100011000000101100000100001101101101010101110000010111001111110110110101100010000000000110001101011110001010000000011
1111101110101101001010000011110000001010101011001001100110101000101100111010000011110101101101011010000000101110110011110111101101101101100011001111101111111001111101111000001101010101000111000001100011010110111111101110111110111100100000000011011110110110111
1000001000101001111011101010000101011110101001111101110110101010111001100011111001100100111000000011101110101000011010010111000001101101001001101100000101010011111000001101111101010001011111110100001111000110001011000110101111110001110101111000000010010110101
1011101101101011100011101111010101010000111011000001010011101110011101101111001101110110011110111011111010101110111010110101011101101101111100000111110101011011000011111000111000010111011100110110111110011100111001110110000001010111011111001011010110110010001
1011111100101110101000001101111111011101100010011111000110001100110001001001100000000011010110100000010000000000110000110000010000001100111111011101000100011011101010111101101101110000000101111100001010110101100011100000101100000000001111101110011111111110111
1110000001101000001111111101101010011000110110111111010100101101111111101100111101011001010011110111011011111010011110111010111111011001101001000101110101110001101110001101101101010111011100000110101010100000001011001111111110101101100101000111111011000011101
1111110101111111101100000000000000111110111111100000010110101111010000111110111111111101011011011111010001111111011000001011101110001101101101011101000000111011100110111001101000000001010001111111111010001011111111011111100111111111110000011101101000011111101
1000000101010000001111011111111011111111101011001010111111111011011011100100000110000000000000000000000101000101001111101111101010100101001100001001111110100010110100001101101011101011000100011011011011011111011101010000110101010000110111000001101011110110101
1011010111011101101000011100000011011001000000011110110001010000010001110001110111101101111110111110110111010101101010100110000011110001100110111011001100001110110101111100000001111111101111110011011010000110001000010111110101010111110001111111000000010000001
1111110110000001111111110111010110011101101101111000011100011111010111011111100011111101000000111100110111110000000000110111110111010100110010101001101001111100100000100111011111010110111111011000011000111111100011000001100000000000010100000110011111110101011
1101100010111100110000000000011110110100001001100010111111000000010110011000001000110111110110100001111101100101111010000101110001011110000110101011001100010110101111101101000000000000001100001110110011110011001111110111001010110111111111111110110101010111111
1000001011110110011111111101010000000111111101110111100101101101000110111111111110100110111111111101100001001111111111010000000100011011110110101010011001110110000010100000011101111111111001111010010111100111100010010001011111111101011010101010110000000010101
1011011011000011110001111111111111110101110001011101110000001001010000101100000010110000011001001111111101111010000110011101101110111010000010100011011011010010101110001111000101000001110011110011010010110101001000111100000101100000011000000010000101111110101
1110011001111011010100000110100100000000000101001000000101101011011010000101011000000101001101100110100000111000110000111111111000110011111010101110000000010110111100111011111111011111011001011011010110110101011110000101010000111011110011111000111111100000001
1000110011100000000111110010110111111011011111100011011111001001111111101111111101010101100000001110111101101011111010110011001110100110101010100111110111000010010101111010101010001101010011000011010000000000000011010101010111100000110110101110000011001110111
1010010110101101011111011000000000000001111010111011111111111011001110001010110101010101110101100100100000001111101010100110011110110100001010001101011110011110110001101000000011011101010110011111010111111111111111111111010001110111100110000111111111100011111
1011111110001001111000001011110111101011000000110001100101011111101011100000010111111111011111110110111111101100001111110111011000010111101000111101001100111010100111001011111010000101010100111000000101110000000000011011111111000011001110111101010100001111001
1111101011011111101111100011100100001001110110000111110000001100000000001011000110100111011010100100110000000110100101000000001111000000000011100101011110101000001110011000001011011101000001101110111100000111111111110000000101011011011100001000000101111110011
1000101011001110001101111110111110101011110100101111000111011111111011111111010000001101010000110101111111101111110101111110100000010111111000110101011010000011111011001011111111000000011101100110000001110000111111011011111101111001010110111010110000000011011
1110000000011000100000000110111011111111011111111101110110001010101111100000011010100100011010000100110000100101000000111111111111011110001010100100011011011000001001011001101101011111011111101110111100010110000000000001101001101011000100111011111010111000001
1111110101011010101011010000001000000100011000000101000111100000001110111111111111110001111111110110111110110101111101100001010000011011100011110101110001011101011011000011101101011011110010000100001111111110101011111100101100101010011101101000001110001101111
1000000111111111111111111110100010110001001111110001111101111110100000000000101101011101010101000000100000000000010000111100000101010000001001100101100111010111110010011110000000000001111000110101111011101011111110111110101110001010110100000011111110100100001
1111110110001111100000101110101010011011100110111100011001010111101101010110001000000000000001110110111101101011011010000001010111111101011100110000110100010000111010111010111101010100011011111101010000000000000010000011101011011010110001011000000010101110101
1000000011100010001110000000101111011110110010101111011101000001001101110100100010111111111011111110000001001010000011010101111110101111110110000110000001110111101010000000011111110101001000110000000110101101111000111011000011011010000101111111010111111110101
1110110111111000101000101011101000010000011000000000000000010100011000110111110110100000000000000000101011101011010111110111001000101010000000101111011111010000101000110101110111111111100011111101111111111111111101111111101111011000111100000001011110010100111
1111111100000010111010101010001011011101000011010101011111011111001101110111000110111010101101111101101010101111110110000111101010001000101010111010000011010111101101111100000001001001101000101000000000011000000111000011000101000010000101010111111011010111111
1011011111101110100010111111101001011001101011010101011000010011011111011100011111100011111001000000111010001100000110111101000010100010101010111011011110000010101100000110101100011011111101101011111011111011111111110110011101011111011111110000000011010011101
1000000000111100110111110000001011110011001011010111110011111000011000001111010001111010000011111101100010111001011111100000010111110111111111100000001100111110101101111100111111110010111111100000001000110000000101100100110100000001011110111101010111010110101
1111111110000001100011011010101010100110011011011110111111100011001111011000011100111111110111000001110111111101111011111110110011100011010101110101101001110110101000000111111111010110101010001101111110111011101100110001100001111011110100011111111101000100001
1011011000110111101011000011101010001100110001111100010100111011011110001111110101101101110001110100011101101111101010001100011110111010000000000111100011010110000010101101001101010110001010111111010111101010111110011101101111111110100001110010111100011101111
1010000010010100001111111010001111111111111111110111000001101001111011101011000000101000000111000101110000001011000011101110111110101111110110101100001001000000101011111101011001010110111000000000000001100000001100111000000000000000001111111000010101110101101
1000110110111110101100000010111000010100000000000000011100001111100000000001101110000011010011011111111111101010011000000000100000001000000011111111111011011111111111010101001101010000000011101011111111110111111110001101101101011111111111011011000000110000001
1101111100011010101101101111111111000101011111111110111111101100111111101101111000110110010111010010000000000000110010110101111010100011111011000000000010000000000101010100011000000111111001111110000001100011001100101100111111111101111000000011111111100111111
1001100001010000101001101101101101110111111011011100110100000001100011111101010010011111110001111000111111111101111110100111000010110110001111111111011000110111010000000001000011110000011011011110111111001110011001111001111010110101000011101000101110110000001
1011111011110101111101001000001100000110100001000111100111110100101110000000000110111000000111101101100000000001001111111111110110110011100101111111111101111111111111101111101111100101011001001000000001100000110011010011100010000000010110101011100000110111111
1011000011111111111111111101100111110110001100010001110010000110000111111101010110110011101110000111001111010101100000011101111111111110101101000000000000101100000000100011000000110111111100011011111111001111110110010110101110111110111110101001101111100011001
1001101001011010101010011111110010000000111101011011011000110111110000000101110110100110001010110011101110011101111111000000000000011000000101111111011010000101111111101001101101100000100111000000000110011011100011010010101010000010101010111101000101111001011
1101111111010000100011001010111011111011111001010000001101111100000111010000011110110100101000011000001000111001011101111010110111011111110000011010011011010000110111111111101100110111101100011101110011000000001010000110101000111110000000011111101101011011001
1111010111011110101001101010100000000010001011111010100111101111111100011101110000110110101101111101111110100011000000000010111101010111110101000000110010010110000000010111001001100000000111000100011110010111111110111110100010000111111111001010000000001011011
1011010101011000111011000000111101101011100010111110110000000000001111011001111010110110111001110111110111111011111011010111100000010000000111111101100111010110101101110101101101110110110011010110111010111110110100011100001111111100011111101011011111100000001
1000000000001110110011111110011111111011001010010111111101111110100000011100001111110011100011010100000001000010000001111101111101000101010100000000110100010010101111010000101001011100010111111100000000011010110001010110111101000001000001100001000000111011101
1010111110111100011010100111000011011011011111000101101001000000111111010001100110000111111110000001110100010110101101000000010001101101010110110101111101010111100000000101101100000110110000011110111111000000000111110000000000010101010111001100011111111000101
1111110100011001001010101101110110000011111101110000000011110111110000011011001111010110101111111101000101010110111111010111000111001111010110100101010001010000110101011111101111011110111101000110000011011101110000110110110101011111111101111110110001101111101
1101100001111101100000001000100000101110101000000101111010000011011010110001011011111110100010000001110111111111100011111111111100011000010011101101000101011011100111111010111011111010100111101110101111001101100111100011110101001010101000001010110111000000111
1000001101110000111010100010001101111110101111111111011010101010000010011101011010001000111010111111000110000011111010000000000001001101010111101001101101010000110000000000011000010010001111000010100001100111110010110111011111111010000010111011110101101110011
1110111000011111111111111011011111000000000111011010011111111111101011010001111011101110000011111011111100111000101011110110101101111101010100001101001101110101110110110111111011000111100001101110101100110000011000000000001011110010101110000001010100000011001
1111111111010110100101111001110110011010110000000011010101010101001001110111000000101011011011000001101101111010000000111110111111000001010110111111101000010100010011110000000001110001101111100111101111100110110011010111011001010110111111111100000001011011111
1011001110000110110100101111110011111110011111111010000000000101111011000011101110000001111001111100001111101111111110000000100000010111111111110100101101010101111001011111101011111011000000110001100000110110111001110001001101010000010000000101010101001000111
1011101010110000010110000101000110100000111111111011101011010000000011101110111111111101101101110001100000000101011011111101111111111110101000000110001101010100011100000000111000011111111111111011001010110110001011000101100000000111110111111111111101011110001
1000000000100111010111110101010110111110100000000010111111111110101010111000011010000100101101011101110101110000000001010111011000000010001111010000101001010101001111011111111111110101000001011111011011100010111110010111001011101111100011011010101101000110101
1110101010111100000001010101110100101100101011011000110110100011111010011111011011110110100000011000011111111111101101010110001101111000100000011101101011010111100110000000000000000000011111010101111111101010000110110001101011000000001000000000000101110010101
1011111111100001010100000001100110100101111111111110000000111001011011000100010011000110111111011101111010001000001101010100101001000010110110111101001110010110101100101011101011011011000000000001101110111110110011100100111001110101111101101011101100111111101
1001010101111111010111110100110100101111001110101111111110001101001011110111010110010000010000010111010010101110101000000001100011101010111110110001100110110100000110101011101001001010011111111100101010000010110110001110001111100111110100101000100110000001101
1101010000110111110100000110010110101011011010101011000000100000011110100000000000110101011111010110011010100000111101010111101000101110101000011011110010100111011100111110111011111110111000000111100000110110010011011000111110110000000101101010111111111111111
1000011110100000110111110011000000000000000000000001111111111011001100001111110110011111001111010111001011111110110101010100001101111111101101111010110110101110000110010110001000000110000011111110101110010110110110001110000000011111110111111111110100110001001
1011110110101110011111100111111011111101111110111101010111000001100001011111111111110010011000000000011011010000100001010110111100111010000000110000110110111100110011000000111010101100101000000000001111111111100111100111010101000000111111010101100101100111011
1010010100111100111100111110111111100101111111111000000000010111110101111000000000011011011111011011000000000101110101011110100001100000101011111010010011100001111011011010001111111110111011101101111000001101111101001100011111011011101101000000110000110101001
1011000110010110010101101100001100001111000001101111110101110001100101000011111111000000000000011111110110110101011101011000110100111011101011101010111111001100110011001010111100001100011000100100011011111000101101011101000011011001000000011010000110000000011
1011101111000111000100101111101111101011101100000111000101000111111111101011100000011010111010110001000010011111011001011010110110100010001110000010000101100110110110011010010101111101011010101111110001101011101101110111101001111100010101111010111111010101011
1000000001110101110110100011000000101001111111110000010101010001011010001000111101011010100010011100011011111010000011011011110011101111101100101011011100001110100011011111000000000101110010100000100100101000101100110010111011101110110100001110111011010111001
1010101100010001100000111011111010000011010011011111110101011111010000101011111111011011110110110101011111010000101011011011011111111110000110101011001101011000110111001110010101010100110110101010001110000011101110110110001010101011100101101100000001010001011
1011111111000100001010000010111111111011011000000100000101011000011110101110000111111111000110100001010000000110101011010011011000000000101110111011011001011010110001101011010111111111111110111011011111011111000110100000111000100000111101111111010111010111001
1110010100011101011010101000000101110001000011110001110111010011011011111111110000000001110011101101111110101110101010011110000011101010101000011011001101010010100101000001110000011000101100001011000110001000010000001110111110001011111100000001010011110110011
1111010001010001110010101101110100000100010110000101000011011010000000000011110101111100000110001001000000101100101110110000111110001010101110110011011101011010101111011011110101111011101110111011011111100011111101100110000011011001000111010111110110110011011
1000000101010100011011100111000001010110110100110101110111111111011010101000011111011111111111011111111011101101101100111101111111111011101000011010000101110010100111010000010100000000100010011011000011001000001100110110101111111100010011111111110000011011001
1010110101111101011000101100010101110110110110100111000001100000011010111101001010000000000011111010111011001100101110100001000010000001101101111010101111000111101100011010110110101010001110110011011110011110111111110110100010011001111000101101010101111001101
1110110111110001111110111001110101000010111110110111110111111111001110100001100000111111011000100000000001100110101000101101111000101100111101000011100011110110000110111010111100101110100011111001000011011000100011011100111000111100001010000001011100001011101
1000110100011100000110111101100111101011101000010100010110101100011000101100110101100000001110111101111011110110111110101001100010101001100001111000110110000011010010110010000110100011110111100011010110010010001000000110011101101001111011010100011111111111001
1101111111010001011111101100110100001011000010111111000110000001001101101101111111111010111100000001000011000111111111111101111111101100111100111011111100110111010111111010111111110111000000111110011111010111011011011111110111001100011011011111110110110101111
1001010000000101001100000001100111101001101010101011010100101101101101000111101010100010100001010101101001010011001011010111000000000101111111100011100111100110010001010010000000111101101010000011000110011110001001000101010000011110110010000001110000000000111
1100010110101111011111111111001100001011001011100000010110101101101001110111000000001111111101011101001011110111101010000000011010101101000000001000001101110110110100010111010110001000101111011110010011010000111101010000010111111111111110111100010111010110001
1110111111111100001011100000011110101010011011001110111110101101101101111101111111101000000001010001101010100110000000110111011011100111110110111101100000011100110110111100011100100010100101000011011110011010010111011011000010101101011000000101000001010010101
1011101000000001011010110101010100101111011111101100100000101000111111001000000000001101010101111101101110001111101010100100011010001100100110100001110101011001110100101110111101101111110001101110001111111011000001011001101000000000001110101111101111111111101
1000000010101101111000000111110110101100010001111110111111101111110001100010101011011101110111101001001000101101101111110111010011011110001111111100111101011011000110000110100101001101010111101100100000001111101011001100101101011010100010100001100010100001101
1111101011101001100010101100000000100111111101011011110000001111010111111011111010011000111111001011101101111100001111111111011001110000101101000001100001011011010100101100001111100000010110111110101010100110001001011101101101111110101011101011001010001100101
1000001111001100110110101111011011101111110101011000000101011000000011000001100011111111101101100010101100011001101010101000011101100101101000011011110101001001110110101101011111101111110000011011101010111100101101011001001100010111101111111001111000111111101
1110111100011110100110101000010010001000000000001101111111111111011010011011111010001110000001001010001101001111001000000011001101001101001101011011000101011011100100100101001101000000010101110000101010000101101101110011100101000000100000111100110010001011111
1110100110110110101100111111110110101110110101011111100001110010010000110011011111100010111100011010101101011100011101101011011111101001011111010001101111001010110101110101100001101011011111010111111111010111001101111110001101110101111010000101111010100000111
1000110000010100111111110111000011101000011111010110111011011011111010011010000000001000100001011011101101010111110001001010011000001101011011110111001100011000110100110111001011001001001010000000001101110110011100000011101100011100001111101101100011111010001
1101111111110001100000000000010110001010110011010110010000000000101110111111110111011110101101011010000111110111111111101111001111111111010000000001101110110010111110110001101111101111100000111111111100010011011001101110001101000110100101100100111000001110101
1111100001111101001011011011011100101011111010000011000101101110000000110101000100010000111111011111110110000000000000000110011000000111111011010100111000011010011000100111000110000001110110000000000001111011001100111111111001110110110000110101100010100111111
1000001100000001101001111010011101101011000000111011101111111000111110100000010101011010110000001100000011111101111111101111001101110000000010010101100011001011011110110001010010101111000010110111110101101111111110000000001101111100011010010100111011110001011
1010101101110101101111000011010001001111110110110000111010111110110000111011010101011010011111011110101010000001100000000001111001000111101111010101110111011111110110010101110111101101110110100011111100000101110011101011111100001110110010111101100001010100001
1111111001111101101100011011011111111000000100011010010000000000111111100010010111010011111000001100111011101011110111010100011111110000101000010111000100000110000000110101000001100000010011111000000111110000000110001001110101111010010111101111111100011101101
1000000011000000111001111011010000011101101110111111000111011011101111001011011100010110000010111111100011101010000110010110110000000101111110111100010111010011101010010111110101001011111110010011110000011011111111011101000000000011010000000000111001001100101
1011111001101111111101100001010111000001111111110100010011010011000000011010000111010011011010110110001010001011010111011100011011010101100000100101111100011111001010110001100111101001011011011110111111011000000011010111010110111111111111111111101011011101101
1110100011111000000001001101011111111011000101010111010111111111110101001011110001011001110010110000101111101010010100000101111110010100110110101111110001000001101011100111110010101100000001000000001011111101111110000011011100000000000011110000001001110111101
1100001000110011110101011001010000000010010000000000011100000101000111111111100101111011111110111011101100001010110101101111000111110101111110000110011011011111111110001100000110000110110100010111100000000100000011010110010001101011011000000111111100000000101
1001101011100110000111001101010101010110111110110110111101010000010110000110001111110010000000011010000110101011111101100011010000000101010000110011000010001111010111100111011110101111111110110000101011010101011111010110111011101011110010110001110101110101101
1011101000111111010011011111110111111111100000100110100001011101011111110111101100000110101110111110101100101000110000110111111011110101011101111111101010100000000011001100001100100000000010011011111111110101000101111100011000111000011110010100000111110101101
1010001101111000010110001010111110101101001111110100110101010001010011100000000111101111101000110000100110111101100111111100000011000111010101010000101010110110101001101001011110101111111110110000010100010101011100000110110010111011000010110101010000011101101
1010101001100011011111011000000000000000011000000101111101011011011000001101010100001111111101111010101100110000110011011111111111110110000100011010001110010010101011001011000110100000000011111011000101111101000001110011111011101111101111110101110101000111111
1011111011101111000101111111111111111101001101010101101001011011010011011101011101100110110000101111111111100101100110000110111100000110110001111111011111011010101111101010010011110110101001011110010000000111011111011110000000000001100001010100010111110000011
1110000010000110010100110100000000000001101001111101101011110011011010011001001101110100000101100101011011001100110100110000000001101100110100110000010000001010100001101011011111000110111100000010110101111100000000000011010110111111110100010101111111000111001
1111011010110110111110000111111111101011111111101101000001100110001111111011101100011111010111110000000000011001111101100101010101100101111110010101111111011010111111111010000001101110110110101111100100000110101101011111011110000000110110110100000001010001111
1000011010100100001011110011010111001010010000000001110101001100111000000011001111110000011100000110110101001101100001111111011101001101011000110111100000001010000000011011011111001000000010100000110111010010111111000110010000101011110010100110101011110100001
1010111111111111011000111010000101011011000110111011000101100110100011101011100111011111111111011100110101011000110101011011011001100101000010011110001110111111010101110011000001011110111111110101110011011010000011010010111010101111011110101100111011000110111
1011110101101000011110000000110000010011111111110010010111001100111011001010001100000001110111111001100101011101100101000000011011111111110110110000101100000110010100010110010111110000000101100100010110001010101001110110110011100001000110100110001111011100001
1010000000000010110111111111111010111110101101011011010011011111100011101010101101110100000000000011110101010000111111111101110001100010110110110101101101010011110101110100110000011101010000110111111111101011101111110111100111001100011110101100100001011001101
1111101110101011100011111000001111111100000000000011110110011000001010001011111001100101011111110111000101111101100000000001000100101000000011100101100111011001100111111110011011111101011111110111011011001001100000010000110100011001000010101001111111111011001
1110000110101111111010000011100000010111110111011000010111111111111111101010000011001101010000000001101101100000101011110101010111111101101011001101101100011011110000000011001000110001000011100000000001111011001011111111111110111101011110111011010110101010011
1011111100111100000011110111111011000011000100001101011101111110110100001110101111101101111111010111001001110101111111000111110001100001001001100100100111011010110110101011101011111011101110111101011111011111111000101010100011100001111011111110000000001011001
1000110001100111011010111110111111101001111111011101011000011010000001011000101100000111100000010111101101000101011001111110110111110101011111110101111100010000110110101110001000110001100000011111000010000010011010000000001110001100000001001110111010101110011
1010000100110000010000001000001101001100000000010111001111000000111011001101101001101110111101010001111111101111001100001000000011110111011001010100110001011101110011111111101101100111110111000111011110111110111011011110111111100110110111011010111010111100111
1010101101111111011010100010100000011111111111000001111110010101100001011101001011101000011101011011011010000111011001100011101001100011001100000110110101011000011000000011001101110011000001010001000000000000001001000010000001101100110000000000001110000110101
1110101101000000001110110111110111010111100000010111000000111111111011011001011010001101000001011000000011010101000011001011101011001111011001110011100101011011001010101111100111000111110111110111101010111010101011110111010111000110110111111111111111111100001
1000100101110111111111110011000111110100001010110001101101111000000010001101110011111101010101111011011111110100011001111110001001100001001101000111110111010011011010100000110011110110000000010000111011111111111000010001110001101100010000000111110000000110101
1110101111110100000010000110010100000001011011111011000111010011101011101101000111011001110101000011000110000101011011100000101101101011011101110000110111111011011010111111111010100011101010110110110000000000111111011011111011000110110110110000010111110110111
1110100011000110101000110011111110111011110011000011110110000110001010001101010100000011000111110110011111110101111111001010111101101001010001100101100001101011011010000001011110001010001110110010011111110110101111111110001001010010110010010111000000011110001
1000101001101111111110100110101011111011000110011000010100101111011010101101010110101001111100000011000110000111110101111111100000101011111101001101101011000011011011010111000000101010100010010111001110010100000000000000101011111110111110110001110111001011011
1101101011111101010000111100000011000011010111110010111101101100010011100111010100111011110001011111101110110110000000000000001110111000110111101100111001111011010011110001101010111010101010110101100000111110101010111011101001101100000010100100011111100001111
1001101010100000011011111111111010011010011101000110110001111111010111001100011110100010011101000110000011111111111101110101011000001111100000001101100011000001011000110101101110100010101010111100110111101100111010001111111011000110101010110101111101101111101
1111001110111111001110000110000011111111111101101111111011000000010100011111010000110111010001010011101001100011010101000101001101011110111101100101101001110111110010111111101100101011111010000001100001001110001010100000011000010010101011100100010000101101001
1100011100101111100000110010101001100100110100000101001110010101010101000001111011111110000111010110001101101110000001110111111001000000001101001101101011000001111010000010111001111001100010110111110100011011111011101011011010111011111001110101010111100000011
1001110110000000111111111011111100110110100001110000011100110101010111101011001111101000101111010011011001000000110101100110100011110110111111011001101111110100011010101000111111000011001010011110100111000000001001101111011010001000001100110101000000111101111
1111110111101110000001000011010110010100001100011101110110110101010100001001101100000010100001011110011101101110011101001100001000110110001010001011111100000101011011111010001100010111101011000000110111101110101011100001011010101111111110011101101010000111101
1111010101111000110100011000000011000001111001010001100000011101110110101111001110101111101011011000110000111000111111111111011010110110111000111001010111110111001000001010111111010100111010010110100000100011111110111111111010100000010111011001001011110000001
1000000101010010111111111101111000011101100011010100110101010001100111100001100110101000001001111110111111110010110011010100011110110011100010001101000000000001011101011010001010010001110011010010110110111111111110000010101110110101000011111101101011011111111
1011010000000111100000101111100011011000110110011101100101010100110101110101110100101101101101100000101111000111111000000111000011100110001010111111101101010101000101111010111000110100011110010111110110000010101000111000000111100101011110100101101000000000001
1110010101111101111110101010001010001101110011111000110111111101110100000111000001111101001100111110100001111101011111110000011011001111011110000011001111011111101100001010111010010110110000110001100010101000000010101011010001101101011110001111001101101010111
1111111111000000000000000000101011011001100111000011110110000001100111010110010100110001101110001100110100000000001010111101001001101100001100101010011000000001101001011011100010111111110110100111110110111010110110001111111100100101000000111011101100101111111
1010100111111101011111111110111010011101101101010110000011111111110100010111011111111101000011100110110110110111101010000001011011101111101001101111001101011011001101011111001110000011000100110000010010011010110110100000101111101111010110000000111110111111101
1010001101011111111000011110100011110101000001010011010110000000000110110100010000011001110110001110111111111111000000101011001110000001111101100001101001001111011001001101101100110111101101110101010110111110010010101110000001111000011110111111110111111010001
1000100000010000101111000000111010000001101101010110011100111110101111111110111101000011000111100011101001011101111110101010011100101011000000101111111101100101111101011001100110011100000111100101011100000010110110100011101100111111011000000000000011101010111
1101110101000110000100010101100010111011111101010111000110100000100101011011101001111111110000101110001100010000000000101010110111111011011011100000111000110000001101000011101111000111010110001101000111011110010011111000100110000011011011011101111110101000001
1111111111101111110001110101001011110000110001010011010010101010111100010000000011111100000101100011101111011011110110101010000110000011011011001101100010110101011001101011001100010001010100100111010110000010111000001011111100101111110001010000000000000011101
1010101001111101111100010101011110000101111011011001010110111110100001000110101011000001110101001111000000000010000011101011101100111010011111100101111011100101001101111001100110111011011111110011011111101110011010101000011110100010111011011101011010111000111
1000000011010000011001010111110111010100011011011011010111110100101011101110101111010101000111011101101011010111101001101001100101110011000110001100001111001101011000001100110011100001011011000110001011000011001010111011000111101000001001111101011011110010001
1111110110011111010011011100100000011101111110010001010011000001111110111000101000011101010001011000101111010100001011111111001101100110010110101110101100011001011101011001111011101101110000010111100001101001111111110011011101111111011101100001110000010110111
1111110110110010000111111110001011001100011000111011011011111111000000100010101111010001011101111110001100011111011001100111011001001110111100100011111001011101010001111100110000111000110101010001110100101011101100011001000000000011010100111011100101011110001
1000000000111000110101100000101110011111001010110011011000110000011110001010101000011101011101110100100110110000001101110000001101100010101111101111011111010001010111001001111010011010100101010100110101101000000101110011011011101111000111100000111101000010111
1011011010000010100100001111111000110000011010110111010010011110110011111111101110110001110001000001111110011110100101000111011001101010100000001000000110011011110011100011100011111111110111010101111100101101010000011001111011111101101111101010001101101010001
1010010011101011110101101100011110111101001110010100011010110000011001110100001000100101100101010101010100110000101111110100001101111011111010100010110011010000111000111000101000001111100110010111100001111101011111110011000000000000100000111111011000101110101
1111011010001110000101101101000000100001011000110101010011111111001100000001011010101111110101110101000001111110101100000110101100001011000010110110110111110110011011100011111101101010110011010110111100000101000001011001110101111101101110000101001101101110111
1000011011100111101101111111101010110101001101100101011000011100011110110111011110100110100111111111110101101110100111110110101101101011111011100110010011000111011000101000001101100000011001110000001101101101011100001100110100011111111111101100011111111010011
1111110010001100001100011010111010010101011000110101011111110111010000100111000011101100110111011001110101000000101100000110100101001010111000110111111111110011001101111011011001101011001011000111101111111001000101100101111101000000000000100111000010000011001
1010111110100111011001010000100010110101001101111101110000000011111101111100010111100110011100011011000111110101101111010100101101101110001101110101101000000111011001011011001101101011011011010000111010111011011111101111000001011111111111111110011000110111101
1000000000110011011011111010110110011111011000000100011111111010100111111110110110001111000001000000010111110101000110011110100101111111100001000000001101101101011101000001111111101001001011011010010000001111000000100011101011000101011111111010111011110000101
1101010110111011010011000010000110111100001101010111111101101000110000100000010011011001010111111110111101000101101111000110101111011000001101010110111001000101001101101100111010001011101010001111000101011110011010111110001010010000000000101010110000010101111
1101010011100001010111101011101110110001011001110011010000001110111110111011011111111101111111000000100000010100100101011100111010000010100101010010011011010001101101100110101010101001101111011000011111000011001010000010101111011101111111100010011010110100001
1001011010001011010110111110000010010101011101100110000110100000000000000011000010100000000001111110111101010110111100011001111011011011101101011111011011011011111111111110000010101011100001111011000011010110011011011111101100000100000000001010111110110101111
1011111110101011011100000111010111011101010001101111110110101101101011101110010110110111111100000000110001010110011111011011000010001010000111000011011001010000110011011100101010111000110111100011111111010110111010011000000111010110101010101110001100010100001
1001101100101010001101110000010001110001111011111000100110111000111111100111011110111100000001011101111111011100110100001111111000101111010100010111001011111010000111010001101110001101110011001000000001011110001111001110111110010111101111100111111001010101111
1011101110101111111111111011011100011100110001011110001111110011100000001101111010101111111111011001000000001110100111100010111010100110010101011101101000101011101100000100101111011000011001101101101111111000111110011000110000110000100101111101101111010100001
1010000000101001110111001010001101011001111011000000100110000111111010101100110000000000000000001111111101100110110000001010000010111110110101001100001101100011101110101101100001011010111101101101100010101110001011111110111010011010110101010100000001011101111
1011010110111100000101100011011101010011010001101110110111011110000010111110000110101010111010100110111111001111100101011011010110110000011101011111011000101010000010101001101101011010001101101000101000000110111011110110101011011011100000000001011101110000001
1111110110110110110000111011000101011011000101100011110100011011011011110100110110111010100010111100000000011011111101111111110110111101011101110110011101111011111011101101100111011010101001101101101101110110000000000110100011110000101101010111111111110101111
1000000111110000011010000011011101001111110101001010000101110000011010000001100110110011111111111001011011001010000000001100000110100001010000000110110111000001100001111000101110011110111100111001101100010010110101011110111000011011101101010001100010011100001
1101010011000101011111011011001111011000000101011011011111100111011010110100110100100111000000000011111110011000101010111001101100110101111010101100000110011101001100011110100011000110011001100011101110111111110111011000110010110001101101111100001110111101101
1001011001010111110110010001100011001101010101110011110000001110011111111110110110111110011111101110110111011010111010001101000110110100110010111001101100110001011101000110101011010011001100110110000010011000010011001010011011100101001101101110100000100100101
1011010011010110000000111011001001101001010100011010000101011000110000000000110110100000110000001000000000001010001011011001010100010101100110001101000110110101010001010110101010010111101101100110101011000010110110011011011000110101011000000010101010001101101
1111111111111111111111111111111111111111111111111111111111111111111111111111111111111111111111111111111111111111111111111111111111111111111111111111111111111111111111111111111111111111111111111111111111111111111111111111111111111111111111111111111111111111111
