11111111111111111111111111111111111111111111111111111111111111111111111111111111111111111111111111111111111111111111111111111111111111111111111111111111111111111111111111111111111111111111111111111111111111111111111111111111111111111111111111111111111111111111111
10000001101100011011001100110101001000110100011010101010101100000011000101011000110000110111101010110011010110110001100101000011010011010100011010100000001100000000101101101101001011010010010010000011010100101101100101000010001010011000011010110000000000101010001
11011111001111001001100101100101011011110111000010101000101101111111110000001101100111100011001010111001010110010111110101101111000110000001111000001101011101111111101100101100011011011011000110111110010101100000110101011110111011001101110000011101110110000000101
10011010011001101100110100110000000001100001111010101101101000010110110111011100101100110111100000100011010110110101100001101010011111011100000010111111111000100011001101101001110011001011011100001011010101101111100100000010110010011100100111110111100111111010101
11001011001101101101100101111101111111110111101000000100101011110100000001110110000001100010111110101111010100000000111011101011001010000101101111110010100010101001011000101011011001100011000101111011010100000100110001111110011010110110001101010110110000001111111
11101001101101001100110000110101000001100010101101110001100010010110110111110000101111101110111000100101010001111110011000100001101010111111111101010110101111101111011101101010001011110110011101100011010001110001100111110100110010110000100101010100010110101100111
10101101101001011110110111100101011101111000101101000100110110110111100110011101111101000110001110001101010111000011001110101111101000111010110001000110000011000101001101100000111010010111000100101110010111011111001101010101111000000101111100010101110111100001101
10101100000011011000110110110000010101010010100101010101100010000101110010110000011000011111100111011100010000011111111000000011000011100000000111011110111111011101011100001010101000110010010101100011010000011001101100000000110011111111011101110000000000110111001
10000111011110001101100010111110110111011110101101111100110110111101011000011011110011110011001101010110110111000110101111101111111010001010111101011010010110001101000110111111100011111010111100001010010111110011101101101111110110100001010101110111111111111101101
11101101000000111000110110010110100010011000000111101001100000011001011101111001011000110111101000010100000001101110001100001011000011011111101101011000110011011001011100000101101011011010101101011111000000010110101001100000000000001111000000000111111101001101001
10001101010101101101100111010100001110111111110010101100110111111101010001101100010011100101101111010001011111101010111111100001111010000011000001011011110111000011000101111101111010011010000101110111101111110010101011111011011011011101110110110000000000011001011
11100101011111101101110011000001100110010110100110000101100000001101000111001101110110001101100011010111010010111010110101001101000010111110011111000001010101011111101100010100110010111010110000110011001011111010001000001110001111110000110010011101111101001100001
10110101001010101000110111110111111100110100001111110001001110111101110100011000000110111100001110010011111000011010100001011111111010101111000001111100010000001011001101110101110110101010010110011001100000011010101011111111100101100110000111111000000111111001111
10000000011010100011100010100000000110110101100001111101101011110000110101110010111100000101111011000110100011110010110111011010110000000010010100000110110111111001101101010001100010000000111111111100101111111010111011100001111100001111101101101110101110101100001
11111101011000001111110110111011111100110111101111011001101011011110100001110110011110111100101011011110101011011010110011011010011011111110111111111110100000110011001100010111111010101101110001101110101110101010010000101111011001111101111101001100111010100001111
10011101111101111000110110110011011001100011000101011011000001010110110111000011110100000101100001011100001011011010111011001000110010001100101011001100101111111001100101110101100000100111011101100110000000000000110110000110000011000101010000011110110000001100001
11000000110101011011100110110111011100111011110101010010011101000010100001110111010111011100111101000101111111001000011001011011111010111001101010011001101011101100110001010100111011111111001100001100111101011010000111111111011111110000000111000111100111111111111
11101101100101001010110010000000010110001001110101011011001111111000101111110100010100010101100100010000110101101111011011011000011000001011101010111101101000101101100111000001101000111001011101111001101111111010110001001101010110100111010111101101001110110110101
11111100101100011010011010110111110011101011010100010001011010101110101111010101110001010101110001111111100101101110001011000011111101111011001010101001101011101001001101011111101011101101011000011100000010101110011111011101010010110011110101111101101010000000001
11010110001101110010110011100100011001101000010111011101011010101100101001010000011011110100011011101111001101100011100011011110111100000001101000101101001010101011011101001011000000000001011011110101111010000111001110000101000110010110111101010100000000111111111
10010011101000011010011001110001111100001111000110000000010010000110000011011011110001100001110000000001100001101110110110010010011001011111001011101000011010101011000001011001011111111111011011010000011111011101111010111101101111000000011000000110101010001010111
11010110000010110011011011000111010111100101101110110101000110111110111110010001011011111011000110101011001111101100110011000110110011110011011001101101011000000001011111001011000000010101000000000111110110001000101000000101101010010101001101111100111111111000001
10000011110111111010000001110110010101110000100011111111010000001010010011011011011000101001011111111111101100101110010111011110011010100110000011100111011011111100010110011000010111110100011010101101010100100011100011011101101010111111011000100110001101011011111
11101111000011010011011111000011010001011101101110011011111011111011000110000011001011101011011101010110000110000011000110001011010000001100111110110010000000000101010110111011111111010001111111111101010001110110101111110000101010101001110011101100111000000000111
10001101111001011001000011111001011100010101100011011001100000101011101111101111100010101000000001000111101111101111101100111010000101111110010110010110111111010111010010001001111100000111010101010000000111011110000000011011101000001011110110101110100010101110001
11101000110011010011011110101011011001000000101111010011111101101010100101101100001110000011010100010011000101001010000110001010110101001010110011010110000011110111111010111011010110111111000101011101111101011000111111110001100010100010010100000110001010100111011
11101010100111000111001110000000001111011110100101010111111000101010101101001101111011011001011110110111101101101011110000111010111111101010110110000010111000110101100000000000000000000001011101011000000100001110000101010111101111101110110001101110111110101101111
10101011110001110101100011111011111011010000101101010101101110001010101101101101011010001111111111100101101001101010000110000010101010100000110110110110011110010100001111110110110101101111011000011101111101101010111101000000000001111010100111111100111111111100001
10000001100111110000110110100001001001111110101101010101001100111000000101001101000000100001110101101100101100101000111111111110100010111011100010110110110111110111100001111111111111111011001101110101000000111000110100011111101011010000101101110101101011010101111
11110111001101010111110010111011011011101010101101010001100110111011110100011001011011111011010000111110101110000010000001101100001110011011001110011100000000111101110111001001101010011001011001000101011111111110000001110001111110010111101000100000000011010000001
10110011011101010011010110110010001011000000001101000100110110101010111101001101001111011111010111110100000111111011110111000001011100110001100010111110111111101001000101011011101011001101001100011101001000101110111111000100010011010001000010001101011111010101111
10010110010101011001010100011000111001111111101101011111100100100000001111011001100100001101000000010111101101000001111110011111110110110111001110000110101011001101110000011001000011011001011111010101100011101010000011011111000110000100010111011111001000010111011
11000011010101001100000001111011101011011000000000001000110101101101011010000011110001111101011111110111101101111011011011001110000110110101100000111100000001101101100111111100011111001101011011000101101110101000111110000111111100101111011101010111111011110110001
11111011000000011001111111010010100000011110111111100011100000101111111011011111000111101000001010110000001000110000000011011010111110010101001111110101111111101000110000110101110110011100001011011101001110101101111000101100101101111111110001110101101010000010111
10011011011010111100000101000110111011110011110100101110111101101010101001010101110000101010111000011111101110011011111111000000001011010101101110010101001011000010100111100101010000110110111011010101100010100000000011111001101000110101111011100000000000101000001
11010001111011100111011101011100110000110111010110100110100001000010101101000001010111100011110011001011100011000001010110011111111001000001100010110001011000010111110101110001010111110000111011000001101000001010111001011011000011100000001010101111111010111101011
10010111100001101110000100000110110111110110010110001100111101011110001001011101010001101111100111111010111011111011010011000000111101101111110110011100001011111101100001011100000001011110101001101101101111111111111011001001011110001111011000001101111111110111111
11000101001111100100101101111100100010100111010011011110000000000011101101010111010100000000110111101010110010110001010110011101101101100001100011000001101000001001110111010001111111010100101011000101100001100101001111100011010000111101110011100000001111000010101
11110001101010110111101100100110101110110010011010001011111011111110101100000010000110101111100011000000011000100101010011011111001100110111111001010111111011111011010000000111000101010110001010011111101111001100011110101110000101101000011001101111111010011110001
10100101001010110111001110001100001010111011011011011010110010110010100101101000101111100000110110010111111010001111011001000111100101100011001011011101010000011011000111110101110101000110111010110010100011100001111000000110111111000011110011111100000000111010111
10001111101000000101101011011111011000101011011010011000011000011010110100111010100001111011100010111111101111100110001100011101001101001001101000001100010111110011101100010101100101011100001010011010101000101100001101110000000011011111011011010101111111110010001
11101010001011111100000011000110001011100011011000111110111101001010110101111111101011011110111010101100000101110111101001010101011101101101000011111110110111011010000001111100110000000110111000110000001010000111011101110111111110000000000000000000000000011010111
11100011100000010110111011101100111011111011011110101000011111101000000000001101111111000100101010000111101100100001100011110101010101000111111000001010100001010011011111101101100111101110101010000111011011010011000000011111110000101111111111110101111111110010001
10001111001111110110110001101101100010110001001100001011001011000011101010111000110001101101101010111100100110101011111010100001010101010011011011111010101111000110001010101101101100111000001011110001111111010111101011001100000101100000111110111100000110011010111
11100110011111010011100101100101101110111101101110111111100001101001111111110011100111001101100000000110110110111001011000001111010001110110000000001010000110011111011010001000001110001101100001010100000001011110101001100001110101110110000000000101111100111010001
10101100110000000111111100110101101010100001100010001100001101111100000101011001001101101101101111111100010110010011010011100010000111100011011111111011011111011010011010111011100110111000111100011111111111000000111100110111111100110011011111111111011110110000111
10000110110111111100111001100001101010111101101010111111101111010001111101010011011101001101001100011110110011010110010111101110110011001010010100101011010110011011000000011011111100000010001101000000000001011111111111100000000111111001000000000011000100000101111
11101100000000110101101011111100101000101000111010001111001010010100101000000110000101011100011101110100000111010011010110111000011111011111000101101010000011001011011111011010110101010110101101011111011011000011001010111101110000101011111011111111011101110101101
10000111011111100101000000111110001011101110011011100101101000111101101011011111110101010110110101010101111100000111000110010011001100010100011101101010111111101010000001111000000001111111111101000011011111111111101010001100011111101110111111000000000000011111101
11101101010101110001101011100111011001101100110000001101000010101101100001011010100000000110100101010000001110111101110111010111111111010111010100101010011011001000111111101011110111100000010111101111000000001110000010111001111010101110101101011011010111011010101
10100100000101010101001111001100000011100110011111101101011111100001101111110010110111110100110100000110111010001101110011010000111001010101000001101010110011101011101110101010111110101111000011000001011011111011101110001100000000101000000000001111111111110010101
10110111011101011101100101100111101110001100110011101100000101111101101110111000110110111110110101111111100010111001011011000111101011000001011111100000011010101000000000000000000000000001111001010111011111001001100100101001101111101011111011111101000000110110001
10010101010101011000001100110010101010111110110110101001111100111001100010011101100110101100110000100100111010101100001000010011000001110111010000110111110000000011111111111010111111101111111111110001000101011011001101111101100000000000011110101001101110110111101
10110101010100011111011110011010000000101100110100101100100101101101101110110100110100000110000111101101100010000111100011111001110111010101000111100111100111011000011011011111110111100110001110111011010001011011011000001101101101110111110110001011000011110010101
10000000010101110011010100110011101111101110110110000110101101100001100110010110100101111111110110001101111010101101111001111111110110010100010010110100001111111011000001000000000000110011100000011111011111001010000011111111111000111100100000100001011111010110101
11111101000000011010000001111001100011000110100011101100101001111100101111010110110000011100000011011000111010111100111011010101010011000001111000110001011100001011010100010111101011111110101111000101011110011011010110101010111011101101101111110100001101000010101
10011111011110110011101111001101001110011110111001100110000011010110000101010110011011110111111000001101101000010101100001010001011010010111101101110111111001111111010101010001111000101100100011111101110011000011011100001010101111000000000000010101111001101110101
11010110001111110111000110011000011011000010101011101100110111010110111101000110110001010011011011111100101111000000111100000111001011011101000111010110101011110101110101110100001101100001101110111000110111110110000001111010100101011010101010111111101011001100001
10000100111011010101110011001111010001011110001010101101111110000000011001110010010111010111011001101001100110011111110101111110011011001100010011010010100000000000111111111111011100101111000000000010100010100010111111101010001101011111101010011011001001101101111
11110110011011010100111001011000011011000111101010100000011011111111001101100110110101000110001011000011101100110101010100001100110011011101111110000110101111111110011011000001110111101100010111111111101110111010100010101000111101010101111111110001100011000101011
10100010111001010101100011011111011011011100000010101101110011011011011001110010110001010010101010011111000101100000000101111110110110000101001000111100000000000111110000010100110000000001110000000001100000110000001110100010010100000000111000111011001111101101001
10111010100011010100111011010000011011010111111010000111011000001011010011011000000111011111101011001101110101001111110100001010110011101100011011111101110111110001011011111110100101111111111010110111110111100111111010001010110101011111101101100001100101001000011
10110000001111010001101000010101000000000111011010111110011111100000010110010010111101001101000011011100110101011000010101111000010110000001000000000000010000010100000011011111110111011111001111110011010010110000011010111111100001011101000100110100110100011011111
10111101011010010111000011111111111101111101011000011011001101110111110011000111111001100101111011010110010101000011111100101111010011010111011101010101110101011101101110000101100110000000011001011111011000110111111000001111111011110100010101111110110001000001101
10101101111010110001111000110001101000101100011111001001101100000010100111110001001101101101010011010011010000011001011001101010010110010011111111111100011101000101111110111100110100101010111100001010010011100010000011111010111000100001111101011100000101010100001
10001000101010111011000011111011000010000111001101100011100110111000001110010111011001100100011011000110010111111111001100101011000000110110110000001111011111101101000000000001100001111111101101111011011010101110111000101010101011101111101101010110111111010101101
11101101100010011001111010110011111010101100011000101110110111101101111011000001001011110001111011110011000000000011011001100001101111111100100111100001000010111111011111111111110111110101001001100001010010000000011110000000001000000010100101010100000011111100101
10001100101110110011001010111001100011111111011110000000110011000100101011110111011010111011100001111001101111011110011101001111000001011110101100101011101000111110001011101010100110100000011011001111011000110101001110101011100011111110101100000001111000100111111
11100110001010011001100000101011111001011000001011011111110111110001100001100000000010100010111011010011000011111011000000011010011111010100000001101001111011101100111000000010110000001111110001011100011011111111111011111011001000000000000001101100111101101110111
11110110111000111100110111101010011100001101101011000010100001011100111100110111111110111010011001011010011010101011111011110011001100000101111111001111001111000110110011111110000101111000111011010110111000001010100011011110011101101010101100100110001111100000001
10000010101110101001100110101010110001011111001010011110001011000110101001110100110010110000111011010010111110101001100011011011011101111100000001100101011101011110110110111010111100000010001010000000000010100000001111000011111111111111100101111110101010110111111
11111000001010100011110010101010111101111001101011011011011111110110101011010101100110100111101001010110010110101011111001011010000000000001111111111101001000011100010000000000011111111111111000110110101011111111111010011001101010100101111100000011101000110010101
10111110111000111010100110100000011000110011000001000011010101000010101011010000101100110011100011010110110010101001101011000000101011101100000000011100011011110110110111111111000011011011100011111110101000000110000000111111000000110001011111110111111011111010001
10000000001101100010101110101111111101111011111101011111010101111010101001010101100110111010110111000100011010101011000001011011101001111111011011000001110001010110000000011111101001001000001111100000101011111110101101110101110110000111000110111100011010110000111
10111010111100111010101010100001011000101001011000011000010000110010100011000111101100011000000001110101111000000001110111001001111111011011111111111011010111010110111110110000101100011011111010111111101001101010111100000101100011101101011100001101110010110110001
10100010011001101000000000110111001110101011001101111111010111111010111011110011001101111011111011100100101011110111000000011100000000011010000001101111000011010010010111110111111001000000000010000111111011000000010111110000001000111000000110111001011010110111111
10101011001011001101011110110000011000001011011000101011000010110010110001111001101100110000101110110101101001111111110111000101101101110000110111000110010110010110110101010000001111011111011110111100011111011111000011011011011011111011011100001100011010000000001
10101111100001011001111111100101111111101010011101100010011110011010010111011011000110000110101110010000101011000101100001111111111000100101100000011111011111000010010100000111111011111101111000000001110110000011011110001111110010100011110001111110111000110111011
11100110111100001100100011001111100000000010110001111011000111010011000011011001110100111111100011010111101011011101101100001011011111101111111010111010001010011110110101111100101000010100000010111111010011011111000000100101110110001110100111101100000010011111111
10001100010001100001101010011010111101101000011100110011110010011001110110011011010001111101101110000110101001010101000111111011001010000000101111110011011010111100000000101110100011110101101110001101010110000001101011101100011100100110101100101001010110111100101
11111111000111111011101110111000110111111011001101100110011000110011000010110011000111000001100011010010000011010000010111101011011000111111101101010110000000000001010110000000001000110001111111100000000000101011111111100111001111110010000110000011110010100110001
10111001111111000010101100110011110110010001111000110011000011100111110110011001110101011111001111111010111000000110110000000000000010000011000000010110111110101011110010111110101010000100000000101101010101111111111110111101100101010110111110111000011010101100111
10001011011101111010001110011001100011011100110010011001101110110010110110110011000101010001101010110000001111101100010101111101010111011111011111110110111111111110111110111011111010101101011111111101011111010101101010001101101100000000000000011101011111100001101
11101010000001101010111000111011001011001110011011111101100110100110100110100111110000000111000000111011011100111111111100011111111100000101010000110100000011011110001100000011011110100101000001000111000110000001001000111001100111011111111101000111110101001100001
10101000101100000000101101110001111011011010111001010000001110101100110010110001010111101101101111101001000001110101011111000000101111111100000111100101111111001010111001011001000111101111111111011111111100111111011011101011101101010001101111110001100000011101101
10101111111111111101101001010100110001011000101011000110101010000110100110100111000001111001100110000011011100000000000001111010000101101111011101110000001001101000001111111100010000100000100000001001101101101000011001100010101100000111000010111111111101110111111
10101101010000000000000011011110111101011110100011111111101011110010001100001111011111001101001100111011111001011011111100001011010000000011011101010111111011101011100011001110111011111111101111011011101100101011111011110110001101111100011110101010100001000001011
10000101011111111110110111011010101000001100101110011001000011000110111111011100000001011000011110111001101111001000110111101111111011111110000000000011011001000000111111100010001111011101100011010000001101101000010000110011011100000001111010000000111100011011001
10111101001110010110011101010000101101111001101011001101111001101100010111000110111111000010110100001100000111011010000011111100101110001010111111111000001101011011110010101010111101000101101111110111111000101011110111100111010101111011110010111111101001111111101
10010101101011000000111100011110101001011101101001011000101011000101110101011110000000010111110101111111010001011010101000110110000111011000000000001011111101001001000110101111100100011101101110000001011110000000000001001101000000001111010110001000101100010101101
11000001101011110110000110110100101101001100101011001101101010011101010000000100110110111101010101011011110111111110111011110110111101000010101011101000010101011111011100000101001101111100101011101011010110111111111111011001011111100001000000111011100001110101101
11101111001010100111011100110110000001011001100001011001000000110101010111111101111111101101010100001010111110110010011000000010001100011111111111111111000000001111000101110001011000100110000001111001010100000000111011011011000000101100011011110010101111010000001
10001101101010110100000110110011111101011011001111001100011110110100000110000000001101100101010001100000000000000111111110111110111001000000010010110111111110111001011100011111001110001111011111011011000001111010100011010000011101111001001010011010101000000101111
11011001101010111111101100000110110001001010011100011111001100010101111111011111111000110101000100111111110110110011100010110100010011101011000110000000000111101100001001001011011111011010000000011011101111111111110110000111111111001011011111000000000010111111111
10011011000010101100101110111100011101100011000101111111111001010000101010000000110011100100011101110011011111111010101111100101110111111111110000110110110001001001111011111001011010000000111010110001000000000101010011110100000010011111110101010101011111111000001
11001001101010101110000110101001110100111010011101001101100011110101100000111111111010101101111111011000001011111110000101110000000001010001111110010010011111011011110000111011001011101111111111100100011011111101011010100001011110110101100000011111000000000011111
11100011111010101011110110001101100110011010111000011000111000111100001111101101101010000000000011011011111010110100110001010111111111000111001111111111111010001000000101100001101011101010000101001101001111100101010010101111010110110101101111111011101110101110101
10101110010010101011010011100100110100111000010011111101100010011001111011001101101000110101011110000000010000000001111011010001101011011101011001101101010000100011111111101111101010000000111101101111111110110100000110101011110100000001100000000001100111100010001
10101011011000001010000110110110110001101011110110111100110111011011100000011101101011111101111100101010110111101100011111010111000000000001000011000101000110111001100110001011000000101011101101101001101000110001111100100001100001111011101101010111110001111000111
10100011001010101011010000110000111101001001100110011001111110000000110111110101101000000100110101111110000001111101010100010100010101110111011111110100010110001011001100111001101111101000100000001011000011111101110110001100111011111111001111110000110100011010001
10001110011111101011111101111101101001101011110110111101011011011111100010100001101011111111100101010110110111010111110111000001010111111110010101100001110111111000011001101100000001111010101111100001011110010000000011100110000000000101011010111111111111111111011
11011011001101001010101001101000001100100010110100101101010010001100001010101111000000000010110100000010110000000000110101101011011110011010110100110100010100001010111011100101110100111110000010101011001111011110111111101111111101101100001010000010101000110111111
10011001100101100000000011000011111110111010110101101101011011011101111110100110011110111110010101111111110110110111100001101111111010111000010001110111110001011111101010110100011111101110101110111110011010001110101010100000000111100001111010110110000010000010101
11001011110101111111101001111000010110110000000100101100011010000000111110001100111111110110110100000101011111111110111100100101101010101110110111100010111011110101000000000001111011101011111100010111001010111010100000001111010000110100110000011100111010101000001
11100001100100010111111100110011110110011011010001100111011011011111101010111110100000000010010101111100001000000000010110101101101000101100100011001000011111110101101111110100100000001011010111000101011010110000001011011111111101100110000111001001101111111111111
10111101110111010100010101111011010110110001110101110100000011000000000000001010001101110110110100000001100011111111110010100100101011101110001110011011000101010101000010111110001011011001010011011101011000011011111111111000100111111111011101100011000000001101011
10101101010111010111010101010011000110111100111101000101111010011110110111111010111111011100000001111111001000001100111000001101101001101010111110111111101101000000011110000011011111110011010110001101000011110000010101110011101110101011000000111011010110111101001
10000101010101000101010101011011011110100110011111110111000011000010010011011010101010001101111011101001111011111101101110111100001011100000001000000000111000011010110000111111110110110111010111011101011111000111110100011010000000000011011110011111011111111000011
11110000010001110101010101011010001100101100110110000011011001011111111111001010000010111100001000000011111011011001101010110111100010110101111011111010001101111011100101111000100010000001010011000101000001011101010101110000111111111111001111000100000001101010111
11011111000111110101010101001011101101101001110011111001111100000000001010011000110110110101111101101010001011001101101010010110110110010111100000001010111001001011001101101011101010110111010110010000010100010000000000000110000000010101111011110001111111101011101
10001001011110000001010100011001101001100011011010110011101110111111111011011011111100000000001111111000111011011100101010110110000110110010001111111111111100011111011111101010101110111100000000110101111111000110101110111111110101110000010001110111101111000001101
11101101010011111101010111001011001011111000011010011011000000000101011001011010101001111010111010111101111111000110001000110100101100000110100000010101101001010101000111001000100110001111011101111101101011110010100110000001111111110111000100011111000001110111001
10100000000111001100000001100000011001101111011010110001111110111101011011000010000011101111101000101111001110011111101011100001111110111100111011110101100011000000011101101011101100111011000111000100000000011011110011101111001011000111110110111001101111110001101
10110101101101100111101111111101011011000110010010100111011110110101000000011000101110100001101011100011100000111011001001111011011010000110011111000000110111101011011100000000101110101000010011011111101011111111011111111110011001110000010010001011100001000101101
10111111101101101100001011001111011010011100110110101101010010110000011011111111111010001111000010101001110110110001011011001000001000111110110101101111110001111011110101110110000110101011011000010000111110110110000000000000111011100111111110111000101111011111001
10000110000000100111101001101000010000111001100110001000011000100111001001110110010000100000011110101111010111111101010001101011111011101010000000000101010111011110110100011111011100100001110011000111110110000000101111101010001010101110101011110010000011000110011
10111111011110001101100011101111000111100011110011101011111110101101111011010000110111111011011010000100000000110000000111101011000000000000111101110000000000001100100001111001000110001100010111010000000000101111111001111110100000100000000000000110101001011110111
10111000010010111000111000101101011101111000011001000000101100000000001110000110000001011111111010110001111111111011101110101000011111111010000100010101111111011101101100000011111110111111111101111110101111111110110011000110101010001101110101011100111111011100001
10001111011000101101100011101000011100110011111100011111100110111111111110111111010101010101110000011011110101111110100000000011001000001111011111111111001111111001101111111001101100000010111000000011111110001010000111011100101011111100011101111101100110010001111
10111001111110101100111000101111010110111000101110111010101100001110101000000101111100000000011011001111000000110100110111101111111010111101110010101010011000100011000011001111000110111110010011111111011011011010111101010111101000000111000111110111110111000100011
10011011110000000101101101101010010110100011101000101010100110111000101101110000000111111110110001100101101111110110010000101110110011111000110110101010110011101110011111100001110000010100110110101110011011000000010000000011101010110011011110000010110100010101001
11001011011111110001100000101011010110001110001110101010101110100011100001111111110001100011100100110100100011000011000101100000011011000010010110000000100111000110110111101111100111110101110110101010110001101101000101111110111010111111111011110110110101111111101
11101011011011111101101110100000000011101011011000001010000010001111101100001101011111101001001110011110001111111011011111111111111000010110110110101011101101011100110011000100110000010100000000000000000100001111110101011000001110001011110000110000010101101010111
10101001010010000100001011111111101110101001010011101000101000100000000101111000001110101100011111001011011011001000000011111101010010110011100010111111100000000110011000010001100101000001011110110111011110100000111100000010101100100001011011100101000100000000001
10101011011011010111100001101101001100101101010110000011101110101111110111001101111010001111110101100000001001100011111001100000000110111111111000001100001011111100111010110100001111111111011111110111011111101110001111111111100101101111011000001101010001101011111
10000010000011110110111101101100011110101101011111111001111111101110111111101100000010111011110101110111111011111011011011111101111111101010110011111001101110110110101011111111111010110101110000011101000100100010100000000000111111111101011011101111010101111000001
11011000101110100100110001101111000110100100001011000011010001111010001101000101111010000000000000011100110001010010001010011000001011000000011010000011111110010000000001101000000000000000100101001101110001110111101101101010110010111000000000100001110100011010101
10011110111010110101111011001010011110110001111011010111010111011010111101011100011110111111110110111110011011011000111110110010100000011011000000111000000010110111111111000010101101101110001101100000111100111111111000111111110110101011111011111111111110111111111
11010000011000110100110010011011001010110111011001110000000000011000010100000001110110000000010011100111001001011011110110110111111101110001011010011011110110110000000011011111111100100011011000111010001111101010111110000001100110101000011010000111000011110101011
11110111011110100110011000110011011010110011001101100111111111110011110001011111000110111111010111101101101011010001010100000000000111111111001110110000011110100111010111010101000101101110011111100011011011000000001100110100101100000011111110111100011111010101001
10111110010110110111001110110111010000111001011000110000000000111000100101000101011100000111111110101001100001011100010101111111011111010111100010011010111000001101111100000000011111111111110111110110000000011011100110011110101110111110110000001111010000010101011
10101000110100000001100000010110000111100011011011100111111011101011101111110000000001110000101000001011001111000101110100000001110001000000111111111111101011011000101101111111000000000001110000010010111111111001111111111011100100000000000111100110000111110000001
10101110000111110111001101010111101100110110000011001110101110000000000110111101011100011111101101111001100001101100000001010100011011011010110101010011101011111101100000000011010111111111011101111111111110001111011011000011110101111101110000110000110000000110101
10000110111110000001111111000000000101100110111110011010000111111011110000000111111101011111001000001100110111000001011011011111110000001111100001010110100000101000001011011001110000110110001101101101100000100000000000011110010100001100010101100101100110101110101
11010000011011110111110110011111110101001110001011000010111100110000011010101110110111000001100010111101100101011101001111000000000110111101101101000000001111100011101111111111111011110000100100000000101111111111111111111011010001111111111111101111101100111011111
11111110110011000110010111010000110101011000111011011110000110100101001011101000000011010111110111111000110101000111100001111101010011100000001111011101111000110111100101110101001000010111110001111111101011111001111101010000000101010111011000111010111110000001011
10100000011011110011000101111110000000001101111001010110111110110111111001100010101001111100110111101110000000011111001100000111010111111101111010001111001011100000111101010000011101110000010111010110000000101011000000000101010100000100000011100010111111011100001
10111011011010000111110101100000101011011000000011010100000010100000111111110111111100101001100010100110111101000001100101111110010000110101101000100010011001110111110101010111111111010111111110000011110111101001011111111111110101111101101110111010101101000110111
10111010000011110001100000110111111001111101101011010001111110101111100101111101011111100011101110101100011101101111110100001011111011110000000010110110111011010000000000000000001010010000001010111010010111001011000001111000111100000000100110100000000001110110001
10001111011111000111111101111100111100101000101011010111100110000000110000101100001010001110100110000001000111100000011110100000001011000111101010011110100000000101101101101111111011010111111010011111000000011010010101000010000111011111111110101111111011111110101
11101101010101101100110001100001101001101011111111000010110110110111100110001101100011100110101110101011110000101011000111101011111111110001111010111100001010101111111000100010110011010111011010110101011111111000111111011111011111000111011010001110001111001010101
11000000010101000110010100111100000011100001010101110110100000010010110111111001111111110110101100111011000101111111111100101111001111000100001011110001011010100000011101111000000111000000000000000000001101101011101010000101110101110000000000100000100101011011111
10011101000101110010111101100111111000110111010101000000110111111000000000001100000110110110000001111111111111010000000001111110011010011111111111010111111110110110110111011111111101101111111111110110100000101000000000111100100000011101101010110111111100000001011
10111111110101011010101000001101001010000001010101011110000001101101011011100101011100000000101100000100011100000111111100111011010011011011010110000000000110011111100000000000001101000001100100010100111011101011011111110101101111111101101010110001011101110100001
11110000000000000000101111101101101110111111010100000110101100000111111110111101110111101110100110101101110111011110101101101011010110000010000000101111111111000000001110111111101100011100110001111110001000000001111111010000000000000111111110110100000100011110111
11011111101101011101100010000000101100111001010101111111111111111100110100000000110011000111110010100000110010000000000111100011000000101110111111101101011101111110111111111101111001111110110111101100101011010101100000000111111111111110000111100101010001111100001
10011100001001110100111011111010000110101100000000100101010111010110100101111011110111010001100111101111111010111111110110001111110111111100010111100000000101110010011001100101011101110011100000000110111001010100001101110000000000101000110100101101011100110111111
11010111111101100001100001101111110110100101111010101101010100000010101100011110010000010100111101111100110000000110111111100000110111010101000000111011111101010111111100101101010101011011001101111111110011111110100100011010111111101011111101111101000111110000001
10010110111001001100111011000110000100101101111111100001010001111000000001000110110111111110011000110110000101101100000010101111100000000001111111111111111000000000100110001100010101000011011111111000011000000110110101001110000000000000101000000111010001010111111
11010100001111101101100011011111110101101100000101001111010111111111111111111100000000101011111011100110111111111101111110000100001011101100000000001110001011111111101100111001110100010110001010000010110011101100011111111111011110101111100011110011111100010000001
10010110100110111001111011010101110101100001111101101011010000000000000000001101101010000000101010001110000011011000110110111101011011111110110101011010111010011011000110101011000001111110111000101111111000111111000010101011000010101110101000111110001101000111101
11010111110000011100001011010101010101001011001001100011000111111111101011111000111111111111101010111010111110000010100110001001001110110010011111111010101010110001101100000000011111101100001011111101011111110101111000000001101111100010101101101010111001010001101
30000001011111000110100000000000000000011111101101101111101101101101111110101011110101011111001010011010110100111110101100111011111000000111001010100000000000000111000001111101000001000110111011000000010001000000001101011011100001101000000100000000001101111011001
11111100011001110111101010101101011011010101001000000001101000000101010100000000010000000001101000111010110001101011100110101010101101111101111010101110110110110001011111101111110100010000000001011111010111011111111111111111001011001111111110101011100101100001101
11101110110011000011111011111111111110010101101101111111000011010000000001011111110110101111101011110010110100100001110000000010100001111100111010000011111110011101001010000001111110111010110100000001000000000000000000000110011001101111111011111000111111110100101
10000000011001111010111111010010100111010001001101000000010111111101011111110101000010100100101011011010000110001011011011110110001100000110001010111000000011001101011010111111000011101110011111101101010101011111111111110110110011100000000000011010011011010101111
11111111001100101000101101011010110001010111011001011111111110111111110001110100011111111101101001010000110011111000000001011100111111111100111000011101101111111101010000000110011111100111000011111111111101000000000000111111111000101011011111111011011001011111011
11110101011110100010000000001000111100010101001101011110101010010111111011000001010011100100101011010111100111111111110100000001110010110110100010110111001000000111000111010000111010001101101000011110101111110101101011100001010010101001000001001110011011000010001
10010100000100111111111111101110010111010101011000000000000000110101011001101111110110110001101010000011110000000000010101011111011000000000001110100001100011111110010011010110001000100000111111001100000000011101111000001101011010101101101100011111010000011110111
11000001010110110101000110101010110000010100000011111110110111100100001011100001100000011100000000101000011110101010111101000000000011111111111100001100111000110100111110010010100011111110000001100001101111011111011111100100001111111101111111110001010111111010001
11110101010000000101110000000000011111010101101000111011100000110101111010001111001010110101111101101011000111111111101111011111101000000001110110100111111010010001100011011011101111000010111111001111111011110110000000110101111101111000011000000111110000000000111
11111111110111110000000110111110110100000000111110000000111111110100111000101110011111110101100111111001101101010111100111110101111101010100000010110000001010110111101111111001100000010111110001100111010000110100111111111111101000101111110011111101100101111111111
11011010111111111101110011100000000001101111111111110111101101010101100011111010110101010100001110111111111101000010110101100000000111010111011010010101011110100000100000001111110110110101000111111101000110000101110000101010101011100111011010010101001100000000001
10000000001000000001100111110110110101000000001011011111100000000000001111010000000101000101100000101100010101011000000000001111110001111110011111111111110111101111101111111110111111111100011101000000010011110000000111101010101001101101010000110101011111111111111
11010111100011011101110100000011100101101010111000000000001101010110101000010111011101010000101011100001110000011011010101111111011111101011000101100000010011000000000001100000101011111001000000011111111000010101110010101010000011100000000101110101010010000000001
10011100001010011001000111101010001100111011110011111101011001011111100011000011110100011010101111001111110110111110011100000000000011000001010000001011110111011111111111110110000000110011101010110101101111110100111000000000101111001111010111010100000110111110111
11010001011111010011110100001111101111100001011000001111111011011101110111111000110101111111101101100101010011100011001111111101111110011011110111111110100000000000010000110111101110110111111110000000000000111111101111111111111101101111111110000001111110000111111
10010101110101111110000110101101111000001100000011100000001111000000011100001101110000010111111000101101000111101111100000001111111011011111111100100100001011011101000111110001111111100001010111111011111110011010101110000000110101100000111010111100000000111101001
11011111000000101111111111101000000011111101011001111111100001110101000001111111100101000010110010000000011100000101110101111010000000000011011101101101101111111111110010000111010001101100000000011000011011000000100000111111100100001110010000000101111101111001011
11011011111110000011001011111111111011000101111111010111111111111101010111011011001111111110110111111111111001010000011100000000110101011111010100000000101100110000011000110000000111001111111111110011110011110111101111110110110101111011110111111111111111101011001
10010000111111111011101010110110000001010000101101000000000000000111111110001011011111110110110101000000000011110101010001011011111111110101010101111111111101110111001110110111011101100000000001011111000110111101100101010010110100000001010011010110000010101001011
10111110000000000000101000010111011011111010000000010111101011011110000010111011000101010010110001011110110110111111111011001111011111100001000000000011011000000011111111111110000000001111111100000000011110001101101100010110100001101011010110000011101110101011011
11101000101110111010000011000001110001111111011110110000111111111100111110101010011101011010000111010111111110101010101111111110010101001111011111011000000010111000101000000010110101111110111110101101111010111001100001110000001111111111010010111111000110101011001
10001111101000110010110111101101000111010101010111110111111110110001110000000000111100000000110000000011101010000010101101101010110101011110000001111101010110001010000011111110010100000010100011100100000000001011101111110110100110111101000110001001101110000000011
11100000001110110111100010111000010110000000000000010000001010011101000110101101110101111011111111111000100010111110101001100000010101011000101100000101011110101111010110000111110101011000101111111111011110111010101011010010101100001000010110100011000011011101111
11111111011100011101001010011101110111011110101101111110111010110000010011111111010101110000000000001010001000010000000011001111110000001011111111111101000010100011010000111100010101110010000110000001000011101010101001010111111001111011111100111000010111000100001
10000000010001011000011111000000111101010000100100000011100000110111110111010000000000011011101111011011111111000111111111011101110111111000000000000111010111110111010110000001111100011011010000111111111001101000001011010101011101011011111101111011111100011101111
11111111010101111101010001111010011000011010110101111000001011100000011100000111111101011000100001011001111001110001101101000000000000000011101101111111111111100001010111110100101111011011010110000000011011001101100000000001001100000000010101001001111111000101111
11101111110101000111111100000010110011011110110100011011011000001101111001010010000101001101110101111011001101110100000000011111110101011111111000001100011010110111010000010101101001001111110010101111111001101101110111011111011001011011110100011011010100011111001
10000000111111110000000111101011111111110000110110111111110011011100000011111000111111011111100100001111011000011111101101000000011111000000001111111001000000010111111010110100101011111110110110100000001011000000011110011101011011110000000001111010000001111001011
11101010001010000110110000001011001101000110110010000000011110000110101110011110001011000000110110100110000011111011100101101111000001011110111010100011011011010001101111100110000001111010111111111010111110010110111011000000000001111010110100001111011100001011001
11101010100000101100111110101001100000010100011010101011110010101100100000110110100001101010011111111100111110100000111100100011010111000010000000001110011001011100000111110010110100001010100000001110110100110110001011011111111100011111110101100111001101100000011
10001111111110111110011000101011110110111111011010101000000110111110101110000010101011111110111011010110110100001111111111111110010001010110101111100111111111110001010010110110110111111010101111111110010101111111111001000100000111001111010100110010011111001111001
11111101011100110000110010101010000110101100011010101101011100000110100011010110101000000110101000000000000001111101000010111110111111110010100000110001110110111111111110010110110000011000000100001011110101011001111011111101111111111010011101111000110111111111111
11000000000001111010111010101011010100100111011011111101111101111100101011011111101011011100000011010101010111110000011000000010001101111010110110111011010000011110100000111100110111110011011101111001010101001100000010111101111000101000110001010010000000111000101
10010110101111000010100010101110010110110000011000000100000111000111101011111101111111111111101001011111110000011011111110101011011101011110010010011000000101000010001111101111110011010111110101101101010001100101111000000000000011101011111100011010101101101101101
11011111100110010111111010111000110110110101011010101101010011101110001000000100110110100100111111000110110101000000000011111011111000000111110111001101111101010110111011000101100110000000110101100101000111001100001010101111101001000000001111111010100101100000001
10010000001111111101000011111110110100100101010010100111010110100011011011010001110110101101111111010000010111010111111111111110101101111101111101111000011111111110000001011100110110111111100001110100011101011101111111100000101100011111111010101111101100101111111
11110111101101110000010110000000110110110111110111111111010000001111011110010111010100000000001001010111110001010000000010101100000000101000000000011011000001101100101100010101111110101100110111000001000000000000001101101011101101000011100000000000111111100111001
11000110001100011101010100110101100010110110000000010101111111100001000011010000000001110110100011110000010111111011111110000001111111101011111111111111101011100001111111000000101000001101110001101111010110110101100001111000101101111000001111010101100111001101011
10011111101001001101110111111101001011111111110111000000000000101011011110010101010111111111111110100101010010001000110000110111101101100001010101011001111110101111110111110110001110111101011011101111111110010111110111011101111000111111111011111111110101100100001
10111101101111101100110100000001101010001100110110011101111111111001000111110111010001000101011100111111111110111010000101100000001100001111000000001101010110000000100000111111111010010101010000000001101011110000011100000100001110000000000000011000100000001101111
10110000101000001001111110111011111010100110000011001111111110111101010011000011010100011100000001101010011000001111101111110110111001100000011101100100010000110111101111101011001011000101010111111111000000011111111110111111100110101111111111111110110101100000111
11100110111010100011001011100010111011110000101001100000000000000111010111011010010101001101111111100000110011111101111110111110000011110101000111111101110101100110101110100001101011011101010000111101011110111001110000000001111100111110101000101100100101101010001
11101100000011101111100000001010100011011010101111110110110111011111111110011111010101100000101100001010011000001000110100011011101111011111111111001000000111001100000010101111001010011101010110000000000010110011011011010111010110011000001011100110001111111110101
10001001010111100101001110111110001010000011101110000110110001001101101000110110010101001010000001011111000011111011110101111011111101011010001101011011111111111001111110100101011011010000000010101111101010100110000001110101010011000011100001101111011010111111111
11111101011110001101111000110110101011111011000011110010100101101000001110000110110111011011010111110011101010101001010101010000000000000000100000000000000000111100001100101101011010000101010111101110111111110010111111110000000110011111111111000100000000101011011
10000111111000100000110011110100101111000001011010000111110100100011111100101110011100001011010001110110111000000011010100010111110110111111101010111111111111100101111001100000011010111101011101100000010101100110000000010111111111110000001111110001110111100000001
11010000101110111010111011000001101100011011011011101100011101101000000111100011011111011001011011010100001010101001010101110000010110000000111110000011100000110101001100101111110010000111000001101010110101001110111111110011011010000101111001011101111111001101011
10011010001010110010100011011011101110110011010010000001110000101111111101111111110000011011011010000001011010111100000000100101111111010101110011111110110111110000011001100101111000110001110100101010000001011000001001111110001000110100011011001100000000011111001
11011110100000111010110110010011001000011011111011010101100101101101101000011010110110110011011000101011001010000101010110001100101010011100010111111010100101011011111011001101011010011111111101101110101100001101011011011010111011111110111001100001111111111111111
11110111111110001010110110111011011101011000011111010111101111100000000010110000011100011111001101111111101110111101010110111110001011000101000000000000110000001010101011011101000011000001011100111000100110100101110000000000000000001011110011001100010110101100001
10000000000000101110100110101010011001011010110000010000111100001101010110000111111101000101100100010101111110000101010110101111100001111111110110101111100110100000000000000101011001011100000101111110101111110000011011111010111111111001011010011001110000000101111
11111011111101101100101100001111011111110011111101010110000111011101010110101111110001011100110101000000010010111101010100000101111111110110111111111111001100101011111101010000001111000111111111100010100100011011110000001010011111011011000000111101010110110000101
10010010000001101110100111011000010000000111000001010110111111000111010010111000010101000001100101010101000110001101111101011100011101000010101001010000011110101010111101011110100111010000000010101110110101111111100110101011000001000011011010110000000011110101101
11010111111101100010101100001111010110101101101011010010001100011111110110000011010101101011101111011111010011111100101001000001110000011000001011000111111010101000000111001111110001010111110110000010110101010000001111111111010111011111001110110101101111100100001
10011110000001101111100111011100010011100001101011111011011001000000010010110110010101101110111010000011011000010110001101101011010111111011100010010000001010101011011110011011100111110000011110111111100000000101011000110110011100000000011000011100111110111111011
11001100101011000001111101010101011110001111001000011011011011101111111110110111010111000000000011011111111111110111101101101000000000101111101000110110100011101001001011000010110000010111111010000011111010101101001101110011111101111011111010111110111010101011111
11100001101001101011010000000111111100100001011010111010001010000000000111111100010110010101111011011100000111100001111001101101011010000110111101111111111111111011101011011000010101110011101010111110001111111111111000011000110000011000001010000110001000000000001
10110101101101101011000101011111000001101101011010110010111011010101010001000111011110111111111111000001111100001011011111111001001111010010110111000101000000001001100001011010111111111000000000000000111100000000001011111011100110110011111010101100100010101110111
10000111001100111011101101000001101101101101010010010110011011010101010111011101110000000000000110010100000001101010000010100011101111111000000000011101011111101111110101001110000111011111101101101011110101111111111010000000001111111000001110101001110111111111111
11110011111110011010101101010111000111000101110110110110110001010111110000001001110110101010111111110101101011101000111000111110000010101111101101000000000000111100010101011111110000000000100100101010000000000000001010111110101001011010111111111011100000010001001
10000110000000111010001001110011111111101101100110010010111011110000011111100011010100101010000010010101101110111010001010000010101000000000111111010110111101110001111111111000011010101110110101101000101010111011100000000010100011001010011011011110110111000100011
10101111111101101111011101111001100000100111101110111010001000110101000111101000010110101011010110110101000000001010111111010111101101010111110111111100001111010111011010101011110011100110010100101101111110001000110101010111101000011011000000000100010110010111001
10111010001000000101110000001101101010001110001100011011011011100101010000101010110100101110010000011111011101111010000110010001100101011100000000000110100111000111000010101000011111110100110111111000000110111011110101011101111110110010010101110001010011110111011
11100011100011010000111101101101001011011100101101001110001001101101111101111011110110111111110101000110000100101010111111111101001111000001101010101100110000010001011000000011000000010110010000001011010010011000010101000000011111111111011100010101111000011101111
11001000111011010111101000100111101010000110101101100110101101101100000100001000010100000000110101011100110110001111111110000111011011011011111011100110010110110100001101110111111101111100111110101011010111110011111111101101001000001110000111110111101111111000001
10011010000011010011000011111100001011010011101001101110101100101001111101011111110111011010110101000110010011100111000100110011011000011000011000101100111100110101011101110001111111100110011111111111110000011001101010111101100011111011010000111111000101100010111
11001111011011011011011000011001101110010110001101101100111001101100000111000000110111011111111101010011111111110010010001111011011111001011111110101110001101111101011000010100000111001111000001010001111111111111000000010111101000001011111110011101110000001111111
10011000010011110001011101111101001100111111101100111110001100101001010001010101111100000000011001011000000100011000111111011011010000011000000011111000101101100101001111010110101101011001111111010111000000001100011011110110101111111000101111110100110111100001101
11111111111000011011110001100111101110001100000110010100101101101101010111011111111101110111001111001010110001011010000000001110010101011010101111011110111000001101100011010011101100011011100000000011011110111001111110100010111111011101101011010110010000101111101
11101110000011001000111100001100001000101101011111000101100101000111010011011000110001111111100110011110110101110011010111111111110101001111100000000110001111111101101011011111100001110001001010111001010111101011101100001000000000001100000011010110110111111011001
10001000110111101010011001111111111101100101011000010101001111010100011110000011100100011101101111000010100100010111010000000001110101011101101111110111011000000100111111000110001111111011011110111100010001000000000001011010111111111101111111000000000101010000011
10100010110001101010111100000110000001101101011010111111111011011111000011101111110101000101100011011111110110110110011010101111000101000000100111011101000011111110110101011100100000010000001100001101110111011010110111111111101100000000000000010110111100000111111
11111010111011001011101001011110111101100101111110000000000011111000010110000000110111011100101011000101100010011111011111111011110101101110110000000001111000000110000001111111110111000101100111111001010001011110110010101101100001110101110110111100000001010000011
10000010011001101011000011001100110000110111000000111010101000110010111111101010010100001101111110010000110111011010000001010000110101101111111110101100001010111110110101110100110011011100110000001100000100000010111000001000001100010100110011101110101011111111001
10111010110011001001010110011111100101100001110110011111101011111010000110001011110111100000000011010101110011000011011100000101100101100001100010100110111110000010010100000001100110000111111010100110101101011111100011100010100111010111111000000010101010000001011
11100010111001111011110011110000001100111111000111000000101001100010101111011000111110001010101011111111010111010110000101101100111101101100001111101110011000101010111110101011001111110111011111110110111001000001111001101111110011111111001111111111111000111011001
10001010011011010001111011000111100110000011110011101101111011101010101010011011101100101010101000000000011100010011010101111111111001101101100000101100111101101010011000101001101100110101010101011100011011110100011111100000111010101100011111100000110010001011011
10101010111110000100011001101111001111011000111010000111111011001011111000110000000101101010101010111101000110111110010100001011101100100100101011111110101100101110111110111101100001100000000000000110110000011101110000111110001000000001000000110111110110101001001
10101110110000101101111101001001011011001101100011101110101001101000001110100110111111101011101110000101101100011111011101100000000111110111101000010100000101100010101000000101001011111011010101111111111110111000000111111011111101101111011010000001100010111101011
10101000011110101100001101101100010011101101101010000100001011101011111100101110000000111001100110111100100101000001011111110111011111010001101101000101010100110110001101101101101110011011011100000000000111101101110110101000000111111111111011011011111110010111111
10101101110000100101111101111111000110000100101111010001101011001000000110101100110110001011101100000111101101101111000001100001000000010101000101111101010110011111101100100111100010110011001101111111111101100111011110101011111111000000101110011001011111110110101
10101001111010101100000101000000010011101101111000010101101110011011010010101001100011011011000101101111000111100001011011001011111010111101101100000101010011000001111001110011001000111011101100000000000000101110001010100010101101011111101111111100000011000000001
20101111000011100101011101111110110110001111111111010101100011011001011110111011110110011011010101100001111110001111111111101000001110000101100101101101110110011100001100111111101110011001101110101101111111100100111010101110000000000101101000001111010111011011101
10111111101000111111011101000000010110100110101110010111110111111011000111110000110111011111010111110100111011100000000101111011111111111100101100101101111111000110111110000110000010111101100010100111101010101101101010000000101010111101101011111011110000011111111
10100000001010000011000101111110110011110000000011011111010010110011111101011111111100000001010010100110000001101010110000011000000000000101101111100100000001101110001100101111011011101111101111110010100000000000101010110101111010000101100000101000111111110100011
11110110101011011011010101100000010110000111111111000101011000011000000000000000001101011011110110110100110111111111111101010010101010110111000000111110110101001100111110100011011000000011000000111000001010110111101000011111111111101100001010100011101000000101001
11011110111011011001011100110101011111110000000110010000001011011010101110111010101001011110110000011110110110000000101001011011111110010001101110111011110111011110000010101111001010101111101010101111011010011101100011000010101101111101011111101000000011101101111
10000000001110001011001101110111011011000101010100111110111011011010100010001010111101000000010111001100100000110110001101010000000110111011101110000000011100011000111011100110011011111110101111100101001111000101101111101000000000010101000101101110111001111100101
11101101011111011111101111100100011000010101110110000010001011001010101111011110000101101110111111100111101010010111111001011010101110001111000010110101000111011110011111111111011001111000000011110001111101010000000001101101011111110101110000000110001100010110001
10000111011000000010100110101101001101010100110111101010111110011110100011000110110101100010001100110011001010110000001101011010101011100001010111111101011110000110110000011100001100101110101000000100110001111101101111111111111110110001111110101100100111000000101
11011111110011011110001110001101100111010101111100001111110011010111110111011110010100110111100001110111101111111011011101001110100000110111010000000111111011101100000111110110100110001100101010101110010111101101100000000000000000000100000010111110101111011101111
11001100000111000111101100100101001100010100110001100000000110000011011100000010110101110000110100011110000001101110000101011000101010010011010101010010101011100111010000000111110111111110111110111011110000000111001011101110101101011101011010000110100001011100001
10011001010100011100001110110111011111011110110101101010110011101000000110101010111101100101100101000011111100100111101111001101101010111001111101111000000000111100010101010001100001101010010100010000000110110011011001111111101111011111110011010011110101000110101
11010011011110111110101000110011011000000110110101001110111001101011111100111110001100110111110101111000000110001101111111011001101111101111111111101111111110011110110101110100101100000010110001000101010110011110001100011000100011000110010111111111111101011100111
10011010001100000110101010111011011111011111111111100110011011111000000110001100101110100000110100001010101100100000000101111101100000101111010000000000000011000010110100110101100101010110011011101111110011000111101110110010111011010000111101101010101111111110001
11011011011111010110101110011001010000000000110000110010110011000010111111011110100110110111100101011110111001101101111100011001101010000000000101011011011011101010110101100101110111111111111110000000110111101101100110000111111110010101101101000000000000000110111
10011011001100010010101110111011111110101010011010000111100111011010000001000010101110100000110101000010001011111000000001011100101010111010101111111111110000101010111100110111000000000111110111110101110000100000101100110001000011011100000000010101101110111110001
11001110011001011010111010110001100000101010111010110000111100010010101111110110101100101010110111101011011000001011011111110001111010011011101010101110111110111011101111100001101011110010000011110101011111111101111101100100011110000111111110110111000011111100111
10011000110011001010110000011011001010101110001011110110001101011011100010111111100101101111100001101001001011111011000001111101011010110011000000000010000110110000000110001011001000011000101000011100000000001101010111110110111111010000000011100001111000000110011
11011110111011101111111010110001101011101000111010000011011111011011001000001101110111100011101011101111011000110001101100001100001110010111101010111000111110011110110111101111111010111011101101001101110101011000000110100110000001011011101001110100011010111111001
10000110011001101101100010111101101110001010110010110111000001011011101010100100111110101110111011000011111111100100100110111110111111110000101010001101111011111110011101000011010010110011100111011000010101111101110000101111011111010011101100110101110010000011101
11011111001111001000001010011101001110111110110111100001101011011000101011111101101100111010110001010110110011101101110110011010000000011010101010111111000000000011000001101110000110111000110011001101110100001100011101100001000111111000111101100100111111111110101
11000011100001111110101111000111101011110000010011001111111111011101101000111100101110110000011011010000000110111111010011000010101101011110101110000000011111010110011011101111101100001101100110011000110101011001001111001101010100001101110111111110010101110110101
10010110001100110111100110010110000011000111010111101110000001001101101110000101101000000111110011110101010000010110010110010111100111000011101100110101000001110011001000111011101110100100110011011010110101001011100011100101011101111111100010101011000000000010101
10110111011001100000001111011100101110010100010011000000110101011001101111010000001010110000011000110101110101000000111111011111110110011111101110010111010100111011011111111010100010101101110110010010010101011001111000101101000000101010110110000011011111111110111
10110011011011111111011100000110101111010101011110011010111111011101100001111010100011100101111110010100010101010111111101000010110011000000111000110011110111101110000110000000001011100101011111010110111101001100001101100111011010000000010100101001001100000000011
10110110001110111010000101010100111010010101001100110010000001110001101100011010111000110100000110111101111101010000110101111000110111110111111101111000010011101111010011011011011000110100000101111110001111111001011000101100001011010101000001101011100001011101001
10110100100110000000101111011111100000110101011110111010111111111100101111110010011111111110111110011000011001011010010000001101100000010000000111100010111000000001010110001110001111110101111101101100100000001101001101111110101001111111010111101001111011111111101
10110101101111111101100011001010001011111101011000011010000010000110101010000111001111011000000011001101111101001011000101111111001101110111010000111011111101010111010010101100100000010100000000000101111011011001011100000010101100000001010110111100001000100011001
10100101001000000000101001100010101000000101001010110010101000101100100010110001100000001010101011011000000101011001101100000001011000110001010101100000011001010011010110100110101010110101010101010100001011001101000110101010100101101011010000000101011010001001011
11111111111111111111111111111111111111111111111111111111111111111111111111111111111111111111111111111111111111111111111111111111111111111111111111111111111111111111111111111111111111111111111111111111111111111111111111111111111111111111111111111111111111111111111
