1111111111111111111111111111111111111111111111111111111111111111111111111111111111111111111111111111111111111111111111111111111111111111111111111111111111111111111111111111111111111111111111111111111111111111111111111111111111111111111111111111111111111111111111111111111
1011001010110011010010100110000001000010011010000011000100110100110000100000101000001100000001100001010101010011000010010101010011010110110010000001101101011010110101100110001100010100001000001101100000001101010110110010001101010110000000101010101010110010110001011010001
1001101000011001011000101111011111011110110000101011101101100101100110001011101110111101111111001111000000010110011110110100010110010100011011011111001100001000000000110110111110110101111011111100110111100000000010010110111000000111011110100000001000011000111100000000111
1011001011111011011101100011010100000010010101111110000101110000001110101111100110101001011101100111010110110111000000000001110011010111010011001001011101111011111111110100001100100101110000010101100101110101011110110000110010110100000010101111111011001011101001111111111
1001101000101011001100110111010101111110110111011111110100000111111011111110101100101100000000101101011111110101010111101100010110010100000111101011001000101000111011010101111101101100010111110000110100011111110100010111100111111111011111101011101011111010101100101110101
1011001011100001101001100110010101100100000111001010010001101100000011111010100110101001011111100101000101010100011111100101110011010111101101000011011011101011101000010001100001101101110110011011100001111111110001000011001101101100000101000000000001101000100001101000001
1011100000111011101100101111000000001101111101101011000111111101011110101010110110100011111010110000010100010001000000101111110111010110000001101111001010100000000011110111101111000000000010110001101111100101010111101011100001100001010000011010110111000011101111100011111
1010110111100011000101101010011111100000000000101011110010110111000010101010100000001110101010000111111101011011111110111111010101010011101111100101011000001111111111000000101010010101111000110101000000001101010001111110101111110111010101111111100000010110101110110110111
1000100000111001110000000011000000101011111110101010110110010110011110101010101011100000000000111101101111011000000010001100000000011000000101001100000011100001101001011111101000111100101111100111101111111101010111010100000000000001111111000001111011010000000000000000001
1110110111101101010111111111101111111000110011101010100000110000110110000010001110111111111111110100000110000011101111111111101111111101101101100001110111110101101011010110101011101111101100110011000000000000000000000001101011111111110011011111011011010101011010110111111
1110000011000101010000011101100000111101111001101010001110111010000000111110111110000000001111100101111111011110100000000110100000010111101101101011011110111100000001010110101010001010000101110111101111101110110111110111111110000011011011000000001110010111011011100000101
1011111001101100010111110100001111100100101100101011100010011010101010110110100000110101111000110101111010010110111111111100001111110111001101101111001010000110111111010000000000100000111100000000001111111111111101111111010110111111000000010101111111010001110000110101101
1010001100001111010100000110100000001111101101101001101111110011111110110010001101111111111011110000001011000000011101100111011001100001100000000101011010111100011011010111010101101101110101011011100000011000101000011000000000110101011010111100000001010100011010111100001
1000111111011010000001011100111111111011001001100011000001100111010111111000111111101010001000000111111010010111110000110110001011111101001101010000000000000101000000000001010101101100000001001011101111111011101011110010101010000000001010001111111111110101010010000110101
1101101010001011011101000110011011001001101100110110010111110110000000110010010010101010111011110000110000110000110111100011100000110000011001010111101101101111011010110111111111001101101111011000111101101010001010100111111110101011011110111011111110111101111110111100101
1001101011100000000111111110110001100011000101110100111101100010111111100111000110101000011011011111100111111111100000001110101111111110111101010000100111000110001010011110011111101101000011110010000001100000100000001101010110111111111000000000000000000111000000000111101
1101101011101110111110010100100111001111101101010001101001111000000011001111111110101011110011001101110111011111001111111010000001100000000101011101110001010011011111000000110101101101101001111110111100001101110101100000000011110110101101011011011111110001111011110000101
1001101010001110011010110110101101100110100001010111000011001011111110011010100000000000000110011000000000000001101011011010111111111011011111000100011011010111111001010101110000101100111011000110000110101111100101111010101000000000001111001001000000011011000000010101101
1011101010111011111010110110100100110010101111000101110111100000100011011000001011010111101111001011111011011111001001011000010110011011111011010111111111111110101101110101010111111110100000010010110110100000111100011011111011111010111001011011101010111111110101110101111
1010100010101001110000010100001101110110100101110000110000101010101110001101101001110100111001011010001111000001101011010011110010110000000001010000010000011010000100011100000001010111110111011010110110101110001101010000011000011111111011111111111111110101110100010100011
1010111010101011011111010101111100010010101101100111100110101111101011011001111101111110010011000000100101101100100000011010011010100101111111110101000110110010111101111111010100000101011111111111110110111111011111110101001101001111101000101101010101010100011110110101001
1000101010001011001011010101101001000110001101001110110011101101101011011011010111011010110111011111110100111110001110110010110010110111000010111111111111100110010101010111110101111101000000010001100010000001110001111101100101101010101011101001000000000101111011100111111
1110101010111011011011010101100011111110101100011100011011101101101010000000010110001000010101010110111101110011111011111000011010000000011110101010000101110110110000000000010101001000011111000111001111110111100111011101101111100000000000101101011111111100000001110110111
1010101000000011011001010100001000111010111101111001111000000100000000110101010110111011110100010110101000000111100001100011111000110111111100000000101101000000000101011110111111011010110111101111111100010110101101010101101010001011010110001100000111100101101111011100001
1010101101111110001011010001101101100000011001101011010010111101101010011111110000000000000001000000000011111100110111111000101011110000000001011101100000010101011111111111101011011011110101111000110101110000000000000111100010101111010010100001010000001101100111001001101
1000001000111011100000000100111111001110111100000000000110001100111111110000110111111101101111101111111000000110000000111101101000011101101111111111001010111111011000000001001011000001010000011011100000010101010111110000101010111101110111101011010101101100111101101011111
1111101011100010110111111111111001100010100001011010110011011101100101011011110110010111111000100000001111011111011111100100000011111111100000100011101010000110000011110111011011011111010111111000001111111101010000010110111010000000011111111111111111111101110101100001011
1110000011111000000101011011101011001110101111111111111111011000110000000011010110110111011011101111011101110011010000110101111000000110111111101000111110110111011111011110000000000000000000101011100000000101110101111111111011010111111010110111101011010000010101110111001
1011111010101111010000000000100010011111100110101111000101001110010111111110010100000100001010111011111000110110000101110000011101010000000000101011100010010100011100001010110101011101010111101000101010111100110100000101001111111110110000000011000000000110110100100100011
1010110000000011111011111111101110110011101110000010010101111111010100011011010001101101100000011000101101100110111111010111010111110110101010001000110111110101000001111000010101111111111111001011101110011111110101101101011110101000110111101000011110111111100110001101111
1000110111111110100000011101100110010110101010111110111100111011000101110001010111000001111101111101100100001100010110000011110111111111111110101010010111111101011101101011110101110001110001101000100110110110010101111101010010101011100001111101000111111101110000111000001
1110100010110110110111110100110111010110001010100000011001100000010000011101000001110100001111001000001101111101000000101000100001011101010111111011000010001101000111000000011100010111011100000010111111110010111100010101010110101000001111010111110101100100110111110011011
1110110110100110000010110001100011000011011000001101001011001110110101000000010100011110111001101011111000001001010101101010001111010101000000001001011110111001010011101011111001000000001001010111110101011010101101110001000000000010100000000001111100110101110111010111111
1000010010101100110110000100101110011110001101111111111001100111111111010110111111000010111011000000000010100011110101111010100000010101011011111011000000011111011000001001101111011011111011010001100001001000000111000100011101110111101010101111001101110000000001010110101
1101011000000110011100101101100000110011100001101011001011110101011011110010101001101110000000011111111010101110111100011110101111110000001000001011010101000001011011011100000011001011110001010101001101011011110011011111000111111111101011101101011001000111011111010000001
1111011011111111001101111111101111100110101111100001101000110000000000010111101011101011101111111101111110100000011111110111101110000101011010111011010101101111110001000101011001011000000111111111100111000000010110000001111111000010101111111101010011011101111010010111111
1010001000110101100101010111000000101100100110101111000011111011111111111111100000111000100000000000000011101011110011000000100000110101111010111111010100111111111101110111111101111111011110101011110011011111010010111111110000011110111110111001000110011000101010110101101
1011100010010100110000000001101111100110101110100101101110110000001011011010101010010011111011111011111111101001111000011011110111111111110010001101111111111001010111111110001111101101111000000001011000000001111110101101010111111010010010001100010000110010101000000000001
1000110111010110100111111111101011001110101010101101101010110111111010001000001011010110111000011000111100101100000010111111011111101011011110100100101010101100010011001100111010000000000011110101010010111011101110000000000001010000110110111001011011100110000010110110111
1011110111110100110101110110000001101010101010100000000000100000000000111011111111000000001010111010000101111101111111100000000000000001010111101101101010100001110110011101101010111110101000011111010111111111001011011111111111010111110110000011001111101111111111110110001
1010100010110110110100000011011111000000101010001111111110101111101010001000010001110110101011110010110000110111101000001111011011011111000000101100101010001100000010110100000000000111111111111010010101000101101000000101101000000010100000101011101000000001101101011100101
1000001110010100110101111011001100010110100000100000000010001111111111111011000111111111101000011110110110010110000011111111001111000000010101111001101000111111111110100001111111010101100001101011010000010001100011010000001011111110001111101001111101111100100000000101101
1010101111000101100000111110011101110111101101111110110111100000111111011001010011000000111111110111111111000000101000000001111100010101011111110011101011111001110110101100101011111100110111101000000111111101101111111101100001000110111111111111010101010110001010101111111
1011111011010001101101101100110100111101101111111111111111111010001010000011111000011111100011000001000101110101111111111111110111010101000110100110000000000011000010001111101000101110000011001011111110001111000101101111111111011100101000001111000101000010111111111000001
1001011001111101001111100110110001101101000000100001100010011111011011011110101111111010110110011100010000010111010111100000000011010101101110110111101111111111110110111011100010000000101111101010000000111010010001100001000000000110000010111000011101011111110101010011111
1011001100110000011010101110111101000000011111101100111000110111111000000000000011100000000010111101011011010000000000001110111001111111101100110011000000111100110100000000001110101011111101100000111111111010110111101111011010101100101111101011110000000101100000000110001
1001101110011101111000001010011000010101000000001110110010000010101011111111111110001111111110100101111011111011101010100010111111100000111110100110011111100101100001111110100111111111010100001010000011101010110000000000001111111001111110000001100101010000001011010011011
1011101010110101101011111000110010111101110110100111100111011000000001111011010100100000111010001100001110101011101010110110001110101111111110110011011010110100110100000010110011110110010101101011011000000000011110101011100011011101011011011111110111110111011111111010001
1000101010110000000000101101100110001100110010110000110101111111101100000000000001101101101010111111100100001000111010010010100000000101101100010111000010100101110111010111100110100010110000111111010011111101001111111111111110001000000000000101100000111101110110110000101
1011101010111011111111101000001100111101111111111111100101110001111110111111110100101100100000000001110001011101111111011011101111111101100111000000011110110000000011110100110010001000000110110101111000011111011000001110010111100011101101111101101110000000000000011111101
1001101010010011110001101011111110010111101101011010110101010111011000000000011101100111101101011100011101111111101111111111000000010101001101101111110010000111111000010101100110111010111110000001100011000011111010100010110001101110111111111001000011011011101011000111111
1101001010110110000111100000000011000010001000000000000000000000001010111011000101111111101111110111000111101000100010100101101110110101011001101101010110110000001101110000110000001110001100101011101001101000101011110110100101001100010111001101011111111001111001010000001
1001101010100000110110101111111111101000111011101110111110110101111111111011101100000000000010100011111111000010001110110000111111110101011100100000000000011111011000011101110110101110111101101110101011101010000001100110101111101001000101101100011010101100001111011011111
1011001000001010011100000111000001101111101000111110000010110100000101001110000101111101010110001000010101011111011000100111111001100000001110101111111010111111001101000101100011100011110111100000111000111010110100101100101010100011011100100001000000001111111111111111111
1011101011011111001101110000011111111111000010000010101010110101110000011111101111111111110000111111110001000001110011101100001100110111111010101010111110110001100111010111111001111000000010111010001010001010011101111110001010101111110001101111101011111011011001110110001
1000000001000001100000111111000110111001011110111111111111100100011111110011000000000000011111110000111011011111110110101001111001100011011000000000001111110111111111111100001100011010101000011111111110101011111111011010111000000001111100000000111000001000001011010010111
1010111011111111001010001011111110001011011111100001010000101101000110000110010111011111111111000110101000000110010100000011001101101110011110111110111011000000001100011110111001110011101011110101110011101111100111011000011010101111010101111111111111011011100000000110001
1010011010111101111110100001100010111000000011001111000111111111010000111111111111000000100000011111101011110011000001111111011101100010110110000111101010010101011001110100001100110111111000110101000111111100110001011111001011100000000100000111100111111010111101010000101
1011010000000100000111110100001000011011111111011111011111010111111111101010100001011110001111111001100000111110010111110101011000101110100110111101000000111111111100010110111001100000011010000000011100110110111011001010011011110111101101110000101101100000000111110110111
1011111011110001110001011111111011110000000000000000000000000001100000000000001111111111111111001100101111100110110000000000001110000000001110110000010111111010111101010000011111111010111010101101000101100110001001011011000000010011000000111111101100001111010010110110011
1110000000110100011011000000001000000101011111111010101011111111001011111111111010110011101001011110101011101100111111110111111000111111111000000110110011010000011001111011110110111110001111100101011101110110111011011010011011111110010111101101000001100111111000111111001
1110101011100110111000010111111111010101000000011010111000000001011110000000000010110110101011000110101010000110011000111110101110010101000011110011111111000110111100110000000000000111111101110111110101010110001011000000110000000010110000100000011011110000011111100101011
1000101000110010110011110000000001111101010101001011111111111111010100101111111010010010000000010110100000111100111101101010101011000000011000111001011010010011110101100111111111111101010101011111000101010110111000011110011011111111110110001111111110111111000000101101111
1101101010110111111000110111111100011111110111111111000000001101000001100000001110110110111111111100101110000110010100000010101000011101001010001100001000111001010000101100000000000001010000001101110000000000000011000011001110000001100111100000000000101111011111100001101
1001101010110001100010110000001101000111110010001101101101100000011111101010101100110110011001001110101111111100110101101010000011000101011010100110101011101111010111101110111111111111000111011001100111111111111111101011011110111111001101110101011111100001110000001100001
1101001110111011101010011010111111010001010110111101000111110110111110111111111110100011001100011010100001011001110100111111110111111111111111111111111000000101010101000100000000010000010001111101101111100001100000111111111000000001011000010101000101101111110101100101111
1001011000100000101011001111101011010100010000011000010001010010000000001101011000101111100001110000101100000011010101110101110000001010001101010101011011010000000000010101111111110111111111110100000000001111001011110110101110111111111101111111110001100000010111111111111
1101011101101101101011011101000001010101010111000011111111010110111010111000001010001101001011011011100101011000000100100101000110111010111001010101011011111111111111010000000001110000100011010001111111111010011111000110000110000110110000011011111111001111110011011111001
1001001100100111001010000000010111111101011111101000011100010110111111101011111110111101011111001001101111001111111101101101010011100000101011000000010000100000100001011101111111011011101110011100101011101010110101010110111110111100110101000001000000011011000110000100011
1011101001101100011010110111010010101111000000101011110001111111100011000001110110110000010101011011000111111110000000000000011001001111101011011111110110001110001101111100000011001000000000110101101010101000000100011110001000110110110111011011011111110001101110111101111
1000111101101101011010110001011000001001101010101000000100101011110111101111010110100101000000000000010001100000110101101010111100011101100010000000000010100111111111110111111111011011111011100101100000000010101101111000111011110100000001011111000010100111000000000000101
1010011000111001111010011011111010100011111011101011011110001010110010100101010010101111110111011010111100001011111101101010110111000001101110111111101111110001000011010111101000000001101111101101110110101111111101001101101010000001111101110000010110101101101110111010001
2010111101111100001011011000101010111111111000111111000010100000011000101100000110000000010001011110001111011111111100111010000011111100000000000000100001100111011010010000100010101111000110100101000011111110010100011000101000110100000100000101111100000000001110001010101
1010001101000001011010010011101111110001101110011000010111101101001011100001010000101011011111110111111001110100110110001010111110001101011010101110111100111110001111010110001111100011011100101101011000011011000001001101100010110101111111111111100001011110100010111011101
1011011111010111001011011011000101000100000011011011010011100101100000001011111101101110000010100000000011110101110111011110000000101101001110100011111111101000100101010011011101111111010110101101011111111000011011111000001010010101101010000000001011000011101010001111001
1010000111110011011010011000010000011111110110011011011000110100110101101000001101101111101000001011010111010000000001000011010111100111100110101111000000000011111101010111111000011100000100000100001110110011111111101101111111010111100000110101011001111011111111111101101
1111010000110110001010111011111011011011111111110001001010111111110111111111101100100011101011011011010000000110111011111111010000110000110110100101011111111111111001000000001110110101111101101101111000110111100101000000000011010000001101111111110011111110001111100000101
1110010101100011101110110000001011000000001000111011011110001011010000010111100110111000101110001011011101111111111110111101111010010111100010110000000000111110101100010111111000010000111000101000101011100000001101011111111111011110111111011011111000000110111010001111111
1000110111110110100110011011111011011111111011101001001100100000011111000000101100011010111110111110000111111000100100000001101111011111110110110110101011100010101101110101000011110111101011111010100001110111011101000000000001000010000000000001011010101110100010111111111
1101110110000000101110110000001011000000000001001101011110101011011111010110100110111010000010010011010000000010001101111111000110000000011110111100111001101110101100010000011000000000000001010011101111010101110101011111101111101111101010111100011011100000001000111000101
1001100110110101101000111011111001101011101100011001111110101110000001011111111110001111010111010111110111101011100000000000011111101111111100101110001100000000000001011110110010110111010111011001000011000000110100000000100000100001111010000110111111001010101101101101101
1100111100100101111010011000001111101000111111111100001100100011011011000000000011011000011110000110000011101000110101010111000000111111110110100010100111110110101111111100010111100001010000000011011111101010000001010101101111101100001010101110100110011011111101000100001
1110011110110100110010110010100110001010000011100111100110101110001011011010110110001101000011010110101000111011100111111111011110000000000110001010110011110010100000000110110011110111111011101110000000001111101011111111000001101101111010100010001110110000111000011101111
1011000110100110011110111010110111101010111000001111110100100111011010001111110011011101110110010011101010011000110000011101111111010110110011011111111110011111110111111111111110000110110000100000101011111101111110101011110111111111101111101010111010011011101111000000001
1000011111110011011111100010011101111010001011111000110101111101001110100101010111010001100011011111111111111010011101000000000001010111111111110100000110111100010000000000001111010000011011110101111111010000001110000000110000011011000000111111110010111000000001011011101
1101000011000110000001101011001100001011011000101011111111110101111110110000011101011100110110000000110100101111001101110111010111111101111010110101111100000001111111101110111011011011110000110100010100000101100000101111110101110000011111110101100110001101111011111111111
1111101011010011011011101011100001011001011010000001001010100001110010010110111101000110010110101010000001100001101100111111010000101000110000000001010101111100000000101110000001111011110110110101110001110111110101100000010101110110111101010100001111011100001110000000001
1010001010010110001000111110001011001101111110111100011010101111000111011111100101101100110111101110101101001111000110101101111010000010011011111100000000001111111110101011111011100000010110111100000101111111011111101111111100000010000000000001011010000110100100101011111
1000101110110111011010000010101111011000001100001101110000000111011101000000101101111110010000101100101100011101110100000000001110101011000000111110111101100000000010100001011111001010110110000111010100000000000000100001111111101111010111011111110010110010110001111000011
1010111000110100011011011110100101111011011001011101000101011101011001110110000000110010110111101101100111000000111111111101111100111011011010000010000100101101011010110100000101111010111111010001010111010101011010110100010001111101111101000000110111100110010100001101001
1010001101100110110001001100110000101111111111000100010101000000001011111110111110010110100000101100101110011101101011111100000110011011011111111111101101111101111111100110111100011010000101010111110011010101001010110111110111011000000001101110000000111110111101111111101
1010111101111100011011100101110101100101101110010101111111010111100000011100000011010111111111111111100011000100000000000110110100110011000100000101100100000100000000110110000001001011111101010000011001110101111010110001010000010010101100100011010101101011101111011010101
1010110000110001010001101111100100110101000011010100000011011111111111000110101011000011011111011000110110010101010111011100111110011001101101110001101110111111011111111100101011011000000001010101111100110100001010010100000111110111111111111111111111101000001000001000111
1010100110011101111011001100001110110101101011011111010110000000000011101111101011011000000000000010100110110111010001001110001011111011000000011111111000000001000000011001101011111101111111110100000110010101011010110111111101100001011011001010101011000010111011101011111
1110110011010000011011011111101100010100001111000110010111011011011001100101111110011010110111011111101110110011111011100110100001100011010110111111011101010111010111111100101000001100000001100101111111111111111011111111011000001111000000011000000000010111101000100000101
1000111001111101110001111000001101000110100101111111010011011001011011110000000011011010010011000100111100011000011010101100101011111011010010010000000111011111110000000101111010111001110101001100000101011010101111011101011011111110011111111110111111111101001011111111101
1110001101100001111011101110101101101110110000000001111001001111001000010101111111110010111011010001110111011101111000111111111000110011110111000111111111110000110111110100011010001100110101101101010000000000100110000001011000000000111010101100000010001101101001010101001
1000111001111100011000000011101001000000011111111111110011100001101011110101000000011010011001111100100011001100001010110101001111111001100110010000011100011011100000011111011011111111111101101101011010111111101110111101011011111101110000100001111110111101101011000000011
1110001100111001010011011011001101010101011100000011010111001011111000011100010110110011001100001110001110011001011110000101011101100011110011011011110101110000110101001011111000101000011000111111011010000000000000001111000000000101010111101011110000011001101000010101001
1000111001100011111011001011101111110111110001111001011101111110100011001101111100011001101101100110100011001101000011010000000100111000111111011000000000000111100111111010110010000011111111100011011011011011101111111011101111111111000000001111011011110011100010111111011
1010001101001000011111011001101000000110100100011100000000001110111001011101101110111101100101101111111011011111011001010111111101111010001110001011101110110000110000101010111111111000011011110111110011011001111111011001100000000001110111100000001001010110001010100011001
1010111001101010110001001111101101010000001101000110110111111000001011000100000010001100101101000000001111010100011111010000000000001010101011101000101110110110111110000000000101111111110000010010011011011100010000001101101111111111000000101101100011010111011111101111101
1110001111101010000111100000111111011011011111010110110000011011111011010101011111011001111111110110100001010001000011010111011101101010100001101101111010010010100011011010110000001110000111110110111011010001000111111000000000000101011111111111111001000010000000000000101
1100101100001110110000110110100000011011011000011111111011000000001001010111000101111100001100000110101111111111101111110001000100101110101011111000110010110110101111111110011011011000111111100000001011010101110000001101011111111101000000110110011111011110111111101110111
1001100111011000110110111111111111011011001101001101011111101101111111110001010000000111111111101111100101101111000110000101011101100110101000001010000111110111100000100111110011010010010100001111111111111100110111111101111110100101011111100011010110001000000000101111111
1011110100011110010110000011001011001011011111100000000001101100000000010101011111110111000110111111111101000001111111010101001111101100101110101011010000010001101111101101111111110111110101100000001100011001100100010101100000101101010000001000000010111011111111111001101
1000110110110000110111101001100000011011111010101101101111101101010101010101000001011101011100000110010100010100000011010101100010111110100111111111011110111111000110000000000101100101010101111111111001110011110001110100001010000000000111011010101000000000000001011011001
1101111100100111110000101101110101001000001010111111111100111111110111011111011100001100000001110111000001010111011011010101001000000010110000001100000010101011011110110111111101110000000001010010101101011000110100000001011010111011111101111010111011011111111111011001101
1000001110110110000110100111000111101110100000000011010110010110110001011111111111100101111100110000011011110110011011010111011010101110110111011110111011100011011010111101010000000110101111010110000000001010010101011101111010001000000000001010011011000000000000011011001
1101011000111111110111111100010111000010110101111000000010110100110111110101110111110001111111110101001010111111001001110110011111111110100001011000001001111011000000011101010111011111100101010100101110111111110101011000001011011010110111111110110001010101101111110000011
1001010010101010000000000110110100011110100100011011011000000001111101100101010000010100000000010101111000000011011100110011001101011011110101110010101100110000011110110100000011111011110000000101111000000011110101001101111011001110110000000010110101010111000101100110111
1101111110100000101111111100011111000111110111011001001011111100001100110100000111110110101011111100001111110111111001111001100101000000010101110110100110000111010111110101111000000000110110110000011101111110010101101100001011011000010101111111111101110001110000001110001
1111110000101101100000010110110000010001100001001101011000000110111110000001010000110111101000110001011111110000101100001100110000011010111100011100101111011111000000000000011011110110010110010101110111000110111111111101111001111101011100000000001101100100010110111000101
1000000110111001110111010110011110110111110111101111011101010011110000101101111101110000111010010101000000010110001110111001110110111111111111111110100110000001111010101110110011110010110100111111100111011100101011010100001100101101001101011111011000101101111110001111111
1111010100011100110111000110110000110011000000100001110001111000000101101100011100011010001010110111010111010110101010001101010110010101010000000011101111010100011011100010111000010111100101101010101101010101101000000101101111101111111001000011001010111000000010100101011
1000011110110001100001111111100110011111110111111011111011110010101111111111110111111111111111111111111111111100100011011001010111000001011011011110000001010101111001101110001101110000110100100000000000000000000011011101111010000110111111101001011110001101011010110000001
1101001010100100110100000011111110111101100001011000011000010111111111011000100111010101010101011000000100011111111110011101011101101100001001011110101111010100001101100011101100010101111110001101010101011101010110011000011000110000001010111011111000100111111010110101111
3001111000101101100101111000110000000000110111011111110011010000000101010011101100000000000000000011011101110101011111110100000001111101100011000010100001110111111111001000100110110111100010100111010101110001110011011101111011111011011010111111101110110010101111110100001
1011000011101101001100001101111011011101100000000000011001011101111100010110101101110111011101011011110101100001000010110001010100000111110111111111101011100000000001011011110110110000001010101100011100011100011011001100000000011001011000000101000010011000001101011111101
1111110111000101011001100100011010000111001010101010111011000100000001000000000000010011010111011000110000001111011110111011010101010000011101100101111000111011111011011000010010110110111010100111001101001111111110011110101010111111000011110000011011001010100000001011001
1001110100010101001100101110110011010100011010101011110011011110101011011010111111111001110001111011110110111101010110101110010101010111000000001100001010110000001011111011011010010010111111110011011001100001101100110100111110001111111011111101011011011011110101111011011
1100000101010111101001100010110110011111111010101001011110000110111111010010000110011111110111101111100011110100000000000011010101010001111101011001011010110111111000001001001010111010000000110111111011001100000110000110000010100000011000001111111111110011100100000001001
1110101101010100001101101111100011001011101110101100000011011100000001010111010000110101010110001110101111010001011010110111110101010100000111010011011010110011111011011101101111101111110111110000001010011110111111010011101011101110111101111000101100011000101110111111011
1000101101110110101101100000110111100000000110111110101111000110101111010110011010000000010000111010000000000111111111100010111111011111111110000111111110011000001001011000111101100001100011011101111111000010000011111001101000111110001100110011100001110011101100111111111
1101101100011111101001001111111110001010101110000110100001011100100001010111011010101010110111110011011111111100000000111000000110000000000011010011000011001101111101110010010000001011101000001100000101010111011110101100101010011011111110000111001011111111101110000000001
1001100110110000001101100000001100101110100010110011101111000110101101010001010011101010010000000110000011111001111101111111110110101011111110011001101110011100000111111011000101011000101101011001011100010011000000000111111011000000000011011101011110011110111000101111111
1101001111100110101101101101011110100010101110010110000001011111111111110101010110001011110111010000111000000011010111100000010111101000000011001100000011110001010000011001010111001101100101001101000101010110010111110000011011011111111111001100001111000000001010100000001
1001011101001100101001100111010110101110100010111110101011000011010110111111111111011000000001110110001111101000000010001111111101101011101111101101011000011101111111111101010001011100101101011111010101011111010000110110110001000000000001100001100010010101111110101011101
1111010000011111101100101110000110100010111011101011101011011000000000000010101011110011010101111111100000101110111000111101101000101000111110101111001110110000000000101101110101011001101101000001011101011001010101100110011011101101111011110101111110111100010111101000101
1111011111110101001101111010101110110110110000000011101111111101010101011000000000010111010100000001111110100010111110000100100011111010000010111011100010111101010110000101111111111011100111011011001111001100011111110010110011000100111001100100001100000111000000111011111
1000011000000000011000000010100010100110100111101000100000011001111111111101011111010110010110110100000111110110000011110101101000001110101000010000111110001101111110101100001010101111001110001011100011011001000001010110010111101110001111110110100001111100011111111001001
1111111111111110111101011010110111110110110001101111110110111100101010110001000011110010110010110110110100011110101011111101001111111111111111110111111000101000001011101101111010001101101011111110101010001111010100010111010000100011011110011110101100011111000101101111011
1000101100011000001111010010110001010110100100100000010010000110000000011111111110111110011011110010010001111011101000000001011101110000000011010000001111111011100000111100001010111000111010111110111111111111010101111101110111110110000010111011100110110011010000000011001
1010000001000011100110011011100100010110110110110101111111111111010101001010000000011100110011100110110111101000111011010100000000000101101000000101101000110001101010000101011000101011110010101010110101110001010111101100110011100111101000000001101100000111010101111110011
1010111101101001110110110000111101111100100110010100000000001101011111100000101101000111110110001111100010100011110011011101011010110111101010110101100011111011001010110101000011100011011010000000000000000101010010100001111000110000101011111111000111011101110100101011001
1111100001001100110100010101100000000110101100110101101010111000000000110111111111010001100010100011001000001000011111011001110010110000101011110101001111011001101111111101101000001000001010101011111111010111111000001100011011111011111000000001111100000000010110000000011
1000001101101101100110111100110101111111101001110111101010111110110111110000000111111111110110110111101010111011110101001100111010010101111111011111100000011011100000000111101011101101100000101000000001010010101011100111111011011000110010101111010111011011110011010101111
1011100101000100110100000101100100010101111101000010111010001100110001100110110000000010110110010001101110001000000001011110001111111111111100000010111101111000101101101100001011100100111101101101110111111110101000110010110000011110110110100000000001111110010111110100001
1110001101010101100101010100110101000000011001101000001011011101110111110010111111101000110011110101100011011011111011000110111101101010101001011000000100001010100101100111011010001110000101101100010001101000001111111000011010110111111100101011010100010000110001100111011
1110100111010100110111110110110101101011111111001101101110000111000000010110001101111111111000110111101110011000001110011110000000000000000011111111110101011110101111110001001111011011011100100111010111101011111110101010110010000001101111101001010101000101111011110001111
1000101100010101110010100110010101101001001100011001111111101100010101010011100000010101011111100011001011001010100111000011010101010101011110101101111101000111100000110101100110011000011001110001010000000000001000001010011110110100000000111101011111010111101110110100001
1011100110110101000110001111011100101011011111001100010000101001011101010111001101000001010111111111100001101010110011110111111111110101000010100000001111110000110110110100101111001110111101011111111101101101111011011011000010010110111110000101001011111110101110011101111
1111110110110111110011011110011001101000000110011001000101101101011001010110011101110100000000000001101011101111111001110000000010111111011000101101100110111111111111111101100011101111100000001110001111111000000011001110010110110110000011011111101010101010101010111111011
1000000010010110111011111100111100111010111111001101101111111101001111010011011000011111010101111111101110101101101100011011011000000110011010000100110000000010011101000111111010000000111101011010111010111111010111111111011111110011011110000011000000000000101000000000001
1111011010111110000000011001101110001011111000011001100001011001100011010110001010111011111111001010111000000000100111111111111101011111001011010101111101111110110100010000011011101110001101000000000000101111110000001011001011011001000011011110010110101010000010101111111
1000001010011000101010111100101011011000001101011011101111010011001011010011011010000000000000011010001101101111101111110000000101000101111011011100001100000010000001110101111011100010111111011010101011100001110111111001100000001011111011000010110010101111011111100000001
1101011010110010101010110001101000011010111001010000100000011011101010010110001011010101111110110000111111000001101000000111011111111100001011011101111001111110101111111101101110001010010110001110101000001100010000000011001101011001111111010110011011100101000000111111111
1101011010111011101010111101101011001010110011011010111101111110001111010010111110011100000010000111111111110111100011010011110110110001011011000100001100000000100000001100001100101010110100100010101101011110111011101111011111111100000101010011110000110001011111111111011
1001111110011011001011100000001111011110110111110010001100000011100011010111110111000111010110111100001100000000001001110110100000000111111110011101100110111101101111100111101001101010000110101110100111000010101000100001011001101110110001011111100111111011000000000000001
1111100000111110011000110110111110000010011100000110101101010111001011010000000001110111110010001110111101010101011011100000001111111110111111001100110010111111000000110000111111101111011100111100110001010111100011101111001011000011110111001010110000001001101111111011011
1000001010001100111101110100111000101111011001011100101101010001101110011011111011000000111010101000000101110101001000110101100101011000011011011110011111100111011111111110110010111111111110000110110111010000111000100011100000010111010001100000110110101101100000001111111
1111101110111001100000010101100010101101111101110001101111110111000011011000001011111010101011101011111101100111011101100101001101010010111011000011111101101101111011101111111000111010100011010010110011010111100010101000101010110000011111001011110110100111001011011110001
1010001100011011110101011100111010100001111100110101100110000001101110001101011110111010001000100000000111110110011111001101100000000111101001101011100001101000101010101001010011101000001001010111100111110000110110101111111111111011000001101011100010101100011110010000101
1000101101001010111101110001100010101111011001111100101111010101101011011001000110001111011010101011010010010111001011100111001011110001101011111110101111000011101000001011000110000011011011011101110011000101110011100000110101001011110100101000110110101101001111000101111
1110101101101110101000111011110110100000011101100001111010011101100001011101011110100001011010101011011000111101100010101111101000111111001010100100101101011001001011111001011110111111111110011100010111010100011110001110000000011110111111111111100010100101100011011111011
1000101001101100000010011010000110101111001100111100010011010001101111000111000000101111011011101011111010101101001000101100001010000001100000110001100000011111011010101100000000000000000111110110111100010101000011100110101111110110000011010101111011110101001010000000001
1110111101100111010110111110101100100011011110100001000111111011100001010110010110100111111001101000001010000101101101100111011011011111001101111101001011000111011000000001111101010110110000000000001111011101011001101100100000000000101000000000001011011101011011011101011
1110001101101100010110101110100110101011000011111101110100110010101011110011010011111101101100111010111011010001100111110001111011000000011000101000011011011101000011111111100101010010011101010110100001001111011100101111101101010110101010111101111000001101111010001101111
1000101101001101010110101000110110111011110111100000010001100110001000011011011000000000000110001010001001110100110000011011110011010110111110000011001011000000011000000000001111110111000101111111110101100001000101100000101001011100111010000100001010100100001010100111101
1101101001101101010111100010110110111000110000110101111011101111101111111001111101010101011111011010111111110110110101110001011110010010000110110111101001101111111101011101111111110001011101111101011111001101011111110111111101111111100010101101111111101101101010110111001
1100101100111001110011001010110110001010100110011100011011001000000000001011110001110101000110011010010111011111100100110100000111010111011100100000111101100000000101000100110101011011111100010000000111111101000011000011011000100011111011100101010000100100101010100000011
1001111001100011000110011010110011011010110110110001110001101101010101111111011100111111010011110011000000000001111101100111010011011100000110110101110101101010111111011110000000001010000111110111110000010111110110011000001010001110101000101100000111101111101110110101001
1011010011111011110011011010111011001010100110111011011100100101110111110100000110000011111000011111010111011100001100110110010110000110101111110111100111001110111001111011101011011110111111100000010101010000010011011011111110100000001011111110101101111011111000100101011
1000011000110010100110001111100001101110110010100000010101111111000000000001010011101000001011110001010011001101011101100011010110101110101101100110110011011000001011110011111011000000000100110111111111110111011110011011110110101010101001010111111000110000011010110111111
1010110011111010001110101111101011001110111010110101000100000011010110111011010111001101111111000101010111100111000101101011010010101011101100110000000110001010101011010110111111011111111101110000000010100001000011110000000010111111101100000001010010000101011110100110101
1011111001001111011000101010001111100010100011110101011110101011010100011001010001100100000000010111111100001111101101101001110111100001100110000111010011011110100000000000000001000000000101100101101110001111111111111101011110001101111001011100000110101111000110110000001
1011010011011000001010101000100011001111101011100101000011101110011101110011011011001101111101010000000110100000100100101011000000111100111111010001010111000010110101010111111111011101010000101101100000100001101010001111000111100000001101011001101110100001101110110101101
1000011000001110101110101101101001101101101010001101101001101100111000011001110001100100001101111010101100110111111111101011110110000110011101110111110101101010100101010000000111111111111010000111110110110100000000111011010000110101011101111100100011111111000011110111001
1101111011011000101100101001101101100000111010101100101011100101110010111011110101110101011000011010100101110101010111111110000110101110110101000000010001101111110101110101010000000111111111011100111111110101010110000001011111111111111000000110111111010111110111000001101
1000110001001010101101111101101000110110110010100110101000101100011010001011000111000101111101011011101111100000000000000110110010101100000001110101010101111101011100110111010111010001010110000110001001011101011111101011000000000000101101010110000000000101011101110101001
1101100111101010101111010000111010100010110111101100101011111110110010101111101100010100011001111001100110001010101111111111100110111110101111110111110100000000011001100001010001111111010011101100101011000111000000111110011011110110001101110111101110110000001000010101011
1000110001101010100110010110011010110110100110000110101000000110110110100110000111010110111100101100111100101111100000001001101110001100100011000000010110111111111100110101111111111100000111100001100000011111011011110011001000011111111100111100001111111011100010111101001
1101111011111011110011000100110010110011101100110010111010111100110110110011010011011100000110000110011001100000101111100011000011111111101110010111110110000011110101110100000011010110111110101100101011110101111111000111011111111101110110001111011000001001101111100001011
1000110010011000011010010110011010100110000110100110001010001101100100010110011010011001010011011111001100110101100001111011011000000110000011010011010110101000000101100110111000000000011100111111101000000001101110010110010110000101010011111000000011011101100000111101111
1010011000110010111110110011001111101111010110101100101011011000110110110011011111001011011001000011101101100111101100001111111101010110101011011011011111101101111100101100001110111011000110000001111011111100001000111111000000111100000111101111111011000111110110000100001
1011110010011011110000011011100001101101010111101101101110010011111100110110001101011011010011011000111000110000101101100000000111011100101010010000001011100100001110101101101000001110010000110111011000010110111011101001011111101001011110000100001011010000010110110111011
1001100110110001011101110000110101000001010000101000100010111000011001100011011000001011010111110010110010011010101100111101010001011110101010111010100010111111100111111101101101100011011011111101011101000110000000000011010111100011000000110001111010011111110010010011111
1011111100110100011001000111110101101011110110111101101011111101110011110111011101101011010010111111111011011111111110011111010111000011111011110010111110011011110001010111001101111110011011101000000101011111110111011011000000001111101010110100011111000000011110111000001
1011000110110101001101010000010111101110100010100000101000110000110110000110010000111110011000010111001110000011000011000001010011011110011110000110000000110010010100010001111100000111010000000011101111000001110001111110010101011101111110010101110111101101000010101010101
1000011100110111011001010101111111000000110111111101101011111010010111110110111010000010111011000010011000101000010111011111110111000011010100101100101111111000111110110111000101010011011010111000100001011111010111101111010101000000111110110100000011000101101110001010111
1010110110110001011101110100011100011010010001011000111000101010110000010010110010110110110001101110111110101011011100000000010001111010000001101001100111010010001010000001110111011011010010111101101011000000010111000001111101101110101011111110101111101111000011101010001
1010110000011011010001100110110101011110110111000010001101101010011101010111111010011110110101100000011000101001001111011011110100001111111011111101110000000110100010110111100011001001110110000111101001011111110000011111101100101100000011100111111100001011111001101110101
1010011010111001010100110110100001000110110011011010111000001011111101010001011111000010011111001011011010101101011011111111111111111101000000110001000101101111110111100000001001011100010011010000111101000000010101000000000101111110101110101101010111100000011011000010101
1010110010110011110110110011110111101100111011111110001111111001100001110100000110011111000110011001011110100111000000000000000001010001010101111011101100100000010001101101101111000111111110010101110111011101110101011111111111010110111000000100000101110110111111111111101
1010111010011110110100011110000111001110011000010100100000001011110100110110111111000001010011011011000110110001101011010110101100000101110111100001101101101011110111100100100001010000001011111100000011001100110111111010110110010011111011111101111101011111111101010101111
1111101011000000111101001100110101100110111011110001101101011110011101111100000110011011111110010001011111100111001001110011111110111111100010111101101101101011000000110101111011110111111000011111011111011001100011110000000000110111001010110100000000001001011000010101011
1001100010011111101001011111100001110010100001110101100101000000110000110001011111001000000011110111000001101100011100011000001100111010001000001111111001101111101010010100001000110111000011110111111001001101101001010111110111100101011000000001111011100011001011110001001
1101101111000001100011110011110100111111111100011111101111110110111101111011000110011101111110000001101101000111011001111110111110001011011011100000011011001101101010110101011110010000011001010000101011111001101100000000111110110101000011111011001000110110011011000111011
1000001101011111110110011000010111101101010001111100000000010110011101010011010110110000011111110100100101011110011100000010000111100001110000101010111001100001101010010101000011011010111100000110000001101111001111101110011010000000011000011000011111111100111001011111001
1101101101000000110110110011000000000000011011110111101011010110110000011011010110010101000000010110110111000011000111011111111101101100111011101110001011110111111110111101011111110010001101101111011100000001100011001111000000110101011111110011000000000110100011010101011
1111111000011011111110000111110101011101111010000011001111011100011011010011011100111101101111111100010011101111111110001101111000111111100000111111101010110111110010011001000110011111011111000001000110110101101011100001101111111111110100011011010111111100101110000000001
1000000011011011111100110110000101011000110000110111100001010001010001111010001110011001100000000110111010000000011000100000000010001010110110010001111000011101100111001011010000111111110111111111011100010100101110101011000111001010110001110001010011010110100000111111111
1101101110011000110001111111010111011010011011100011001011111011011011000010100111001100110111111111111111101010110010110101010111100000010011000111011111000000001110011011011010000010110000000111000111011111111110001001010000011000000111111011111000010110001111111000001
1111100011110010110101100000010011001011001001111110011110100011011011101110110011011001100000001100010110001010011010110101010000101111010111010000000011010110111011001011011010111000000110110001010011111010111011101011010111000011110001001000011011000000100000000011011
1010001001110110111111101010110110011111101100000011000000101110011000111110110110011011001101111001000011011111010010100101110111100001010110010110110111010110000011011011011010011010101100010111010110100000000001101111010001010110010100011111110011010111110101111001111
1000101011000011101000001010110011001100000110111111101011111110110010100000011111011111011100000011101001111101110111110100010000111011010011010010110001011110101110011010011010110010111101010001110000001101101111000101111011010000110101110111111111010000011100011111101
1101101011011011000011011010100110011111011100000110001011010000100110110101001101001100010001101110111111101000111101011101111010001011110110011111111011011011100111001010110011111110000111111101110110111001100110010000011001010110011100000000001110010101001111000000001
1001111010010011010111110010110011010000000110110010101000011101110011111101100101111101010101100000000000000010001100001100001111111000111111000000110001000001110011111011111000000011011110101111011110001101101111011011111011110111000101110111111011111101100001010111111
1100011010110110010110000111100110011010101100111010101101111000011001001101110000000101011101101011111101101011111111100001100000001111101010011110011011010100011000011000101101101001000000000000000010111111000011011000001001100001101111000000000001101111101011111101011
1001001110110011010011010001110011111110100110001111100111101111111100011000110101101101010000111000000100101000110011111011110101111100000011000111011110011101110011111110101101101011110111110111010110000001101010011101111100110111111011110110101100000000111000101000001
1101111111111010010110010100011000110000101100111110001110001010110101110011110111000101010101110010101110101010011000000001011100000001010111101100010111110000011011010111100000101000010000010001010110101111111011000100000101100000111010110010100110110111100010001011111
1000000000001111010011010101001101111101100110011000100000100000110000011000010011101111110101100111100010101110110010110101000101111101010110001101000000010101110000000000101010101101110111111011110011100000111111010101010100111110000000010110101100011111110110100000001
1101110110111000011011010101011001000000110110110010101010101111100101110010111110100001111101110001101111101110011010011100011111000111110110100111011101010100111010101101101010111000110000001001110111111111101110011101010110000010101111110100101111000000011111110101111
1000011111110011011010010101001101011010010100011010111010101111101100011010111110001111011111000111000101100010111010110001000000010000010011110001000101010110001011111001101010011110011011011100010000001011000011001101010111010110101100010110100011010111111101100101001
1101011001100111001111011101101101110010111110111010001110100000101101001010010010100000000110010001110000110111100010011011011011110110110110000111111111111111011000001100111010110111011001000101011010100000010110011101010001010011100001011100101011010000000000110100011
1111000011110100011100000101001101000110011000001110100010110101100111011011000110110101010110110100011101111111111011011001011011111111111110110000000000000110011011101001111110100011010011011101111110101110110011000101110101111011101011111111101111010111111111110101001
1000010110111101000101011101101101011111010010101100101010111111101100011011011111100101111100100101111000101010110011011101011000000000101011110111011010111111001000111101000110001011010111110000000010101111111001101111000100101110001010110100111101110000000000010101011
1101010000011001101111000101000101000101011010101110101010000000111111011111000000101100001101110111101110001010111111001101110011110101101001100001001110010110011010011000011100111010010000011101101010100000101111111111010110000011011000010101100100110101101111011101001
1111011011001101001100010111010111110100010010100010111011011101111000000001010101101001011111000000000011100000101101101100011000010100000011110101011111000011001011111110111110001111011011111001111110110111101110111101110110111110001011000000110101111111100001001101011
1110011001011101100110110110010010111101010110101010110011000101100011011011010111111101110000010101111111110101100000100101111101110101101110100101000001011111011111110000100010111100010000001100000010100000000010101001100010000011011001010111110000101010111101011001001
1100110011000101001110011111011110000001010110111010110110011111101110011011110000110000011110110100011000111100001010110101010000010100100010101101011011001100000000011110001110100101011101111101110110101110111000000011110110101010011011110101100111100000000101011011101
1001100110011111100010110000000011110101011100001010100100111000111000110000010110010101000011100101001011101101011011100100011010111101111000111101010001100110101010110000100110001111010000000111111111100110011010101000010010111111001000110000110000001010101111011111001
1100110111000010110110100101101010000101011001011110101110000011110010110111111111111101111010001111100000000111111111110101011010011100011010010111111011110010111110011010110011100011111010110000000000101100110010101010110110001101011010110110000111111111111011000001101
1001110011011110000011110100101011011101011101010110100111010111000110110000000011101000001110100001101101110000000010111101010011000101001011000001101001100110001111110010011111001001110010010101011111101110011011111010010010111001011110110011101111110101010001011111101
1101100111011011110111000101101001111001010001000010101100010101110110011010111000001010100010101011001100010101111110101001111001010101011010010100001100110110100011000111000110011100011011111101000000100011001000001011010110000011000011100111000000000000000111111110101
1001001100010000000001101111001111000011111101101110101111010000110011011010001011011010101110101111011001010100010000001100110011110101110011010101101101110110101001110011011111010101110000011111011111111111011101111111111111011001111110001100011101101010110000110000101
1011101111010101010101100001100011110110100001100010111000011010011111001010101011111010111100100001011101111101000111101111111000010111111011010101101100010010101011000110000011000100111011010001000000011101000100000000001100001100000011011111011000101111111010000111101
1011001001110111010101001111101110000000111011001110110010111011011000011110111000101110111001101111110000101111010000111010101111010111011111111111101101010110111001101111011010011101100001000111101101000001111101111111101110111001010110010111011010100001011110111111111
1001100011000110011111011110111111010111100011100110110110001001001110110100011010001100001011100000011010000011010111111010000001111101010101101000100101011111111100101100001111001100110101101110100101010100011111010101111010001101010011000001001110101111000011111000011
1011001001010100111100000000110011010011001000110010110011011011111100110001001011011001011010001101110010111111110000001010111111101001000000000010101111000001000110111111011111100111111101100000101101011101000000000000000010111001110111010101011100100001011000000011001
1001111011111101100001011101111000011110011011110110110110011000011001111011011111001101111110101111111110000000110111100000000010000011011110110111100011010100010100001011000010110000011101101110111111000101101101110101111111111011000001011111000110101111011111111110011
1011000000011000101101001101011101000011010001100010011111011011001100110011010001011111000000111010001100110110110000111011011000111010000011110001101111111110111110100001101000111010110000100010000011011101100101111101100001101111110101011010010011100000000000000010111
1111111010110011100111011100001101101010010101001010111000011001011001111011000101011111111110000000100110110111111010001001011010011000101000011011000000000110001010101011001010011010010101110110111110000100111100000100001111000001100101000011010110001101011111011010001
1100000010011001101100000110100101001110110111101111100011011101001011001111011111001100000000110101101100010000011010111011110011111101101101011111111011010111011010111111101111110010110100010111111111110111111101111110100000011011110101010111010011011101000111111111111
1001011011001101101110111110111101100111100110000001110110000101011000011000000001111110101110010100111001011101110010001000011000000111100101000001111110010011000010010101101101111111100101010000000010110000000100001111110111011001010111011101010110000111010000000101011
1101010001101100101000001100000111110011101110101100011111011111111110111011011011110111111110111101111011000101011111011101111011010000110111101100000011110110010110110001100000010001101101110111111110111110101101100101010011111100011110000001010011010110010101010000001
1101010100101001101101011001010111011000100011100101011000001010101110101110001000000101100000011100001001101100000101000100001011011010110000100111011001111111111100000111110101000111101101100000000000000110100101110000011001101111000011010101010111011100111101110101101
1001110101111011111101001101010100000011110110001101001110100000000010100000101011010000111101000101011101100110110101111101101001110010011011110011001101000011101110110001010101010100101101101010110101110110101100110111111100000001010110011101011100000110000100010101101
1011000111100010110001011001010110101000010111011101101000101010111110110110101110011101110101111111110111110010110000101101101100011011010001011011011100011000000011100111010101010001111001101010011100010100100101100001101111111111110011111111000110110010101101010101101
1010010000101000111111011101011100111010111100000111001010111010000010110010111111001101100000011010000010100110110110000111100101011011110100001110011001001101011011110000011101010111011111001011001101110110101101110100000000011010110110110111101100110111100111111111001
1011011010101011100000000111000110100010101111011111101010111111011111100110000001011001110101000000111000110011100010111110110101001000110111011000110011011111001010000111001101010000000011011001101101111110111100010101110101000000010110000001100110110000111110111111011
1010010010101001101101010011011100111010000110000000111010100000000001101111010101001101000101010110001101111000110110000000011101011101111110001110110111110011101011010001100111010110111111001011000100001100010110110100111111101111111110101100110110110111111000010101001
1011110110101011101001011001011110110010101100110110111110111101101111100011011101111001110111010010111100011011100100111110111101001100011011111011100110011010111010010100110001110010010101111011010101011111000110010110000011000001110000100110110010100000101011110001101
1111100110101111001101011011110100011110111001110110101110110001100000110111001100111100110011010110000101010011111110000110000111011110110000001011111110110000001010110101110111111011000000001111111101000001010011010110101111101101011101111111100111110110000000000111111
1000001100100110011101110000110110110000001101011100000010011011110110110110011110000110111001110010110111111000111100101111011111001100000111100000101100000110111110011100010000011001010101100110101101101011011111111100101101101100000101010100111110011100110101011110011
1110100110110011010000110110000010011101011000000110101010110010000010010111011111010010100011000110010010101110000110111011000001011001010000111011101001101111110111111001011011011101010111110000000100101110011110111110100001111001101100000101111011000110111111011011001
1010101110011011010110010100110111110001010010101100101010111010110111011100001100011010101011101100111000000110101100000001111101001101010110111000000011000000000011101101111001010111110001011111010101100011000010010110111011011101000001101100101010010100000001000000011
1000100010111110011111011110110101111011011010111110111011101110100011001110101101110011111110000110100011010110100110110100001111011111010010001101010111110111111000101000101111000111000100000001111101101001101000110011100000001101101111000101100000110111011011011101001
1010101010000111000001011100010100000001111010000110001000000110110111011000101000011000111110101100101001111100110110111111100011111000011011011001011101110000111010100010000011010001101101011011101100101100101010000111111010100111100001110000001010010110011001001101101
1011101111111100011011010001111101110100110010101100111110110100110001110010101010111111101010111001101101101110010110000001101000001101110011011101000000011010001011101111011011111111001101110000000101101101111010101100010010110010101111011101011011110010110011011001101
1110000000000110111011010100000101000110011010100110110111111110100101111010101010110000000000001100101000000110110111010111001011101100111011000101110101111010101011111000011000101011011001111101010111111000011111101111010110110110100000001101011011110110011001001100101
1100101011010011101011011110101111101111001010101100000000001010110100001110111010011101010101100101101111010010010001110001101001111110001011011100011100001111111000001101001010000001011100011111011110100011000011000000010111100000111011111001011000011110111101011001111
1001101001111000001011011010101100000011011110111001010101011010011110111111100010111111110100101111111000010110110111000111111111011110111110000101111001111101011110100111011011011011110110110111000000101011011001010110111100001011110000001101010011000010111101111100111
1011001100001010101111110000111111011111110000001101010101000010110000000000110110000011000101100000001010110010010011110010000111001100110110101100101100000000000010101100001001011000110000000001111111111010001101010110001111101000010101011101111010011010011001111110001
1001100110111111111101000110110100000001111010111111011111101010011011011011100011010111101101101011011010110110111000111000101101011110000011100110001101101101010111101001011011001011100101110100100000110011011111011100111000001011111101000111111110111111001100011000101
1011110110110100001001111111100111101100001110000110000011001011010010001000101110010011001100101001110011100110011010100011100000000010101001101111111100111001010000111011011110011000110100011110101111111011000001000110011111011000011101010111010111100001101101110011101
1110111100000001100011000000001111101101011100101111010110011111010111011011111000111111111001101111111111110100110011101000101010111010101011100000110111111101011011111010000011011110010110110000100001011011010111111111010000001101110111110101000101110111111000011011001
1000101001010101110111011111101100000101000110101000010011001101010101110001011110100000000011100011010100011110011011001010111110011011111010001010000011101111001010001011010111000011010100111010001100001111010000000101011011011000000010111101010000100011001101110001011
1110100011010111010101110000000001010111110110101010111001100001010101000100010111110101011000111000000001000110111001011010001110111111011111011010101000000011111110111111110001101111111110011010100111100001010101110001110011011101111000001101011010001000011000010101001
1000001011110011011101111010101011110110111100101110001101101111011101010101000001010101010010001111010101110110110011110010100011110000000101111111101101011110101100000001110111100000001100110010110000101011011100010111100110010000001101111100011111101101001010110101011
1111011010110110000000011111101110000000001110101100100101000011110000010101110111000111011010100011110111111110011000011010101000000111111100101101001101111110000101110101000000101101011110011011100111111111110001111110110011011101011001111001000000100111011010110111001
1111001010000000101010110111000010110101100010101001111101101001111010110100010100010100010011111000010000001100111101001010101011010001110101100001101100000010111101111111011011111111110100110011110000010100010100101100010111010001001100000011010110110001001010110011011
1000011010101010101010100010010111100100101110101100000111001100011010110101011111010110111001100011011101111110001101011011101110010100000000001111100110101000001000000111110000000000100111111000110111000001111110000001110100010101011001111001111110110101011110111111001
1101001111101010101010111000111101101101100011101001010011101101011010011101001011011100101011111001001100000111101101001010000011010101110101111110111100111010111011111101100101111110101111000010100011011011100110110111111101010101001101111111100010110101000010001110011
1111011100001110111010111110011000000100101001111101011000101001011011111101011000001101100000110011111110110000100111011111011111111100010111110000001101100010000000000000101100000010000101110111110111110000001100011110001101010101011000000101001011110101111110100011001
1010000111011110110010100110110010110110111011010111001011101101010011000001111101011001101010110110110110011101101100001101011110000110110000000101111000101011010110101101100110101111110001100011000000011011011111000000101101110101111101010000011011010100000111101111011
1011011100010011111111110000011111100010001000000110011001101001110111101100000101110011001010010000000010111101100110101100000000111100110101011100011010111001110111101100110110111101111100110110010101111111111000010101100101100100010101110111111110011101111100000101001
1000000111000111011001011110111000001011101101111111001011111100110110001101010101100111011011010111111010000111110010111001010110000101100111000111111010001101100000111110100110000000000110110011110100010100001101011111101111001101010111000001110100110000000111010001011
1110111110010000001100000000110010101000111000000011011011010101111110101001011101001110010001110000001010110000011011100011010100101111110011010000001110100101110110111010110110111011101110011000110101000001100101001010111100011101000011010100010110011101010001010111111
1000000010110101111001011010111111101010110010111110001011010111100011101101000101011100111011110101011010110111011000110111110110100010010111010111100110101101000010001011100110011000101000110010110101011011111111100000000110110001101111010101000000110111111111010000001
1101011010010100001101010010011000001111111110001111011111000110001111001101101101000111101011000111001010110001111111110110110100101000111110010000101111100111101011100001110011001101111010110110110111001000000110101111101100110101100110010101010110010000101011110101101
1001011010111111011001110111001110100000001100100011001101011100111010011100101111101101000011010001011111100100100001100000011110101101101011110110101101110000111000110100111011011100001010100111110110011010101100000001111111100100101100110111010011000111100000010100101
1011010010000110011011100011011100101010101101110111100000000101111000110001100110000001111010010111000110001110001111110101111100101100000000110110100000110101100011111110011110000101011111110000010011001011111111101101010111110101111001100110011011010100001101111101101
1001011010101110110010001010000111101110101101011110110101110000001101111101110011010101100010110001011100100011011001100100000110100101110110110010110101111101111000101111000111011101000000111010111011011000110100001101000000010100001011001111011011110001100100011100101
1011011010111000111111101111011100000010101100000000110101111101011000001100010110011101001010100101000110110110000011110110111100110101100010110110110100001111000010000101010011001101111111100010101110011010000111011000010111111110111011011000011000111011001101000101111
1001111110111110001100001000001111101111101001101111111100000101011011111110111111000101101110101111111100010111010111000110101110110100110110110110110111100001111010110001111011011000000001101110000011011011011100001010110001101011111110001110110010001111111001011100111
1100010100001100111101011101100110000000111100111111011110101101011000011000011000011101000111100000000110111100010101110110000011100110100010010011100000110100001010010100001010001011011101101100101011011011000111011010010100000001001110101100011010100000001101000110001
1001110001100110011001110001110111110111110110000000000111111111011101111101001111000111110011101011011100001101011100010110101111111110110111011000110111100110111011111101111011011011001100111110101011110001011101111010110111011111011011111110111010101011111001010111111
1100110100110110111101111100011100000011010000110111110000001011110100011001111000010011000110001001011111111111000001011100100000001011100001011010010011110010011000000100001011011001111110000011101010011011000000001110110100001110000000000110001011101000001101110000001
1001100101100110011001000001000110101000011010110000011010100000000101001100001101011001010011011011000000011000010101000110110101100011001011011011011000010111001010110101101001001100000010101001101000110001101101100010010110100000101010101100101000101010101000010101101
1111111111111111111111111111111111111111111111111111111111111111111111111111111111111111111111111111111111111111111111111111111111111111111111111111111111111111111111111111111111111111111111111111111111111111111111111111111111111111111111111111111111111111111111111111111
