11111111111111111111111111111111111111111111111111111111111111111111111111111111111111111111111111111111111111111111111111111111111111111111111111111111111111111111111111111111111111111111111111111111111111111111111111111111111111111111111111111111111111111111111111111111111
10100000110110101100000000000000101010010110110101101000110101000001010101010001101010010110000000010100010101010100110101010110011010110000000010100000010000010110100000011011000001001000000101100010110010110001010110100100000010010011011010011011110110000000000000000100001
10001110110100101111111111111010001011010110100101001110110101110100000000011011001011000111010101010111000000000101100000000011010000011101011000001011011111010000111011111011111101101111101100111010011000000111010110110111111011000111011010110001100000110111111111111101111
11011000000110100111000000000011101010000110110101101000000000110111111111000001101001110101010111000101111111110101111111111001011011011111111111011111011101011110101011100001011001101100001001100010110011010010010100110101010010011100011000111101001010010000000001110101011
10011010110010101101111111111011000000110000100001000010110110111111110101111100001011000001111100010000000110100001010011001100011111010110100101111100000000010110001010111101000011000001101011111010011110010110110101110101011010110111010011101101101110111011101100000000001
10111111111000000000100101011110010111111110111100011111111100011100000000111111101001111100101111010110110000001100010110011001010101010110110000101001101011000011100010110100011011111111100001100010110111110100010101010000000010110010000111000100101110001110111001010101101
11110101011010111110110000001100111100000000010111111110000001000111111110100010001011000001101011111111111111100111010100110011110100000110011110100011001011011000001000110110110001100110111011111000010010100001110101011111011000011010111101110110000011100100001101111111001
10000001011110100000000111101001101111111011000000000011101111110110000000111011100001111100101010101101001000001100010110111010100111110111011110101001111011011110101110010111111100110000000001101110110110111011010001010011111011001000110001010110101111110001100100101011111
11111101010000111111111101001101100001011111010110101010101100000011011110110010111101011001101000101101101011011111000000101010101101100000000000111101000001110111111000110101100001111011111100101000110010011011000111010110101111101011110111010000111100011011111111100001011
11010100000101100000101001101111111100000100011111111010111111111011110100011000000000001101101110101100001111110011111110000010101100111011111101110111111111110001011110100000111100111111111110001110111010110011011110000000001100001001010110010111110001111011011000110111001
10000001010111111110001100101011011111110001110001010000110100000010100001000011111101100000000000001111101111111000000000101000100101101111100001100110100000000100001010101111111110010100000111101010101010011011000011011111100111101100010011000101100100001001010010100001101
11011011111110110111101110000011010110000101111100000110010111111010111101010111111111110110101011100110101011011101101010111110110101100110111101101100111110101111100000001010100110110111110101001010100010110011011111110100001101000101110111110100001111011100010111110111101
11111110101100000010001011111010000011110111010001010011000111010000000001010100000110110100111011101110001010001111111111110000000000110110001000101001101111111010001101101010110110110110100101100000001110011000010111100111100101110001010010110001111011110111010001100010001
10101110100111111000100001111011110110000100000101110111010000000101101011110111010000000110100010000011100011011010100101000111111110000111101101101101000000011000111001000000000000000010110101111111011010110010110011001101110001111011000110100100000000000011110111001110111
10101010110010101110111100000000110000101101010101100101111111101101111110111111111011101111111010101000001000010010110001101110100000111100000000101101111111000011111111101101101010111000000001011100011000100111111001101000110111000001110110001101111011111110100001100000001
10000000111010101011111111010110000101111111111111101101100001001000110000101000101110000101000010111101011111011000011100111010111110110111111110001100000001111111000100001101111111111110111100010111001101101101010011001010000011111101100000100111111110000110110111001111101
11111110101010000001100111110110101111100110101010111101001100011011111110101010001100101101011010100001010000001111010110110010101010010101100110111111110111011101110111011111010000000000100001000010011000100100011001101111101110100100001111110000000110111100010010011111111
11101100000011011100001101110110111010110110001010110100011111010011000000101111101001101101110010101011011011011000000110011010101000110100110110110011110011010000110100011011000110111111110101101000111101101101111101000101101100110101111011011111111100010110110110110000001
10001001011001111111100000000110100000110100100000100001010000011001111110000110000011001101111010111111001111011110110000110000001110100110000000100110011010011110110111111011111111100011010111111110000001000000101101110101100110100101011000001010000101110110110100010111111
11100011111011000000111111010110101010000001110110111011111110111100110111110000110110011001011111110101011101010111111110111111101000001111101110001111011011000110110101001010011101111000011111010100101100011111101100000001101100110101000011111000101101110000000101110101011
11001010000011111110110100011111111111010100111110011010110111110111100000000110110011111101010101010001111000000011011000000001001111100110111111100110011001110110010101100011010100011111011100000111101111000100101111011101001101100000011111101011111100011011111100010101001
10011111101000001100000001111111010100011111101010111110100011000011001111010011111110110100000001011100110011110110001110111101101011001110011011110010111100010011000000001110000001001010000001010000001000011101100001111001101001111011110000000000110110110001101101110001011
11001111111010100001011111110110000001011111000010011000111000011000011000011111000000000001011100011110000110010111101011100000000011101100110000111000100111010111111010100110111111101011111101011101101101001101001111101100101101010000011011111111110110011011001100000100001
11111010111111110111111110000000110101010101101011011110011011111111111111111000010101011101110111010111101111000010100011111111011000001101111110101010101101000110101111110011110111001010011001010001001111100101011110001110100001000110110000010110100011000000011001111110101
11110000101101000001110000111111111111110000111000000111001111110000001110000011011111011001000000000010001001101000001010000010010010100000011010101110000000010010101111010111010101100010111101111101111010110101001011011010111101011111110111110110101110010111111011111010101
11011110101001111111000110110111111111110110111111101101101100000110100010101011110000011101011011101000101100001011111011111000111011111011110010100111101111111010101010000000010101001010100111101111000000010001011011000000000001010011100010110010000100111100001000000010101
10000110101100000000010110100000110101011100000100000000000001010100111000101010000101010111111111111110100110101110000000110011111111000011011010001101111110000000100010111111000100011000101100000011111111011011011011101111111100000110001110010110110001100111101011010111101
10101100000001011111010011111110110101011001110001101011111011010110100010111110110111010010000110010110101111111111101010000110011101101000011011101100110011101110001111110011110111111101100111101000100000000000001010111110011101110011011100110100011011101100000011110011111
11100001011101111110010111000000110101001111010101001011000011010111111010001100111111011000110110110000111101011011111110101111001000111111001010000101111001111000100101011010110101100001101100111110111111010101111010011000110001011010000001100001111110100101101000011000001
11111011111101100000110100011010000001011010000111011011111011011100000011011001101101111111100000011101111000000000010110101101100011111001101011110101011011011111110001010000110101111100100110100000000111111100001010111110011100011111011100001100010100001101111111111110111
10100010100001111101100110110011101100000011010111001110100010011001011111111111101001110011101110111111001111111111010011111101111011001100000010000101011011010011111100011110100001010110001100101011101101110001111000000110110101110110001110101111110101111100000001100111101
10001010001101000000101111111010000111111011111100011000101110111111111110101010101101011000111000010111100000000000011011010101010001101111111011101101001010011010110101110010111101000111100110111110101101011100101111110110010000110110111011111011010101110101111111001101101
10101011011111110101111100011111111111000001101001001110000011100100000000001000000001010010011101000101111010101111000000010101011100101000000000101101011000110010000101011000000001110101101110010100001101010101100110100011011101100110100000111001010000000000001000011001101
11101110010010111111010111010101110000010100000011011000101011110001111011100010111101011111001111110101011111101100011011000101010110101111111110001101001011111011110101001101110100000000000011010111100000000000101100110110001001101100001111101011000111010111111011110011101
10001000111000001010000001000000000110110110110111011010101010011111111111111011110000000101100011000100001100001111111111110000000000000000001111101101101010100011000000011001100111101010110110010101110101011010100110100011100011000001011101001010010111110001101000110111001
10101011101110100011111101110111101111111111110110011011101111001110000000000011000110110000001001110111100111111011101000011010111011101101100000000000000010111001111110111111111100001010100011010000011111111110101100111010110110010111000101011000110000111101100011100101101
11111111001110101000000000111111111011000000000011011001111101101011010110101001101100100101101100000010001101110000000011010011111111111000110101010111111000101011000000010010011110111110111011011111000110100000000110011010110100111111110000001011111010011000001001001101001
10000101100000101101111110101000011011111010110110011011000000000000010100101101111111110111111111111000100001011111111010000111000100111101100111010100000010000011111111011000110111110111100000001101101100111101101111011010100101110000110101100001011110111101011100011101011
10110000001010111111000000001111011010100010010011001011111111110101010111111111011011010100000000010011111100000010101111010110010001100101001100010110111011101010101101001110010101010101111111100001000110001111000110011000110000011011111111111100000110000111000110110000001
11111101101111111011110111101010000000001011010111011010111111000101111111011010000000000110111011000110011111111010101100011100111100001111111111011111110011001000000000011010110000010101011100111101101100111001110011001110110111110001000111011110101111111111111111110110101
10001111111101100000111110000011101101011011010110011110000000010101111100000000101111010111111111101111000001101000000111000110100001100010100000011101000111111111111111001000011111000101010110011000000110101011011011100110010000110111011101000111111101110101110101010111101
11101011000100111110101011011000000111011001110100110100110110111111010111111110101000010101000000000001101101001011010011101111111101111010110111010000010101110100101011101101010101110000000010111010110110101011000010110100110111100111010000010001010101010100000000000001101
10100011110001100000000000011101010100001100010101100001111100101010000000000000111101010100011111101111111101101110011000111101011000110000111111011101111101010110101010100111010101011111111000000011100100001011111010110110100010110000010111111111010000000001101011011011111
10111010011101111111110101010001011110111001011111111111011101100011011111110110100001010101011000000010100000000111011110010101000010011110101101110001111100000000000000001110000000001100011110111111110001100001100000000110101110100101010111101000000111010111111001111111011
10001011000000101011110101111101110000001111111110110110010111111001010011100100110101111111111111111110111111101101110111000001101111111000000101111111010111101010101011100000101010100001000000110000000111101100001101110000001100001101000000000010101111010001011100110101001
10100000011010000000000111101100010101111110110100000011010010111101111000001101111111110010110101000000000000000000100001111101111110000010110101010000000100111111111011001101111011110101101111100101101100000110100111111110100001011001010110110111100001110100001110010101011
11110110111011010101010111000001111111001010010111111011010110100101101111011111100000011010000000010101111101101110111011101101010011011111110001011111110110100100110001101101100011000101001000001111111110101111101100000000110111111111110110110001101100010110111011110101001
30000011100010010111111101111101100011101010110111010000000010110100000111110100111111000000110111010111100001111100000000000000000111011101011100000010110010110101111011101100110110010101111101101000000000111000001110110110010000001010100011111011111001010010000001110101011
11101111110111011110110000000000101000000000010101000110111000010111110000100110001101111010110100011100110111000001110111010111110001110101010001101000011010000000000011001110110111010111000001111111110110110011011000100100110101111000101000001110011111011111111111010000001
10001000000100010000000101110101111111101110110001111100111111010101011110001111011000000011100101011110000100010101100001111110111011100000000101001011000000101101101001100010011101111111111101010111111100110110001101110101100100000010111101111110110111111011110101010111011
11111110110110111110110101100101010000001000011100000001101101010101011100100101010010101111111111110111111111010111110111111000000000110101010101111001110111100111001011110110111000000000101111000000000001100011101000110100111101101111100000000000000101101000000100000001111
10000111111111101000100101001101011111111101000001010111101000000000000001110101011010101000100010000100000000011100000111010010110110000101111111010011000110001100011111000011100011101110000000011111101011001111001101110110000101111111101101010111010000000011010001101111102
11110001011010000011101101111101000011000001011011011110100011111011011111000000010010101110111000110001101011010001110100000111100011010111111100011110010111011001010100010111001111111111101110110000001011100001011111000110101100000010111001010011010111110111010100101100001
10000100000011101011001111000001111001110101011001111100001111111010001100010111000111111010111110100101001011111111111111101101111010010111010111010111011101110011110111011101111110010001111110011010101010001011110110010100101101111110001101011011010000010101011101100001111
11011110101000001001100110011111101100011101111111110111011100001111100111111111110011110000000000101111111110110000000000001100110011011101010100000000010000000110000000011000011011011100000000110011101010101011000100110110101101111110111111001011010101010001010000101100011
11111100101111111111001111110110000110111111100110000101110111101101111111000000000110100110110110111010110000000111110101100110000111001100000001011101111101101111110110111111000011000001011010011010001110111011110001111110101100000000000110011001010111111011111101100101001
10100001101110000000011000000011110000110110110111110100100000000000110101111111110100001111111111100000000101011111000111001111011100011111101011011001000001001101110100110000011000010101011011011011101100110010000100110000100110101011111111001111010000101110011101101111111
10001011001000111111111111111010111010010110000011010110111111101110110000111010111111101001011011111010101111010000011111111011010001010000001110010011110111101100000110010111111010110111010011011110001111100110101101100110110010101111101001100001111010001110110111001000001
11111111101101110000000000100000001111010011101000000000000000001110011101100000001011001101000010100010101000010101011000100000011011111010101000110111000110101111010011111101000010111100011011110111100111101100111100110110110111100000000011001100001010111000000001100010101
11100000001111000111111110111111011111011010101110101110110110101000110101111111101010011000011000001011111111010101111110001011001010000011111110111100010110001000011011011000011110001111110010000101001100001111110001110011100000101010110110011001111010000010110111101111101
10111111111011111110000000010101010010000000001000101100100010101010000000110000000011110011111110101011000100010101101000101111111111111011010110000111110110101011011110000010111110111000111011010000011111011000000100011111101110111011111100111100111110101011110000100101101
10111010110000001011111111000000011011111110101110111110111011111011011010011111111010100110000000101111110001011111001101101100000001011110000000110100000110101011110100101010100000011010011001111011011110001110101101111110000110001000100101101110000110101011011111110000101
10000000011111101011111000011111011010101000101000110000100001100010011111000000000000001111101111101100111101011011101001000111010100010111101101111111101100111110000001111111111110110011000011000010001100111011111000000011110111011111101100000111011100101000011110111101111
11010111011010001000001111111111011000000010101011111110110101101011010001101101010101011101111111000110000001111010000011101100011111000000001000110000001101111000111111010000110110011110011001011011100111100011111010101000010011000000000101010001000101101111000010000111111
11110100010000100010101010000001010011011011101000110000110111001110011100001001010111011000000000010100111011000000101000111110110000011101101101111101011001001111110111011101100000111111001101110001110111111010100011101010110111110110111111010111110111101100011000110000101
10111111000101101011100011111100011110011010001101100110100100011111110111111011110100001101101010111111110001111010111011110000011110110001001101100001010011100111000000010001111010110000011100110100111100000000001000101010100010111100001111010000010000111001001010011111101
10000111110111111111001001011111000111001011011000110100110110111010100001000000011110100111111110101011100101000011100001011110111000011101011001001101011111110000010111011101010011111101000111110111101001011011011101111010101000001110100101111111110111111111011010111110001
11101101110100000000011100000000010000011010011010111111100100100000001100010101010000101110110111100000111111111111111011011100110011011001011101111101011001011111111100000000000110000001101100000011000011111110000100011011111010100110110000101100010000000011011010000011101
10000101011111111111110111011111111101001011010011101011111111111010101001010101111101101000000000001110000010000000000010000001111010011111110000110001011101011110000001111111010011101011111111011011110111000000110101110011000011101111111010000001111011111110011010110110101
11010000011001010101110101111101000001111010011111000000001000000011101101010101000001101101010101111111011000101101101111011011000010110110110111111111110000000011111111100000011000111111011011001010000100010110011101011111101000101000011010110100001001111111011010110000101
10011011011101000000000000100001111100011010111000011111101111101010000111010111101011111111111111000001001101100111111111111011111010100000000110011001111111111010111000001010110010110000000000011111110111010100110000000000111010100011110010010101011100000001011011100110001
11111111010001110111111110111101000001001011100011010000000000001011011100010110001011011010101000010100011000110100100010101110000011111101101111000011011000000000000010101010100110011101010101011000000110011110111010101111110010101000011010110111000110110111111000110110101
11110101011101011101101000000000011011011011001001011101110110101011011111111100101110011000001111010110110010100110001000001100111111010001001000011010001111111110101011101010110100110001010111001111010100111010011010100011000110101010111110111100011111100011000010100110111
10000000000001011000000011011110110001110011011011110001000110111111110010101001100111001110100000010100111110110011111111101101111000000101101101110000111110000000111110001110111110011101111111011111111110100000110011101111101100111010000110001111000001101001101011101110001
11111010111101000010111111111110110100010111111110111101110010110110111000000011111101100000110101011101100000110110110000000001100011101100111111100101101011101101110111101100011000111000011100010000100111111110011000100001101110110010101100100011011100111111111011000011011
10001111110000011011100000100000110111010001100000010111110111110000101111011111111000001110100111111001110110011100011111101111111110001101100000001101101010111111100000000101111110001110110001111110001101111110110011101111001000011011111110101001001101110111000001101111001
11011000000110110010001110001010100110011011111111000000000110000110000010001101101011011111111111000011000011111111010000001000011111100111111011101000000000011010001110101111000000101110011011110000100000100000011001101111101010111001011011111101011100000001101011001100011
11011111011111111111101000101111110011001110111111110101010011011111111000111100000011111011011100010111110111100000000110101011000001101100010010111111111011000000101110101010011110111011011110000110111110001101011100100000111010001100000000010101110111010111101001101101001
10010101111011011100001010101100000111111000100000000111111011011000000010110001101110100000000001010110000100001101110100101011101100000101000110000110000001101010101000100011010000100000010000110110100000101101110001101111100011011001101011000100000001011100101011001101011
11000000101010000111101010101001010101001110001111011110100001111110101010100111111110001011111101110011010110111101000110101010001001010111111111110000111011001110101101110110011010101101010110100011111110111000110101100000101010001101111111101101101111111001111011011001001
11111110000000110000001111101011010101101000111111010000001011111011111010110100000000101010000001000111111100100111101100111111101111011110101101110101100001101000111111010011001111101101110100110111100000110010010100110111101011011000011101100111000110110011010001001101101
10101111011010100101101111001001110100000010100000010111011011010000000010111110111010101111010101101100101111110100001001110101101100001100000000000100110101101110110000000111011110001001100101111110001101111011011101100001111110011011001000110001010000000110010111011000111
10000000010011110100111010011101000101101011101101011110011111011111101011100000110010101000010101111110001000010111101111100000000110111111101010101101110101101000100101101100011000111101101111111100100101010011010000110100110110110001100010011111110101010000110001001110001
11101111011010000101100000111111101111001011111111011011010001000010001111111010011010101111011111010011101111010000001000001010101100100000001111111000010111001110111111000111010010100101101000110111110111000110011011110110000110110111101111011110110111011011111111101000111
10001000010010101111001010101100000111101110110000010000010100011000101100011110111011111011011000000110001011000111011101011110111110110111111101011101011111100011111000011110011011110001101010010110000001101100110000010110111111100110000011000000010011001001011110111110001
10101101011010111011101010000111110100001100000110111101011111111111111110110111100001010001111111110111100000010100010001110100110000100110000000001101110001001111100011011000111111011011111111000000101011111110100101010110000000110010101001101011010110011011000000010110111
11101101011111110001001010111101110101011110110011101001011100001011010100000011001101000101100000000000001101011101010101000001111101101111111101100000111101111100001001010010110100000000110101101110101000110000101111011111011111100110101011111001111111011000011110110000001
10001101010001011100011010011000000111110000111001101111110111100000010111011111101001011101101111111010111001010001010101111011000001001000000000111011100000000110111011111011100001111110100000111000101010100110100110001101000001111100101111011011101011001101000110110110111
11100111010100011111011011011011010011000101101111000011000001111111010100001001111011111000111011111010001101111011111111110011101011111110110101100000111011110100110001100000111111111111110110011010101010110100101111101100010100000101100000011000000001011101111110010100001
11110011011111000000010001001111010111111111101100011001111100011011010111101011011111101110010010000010101001100010101011000110001011000111111111111010001110000001111011111101111010000001011111000011111010100110100011001101011110110100110110111110111111111000000010110101011
10000111011011101101011101111000010110100000000001111100000001000000000000000010010101001011011011110111111111001010000001111100101010010010001000011011111111111011000011010101100011111100011011101011010011110100101111101101000110110101100100000010000000001101101110010101111
11010001110000001001010001100010110010111111010101110110101111111111011010111010110101100010000000000011010100011110111100000001111111111000100011000001111000011001101110000111111010000110110010101000011001111101100001101101011100110111110101110110110101111000100010110100101
10010101111101011101011011001010111010000000011111010111111110110101111110110000000000111000111111010110000111110011111111110101100000001101101111110100001101000011111111110001100011110000011000001011111100110001101011001001000101100000011100011100111100001101111111100110001
11010101000001011001010011111111101111011101111100000101010000000101101111100101011010000010100000011111101100100110000100000101001010100001111000000110111001101011000000111011111000000111000010101000001101110101111001101101011111001011000110111110000110100100000000110110101
11111111010101111111011001100001100101111111110111110000000110110000001011001111011011011111110101000110000110110011110001011111111111111011011111010110011011111111110110100011000011010100011011101110111001000100110011111001000011101001111110000011011111111110101010100110101
10101011111111001011110011111100110101110110000101000101011111111010100000011100011111111110011101011100101100111001010101110010110011111010000000011110111110011111011110001001111111010110111111000110001111101110011000001101011110001101110100111111000000111011111111110110101
10000001111111101010100110101110110101010100110000011111110001100010101011011001110101110011000001011001101110101101011111111010000110100010111101010000110111001010011000101100110100010100110100010110111100001100111101101001011111011000000110001101011101100000000000110110101
11010100010100000010001100101010110101010001100110111010000100001111111011001101000001011000011011011101001010000000001000000011110100111111100001010110110001100011000010111110010110110101100001011110000111101101111101111101000001011111010100100001000100001011010111100010101
10010111000001111000101110100010100000000111110100100011111111101100000011111111111100000011010001001101100000101011101111011000010110101101001011010100110100001000011010110011000110111111001011011000101111101100011000010101101011000001110110111011011101011111110001110110101
11111101111011111101101000111010111111010010011110111011110000000111101000010100011111111111011011100100111010111010000010011111010000000000011011011110011111011101111110111000010000011011111001110010101100001001011010110000101111101011000110001001000111000000111100010011101
10101000001111000111111110000000000000010110111100100000000101101100001101110111000000000000010000101111111011111111101011110100000111011101010001111111011100010101100000101101111101011000000011000110111110101111011010011010100101111001101111011011101111010110000111111001101
10001011100110010010110111111111010111010100010111111101101111001111101101100101101011101101010111111010100011000101111010110111010100000101010101000101110001010000110101100001100001111101011001101100001100100001010010110010110000001101100110010000100001110111010010101101101
11101111001100111000000000000000010100011111000101011111111011011000000101110000001111111101010011010000001011110000000000000110011111011111111101110101100111010101100100110101101100110001010011000101011110101011011011110110011010100101101111011011101100110001011000100100111
10001101011101111111101011101011010110111011110000010111010000011111101100111010101000000001111110000110111010000110101010110000110000011000001111000000110100011100110110011100111001111101011011011101011000101111010001100100110010110111101100001001100111111011111010001110011
11101000010111011001111111101111111100110000111111010100000111010000001001101111111111011011000011110011100010101100111110111010110101001101100010010110000110110001111111111001100011010001111001010001011011100001111011110110111011110110111101011011110000110000110010100011001
11101111010110011101010100001100001001100110000010000111110111111010101011000101110111011001011000000111001010100110100000100010011111011101111000111110110110110100011000000011001000011011000011011011001110001111000000011110100000011100010111011000111101111110011111110110011
10001110000000110000000001011111101111111111111011101101110100000010111001010000100100011011111101010100011110101100101110101010110000010111011111101000010111111110111111110111101101001111011011011011011000100011010110111000110110111001000011001101101100011111110000010111001
11011000111110100101011101010000001010111101100001000000000111111110110011111110110111001110101001010101011000111111111000101010111101010000000000000010111101111110110000000001111101011000010011001010001101101011011100001101111110000011010111101100001101000000000111111101011
10001110011000001101111111111111101010100000001101111111110110000000110111111100000111011000000011111111001011110001011011101010011101010111101101111011100000110100011111010111000001011101010111101010111001001011001101011001100000110111111101101101011001011010110000110000001
10100000111111011101110110101000000000001010111000000000000011011010111101010111110000001110101110110000011011000100001011001010110001011100001111100000111010000111110111011111111111110001010001101111100011011011011101001100111010110110101000111001011101001010110110011101011
10110111101110000111000000000010101010101010110011010101110111110010101100000010111011011000111110000110111111110111100011101010011101011001100110001010011111110000010100010001011111000101010101000011001011010001010001011111100011110000000010110011000101011110100011000101001
10100110000000111100010110111011111110101010011111011101000011000110100001101000000001001110100011011100001110111110001010001110110001001101001111101011110100010101000110111100000000010101011111110111101011011011110101010100001011000111101111110110011101110110101001011111011
11110011110110000110110111110000111000111011011000011001010110010110111111111111010111011000101000001101011000001011101010111000110101011001011010001111000111000101010000101111101010110101000011000110101010010001100101010001101011010000100011000011000100000010101101000001111
11010110000100101100110100000111101101111011111111010011110111010111110000010000010001110011111011101001011111100000001010100010010101111111010000111101110100010111010101100000001110111101010111110010111111010101101101011101001011010101111001101001101111010110101101010111101
10000011010110101001111111111110101001000010110000011010100011011100000111011011010111000110000001101101110110001110101010111010110111000000011010100000110001010110010100111110101000001101110000111000110101110100111001111001111011010100001011001011000001111111100101110010101
11010111010111101101101000110000000011110110000111001010001010000101110100000011010001101110111011001101000000101000101110110011110111111111001110110110000101110110111101100000101110111000011011100010000001100110001111000011000011010110111111011110010111101011101101100110001
10010100011101111101001110011101011011000111011110011011101011010111000111011011010111111000111111100101111010111010100110011010000101101110011000110110110100110110011000110101111000111010110000101010101011101110100111111001110111110110100001000011010010000000100100110000111
10111101110000010111011011000111010010011100010011011010001010011110010111010010010010110010101101001111000010100011110111110011111101100000111110110110100101111100110010110101000011100010011011111011101011001100111101110011000100110100001011110111111000111111111110011010111
10011000010101000000010001110111111011110001111000011011101110110000111101011011010110100110100000011100011010111000011101111111111000001110010100100011110101000001100111111111110110001011011000110000111001101001100000000111101110000101011110110000011101101001000111111110001
11110011111111111111011011000101101111111101101110110010000110011110101100011111111110111111111011000111111010100010110000010110000010101100110001101010000111010100111101011010000111011011110010011010011011001100111010101110001000110101000000110101010000101011011100100111011
11111111011011110000000000010000000110000001000000011011010011110111100001000110101000001011000011011111100010111011100111010000101110111110110101111111110011011101111000000000101100010000010110110011110001111101100010100011101010100101011011100111111010000001010101101101111
10010000000001011101010110111010110000110101111010111010011110000001111101101100000010100000011011001100001011100010001111011101100011111100011111010000000110010001000010111101101110111010111100011000011011111001101011101110001010110111011000110001100010101100000000000000001
11000110110100011111010110100010100110011111111010001011011111111100000001000111101011111101010001011111111011001011011000000001001110001001010000000101010011011101101011100000111000110010101110111011110011000011111110001111101010100001001010011111110110101101101110101011101
11010110011111000000011111111011110011111100000011011001010011101101011101010111111111011001011011010000100001111111111110110101111011101011111010110111011010001100111011001010110011111010000011110000110111101011000000100000101010110101101011000001100010101101111111111000111
10011111011000010111001101100011010110010111101010001011111000000111011001011100000000000011011001111010001101100000000110111111000000000001101010111111011011011111100011111010111011000010101011000110010110001001111110110110101010110100111111101100110110101000000000110011111
11000001111101010100011000001010000011000000001011101110101101010000001101111111011010101011011011000011011111111111110000000011011010110100001111100000011010010110111010000010100011101010111110010011111111011011011000110100111010111101110101100111100111111010101110011000001
11101111111111010101001110101011110110010101101110001100000001110101011111110011010010101010011111110111110110101110111101010110010010110110101100001110111111010000011010101010101110001010010011011001101000011010000011100101100010001100000000101110110000001010100011001111111
10001011011001111101111000101011000110110111001100100101110101000101110000011000011010101111010000000011000000000000000001010100111010011110111111011000110000011101000010101111111111101011000110001100001110110011101001101100111110100110110111111000000111011010110111100000001
10100001010011000000011011111110010011110100011111110111100111110101000101001101001110101100011010101111111111111111011101010101101110111100110000001110100110110001010110101101100011101111010110111110111000011111101101100110100000111100100001001110101111111111100010111110111
11101111000110011101110010000111011011000101010000000110001100000111011111100001011000111001011011111110100110101011111001011101000000100001111010101100110100011111110110101000001000000110010100001010011010110000001001101110110110000110101100011000101000101101111000000010001
11001111010000110000011011010000010011101111111111110110100111010011111010111011001110110011011111000000110000000000000011000111111110101011000010100110110110111111100100111111011010101110111110100011001110111011011100111000100011010111101001111010100010000100001010101111111
10011001110101111010111001111101111110101100101110000110101111111110100010000010011110011001110110011110100111111011101001101111110000111011111010110110100111110001001101110111111110111000101010101001111000100011110110011011110110010001101100101111101011111101011010100000001
11011100111111000010110011000001100000001110000000110100101001100000001000110111011000111101110000110000001100000011001011101001000101100010000010110011111101011100011111000000100000001110000010101100111110101001100000110010000011011011111110000110001000010001111011111011011
10010110001011110110011001110101001111100111010101100101111100001010101010111101001010101111011101111111011111101011011000111100010111111110101010111011010000011111110010010110111110111000110111100110000110111100110110111110101011110000111111011111011110110111101111100011011
11110000100000000011011011000111101100001100010100110101000001101110111010101000011111101010000111011111110111111011011011100001010110000000111011101010011110110101111011111100000000111110111101001100110010110110110100011000101000011010001100000110001100000000000000110110001
11111101101011101111010001101100111110101111010110110101111100111100111011101101001101101011011110000000000000010011011001111111111100111110001001101111001110000000000000110001011010001100000001100110011010100000011111001101101011010010111111011111011111010110101010010011011
10000001111000111100010101101110000100111011010110100111000001100111101010000001011000000010001100110101110111000110001100110000101111100000101111000101100000101101011110000101111111100101111011110010111010101110110011011001101001011010010110011010011000011111111111111011001
11010100110011100001011111111011110001100000010110110110010100110001000011110111001110101000100001111111000100011100101101111010000010001010101100010001111110111111110000101101110000001100001110110111101011111000011000011100101111011011000011000011001101001101000000110010011
11110111111000101011111011010000000101111110110011111111111111111101101010000001111100111101111011101011111111010001101001011011111000101110100111111100000111111011000101101111000101100101100110100011001001011110110010110101100001010001101111011011011111100000010101110111001
10100000110010101110000000000101110111000000011000011110101111010000001011010111000001100001000010000001110000011011111111011111011101111110101110101101110001101000010101001000010111001101110010111000011101000000111011100000110101010111100110001110000110001010111111011101011
10001011111010111111110101011101100111101011001110110100000101011010101110010011101101001111110111011011011111011010100110000000000001011000111100000001000100000011010111101011010111101100011000110011000101101110001010001011111111111110101111100011010011101110011011001101001
10111000101011110001011111111101001100001010011000110001010000000010101111111001101101011000000011111010000100011000110000101010110100001110110001011011111110101110010110001111010100001101001110010110010101101000101011011000011010101000000011110111010110000011000011011001111
10011010001111011100011011100001101001101011010010100101011010101011101000000011101111111101111110101011110001010011111010101011110110111100011011111111100000111000110111011001011101011001101100110110110111001101111110011110110000001101011000110001111100101001011000001100101
10111110101000010111000001001011111011111111010111110111111110101110001101111010001000000001000000000000000101011000110011111110000110011001001110110101001010001101110100011100001101001111000110110110110001101100000111110000000101011111001101100101101001101111011011101110001
10011000111111010101101100011110010001100101111110000011000000100011101001000010101101011101110110101011010101111011111010010111111111011011011000000000011111011111000111010001101101100001010100111100010100101001011101111010101101000011011001101100001101000001110000100000111
11001011110011000100000110111111000111110001101011011011111110101110001101101011111111011001110110101010010111000001101111000000000000011011011111110101011001001100011100011101100101101111011110000110110101101101110001000010111111101110001101000101011001110100010101101010101
11011111011011110001011110011000010111011011000001111010000000101000111111111111011011111101000111111110110111111011000101101101011101001010010000000111111100011001000111010001001101000001000011010100010111001101100100011010000110100010101101101101111100010101010101101010001
10011000011000000101011000111011111101001001011101100011110101111110011011010110000000101001011101010100110100000001110001111111111001011111011111010100100001001101101100011101101111101111011111110110110001101001111111001011010110001011101101001100011001011101011101101011011
10111111000011010101011010001111100001101101010000101110000111010100110000010100101010001101010000000001110101010111111011010000100011000101110000010110001011100101100111110001000010100011000000110110111111111111011011011010010011011001111001101110111101000111011001111011111
10010101101010010111111010101110111101001101111110001000101111000001111111000001101011100001111010101100011111011110000001011110001001101101111111010100101001101111110100000111101010001011011010011100000000110000000000001110110110001100001100100110010111010011001101000000101
10110000001010110001100010111000000001100000110000101111111000011011011011010111001011001101100010101001011011111011111011000111011011001000000000011110111011000110000111110001111010101111110010111101110101111010110110111000110011100110100110101100110011011111111001111101101
11111101011110011011101010111101111101111101100101111000011110111111010000010110011111111101101010111101010000000000000001110000001001101101010101010011100011011111011111111011010011101110111010110100111101000010100110001110011110001100101110100110011000000000001101100000001
10000001010000110010111110101111100000101101111111011111000100011000000111110011010000000000111111100001111011011101110100100110101101000111110101011000001110000011010000000000011001100000001110100001101111010111110100100011000011100110100010101111011110101101101000110101101
10101101011010110110010111101010111110000100111000010111110001001101010110000111111111111101100000001101100010001100110110001100101111101100100101110010111000101111111111011101011011001011011100101100000011011100010101110110010110001100101011100110010000100101101101100101101
10101101111010100111010011000000000000110001101111010100000111011001011100111111101111100001111101011001111111011001110100100110100011111110001101000110100010100110101111111001011001101110011001101110101011011001000100010100110011011110101001101110110110111100101101101101101
10111101000010110100000110011110111101111101101010000111011111001101111110110011000000111011000001001111001110010011011111101100101001011011101101110111111010111110000000000011001111000110111101000010101001111011010101111110110111001100101111111000110100111111101101101101001
10110111111010111111010010111111111111011000000000110000001100011111110111111001110110001010010111011111100000110110000010000110101011000000001111111101010010011011110101101011011110010011110101010111111011100001110100111100100101011110100000001011100110000000100111111001011
10110010100011100000011011110000000000010011111101111110111001110011010101101011111100100011010100011000001101111111111010101100101011111110100110000000000110110000000101101011011000110111010111110000001110110111111110010110110001010111101010101000110111011010110100000011001
11111000001111111111110001000101011011000111100001100000111101111000000000000001001001110110010110111110101001100000000000100111111000110100101111111011010110111011010101001011011010110000000110000110100110000011011011000110011011000011001011101101111100001011111111110110011
11011101011000000110000100010101110011010110001011111010001111011110101110101101100011000011011100001111111011111101010101111101010011100001111100000011010110011010010111101010001010011011110010110111101100110110000000011100111001111110011000101001111001011000001100000011011
10000001011010110000110110111100011010011100111001100010101000010011111000111101001001101111001101011011011111011101110100001100000110101011010111111111010011111110110011001010101110110000010111100001101101100100101011000110001100001100111011111100110011001101101101010110001
10110101011011111011111100110001111111010001100011110111111011011011011111110000011111000110011001010000001100000001100110101111111100001011010101000000010110011000100111111010100110111010110011001011100111111101101001101100101001011001110000001101111010011000101001010010101
10011111110010000010001110111011010101010100111010111110011111011010001000011011000111010011011111111011100001010101110011111010000001011110010000010111010111010011110100000011101100011010111011101010110011010001101101111111101101001101100111011000011011001101111101010111101
11110010011111101010100000100011010000011101111110101011010101000000100011000001101100011011001100000000110101011111010110000000111011001111011110110011110100000110011101010111111110110010011010001000011000011101101100001010001101011000110011001101011011011000011001110011001
10011010110000001011111110110111000101000111000000000000000001011010110111101101001110110010011111111010100101010000000011110101100010011000000000111000010110101111000001010100000000011011010011101011111011010001001101100010101001001101111001011001001001001101011100010111101
11000010111111101111010000110110011101010111111010111010110100011010011101111001111010011011001100000010101101011011010111100100110111010011111010011011011110100011101111010111010110110001011010001001001001110101011000110111101101100111011011001101101101011001110001110010111
11101010101010111101000101100011111001010100000011100011111111011111010001010011000000111111011101110111100111001111110110110101111110011001100010111011011000110110001000011100011100010111001010101100011101100101011101100011001101101110011001011101001101001100111100010110001
10111010100010111000011111111111100011110101110110001111011100010000010100000111110110001100011001000001111111111101110100000111100000111101101010101001010010100111111101110001001110110011101010101001000100110101010100110110011000100000110011011001100101011001100001010000111
10110010111010101111011010111110001110000101000111111000010001011010111110101101010011011110111011110101011101100000000110110010110101101001001010001011110111101100000001100101011000011000101011111101101110110101110001100011011010101010011011011011110111011111001011011010001
10111000000000000010011000000011111111011111111101111011000101010011111011101000000111111000110011000111010101111101010110100110011100001111011010111011000100001110101011110101011010110011111111010100111011100100011011111001011011101111001001001110000110000001101011001111101
10011111111010111000111110101000000011111010100000001111101101011111010000001011010011000010011001110110000000011111010100110111011001011000010010001011111110100011101011000111001011111000011000000001110011001110110000001101001110000011011011011110110011010101111001100001111
10110111011111110010100000101111111010101010111111101101111001111100000101011011011001101110110011000111010101000000011110111100000011001111011010111010000000110110001011110011011010000011011101010100000111111000111101011001101100101001011001000011110110011100011011101100011
10110000001101011010101010101000000000000000000001100000000011000111110101001010001101101100011011010100011101011101110000100001011001011000011010001111110110011111011110100111011011111011110001111101010000011010001101001011001101101011001111111011000010110001110011001101001
10100111100000000011111110111111111010101011111011001011010111010001100101111111011001001101111110010111001101010000011011111011011101110011001010111000000110110000001100001100001111000000010101001001010101011010101101011111101101101011100000011011010111100100011001101101101
10001100001010101011000000110110000010101111100000011111111101111100001111000100001101011001110100111100011111111101110010000001001100111111101010001111010110100101100111011001011000010101111111100011110101110010101111010011001101001001101011111110010100110111011011111001101
10111001101010101001111110110000101011111100110110111000101101101101100110010001011111111101000001101101010110000001111111111011101001101001101010101100011100111111110100001101111011010111101000001000011100010110100110000111011001101011001000110111010001100001011000001101101
10011101101110111011111000110110101111010110000100101110000001000001101111011011000110101111011101000001110100101100011000000010111101101100001010100111000110110000000110111111000011111110101111011101111101111110101110110001111101001001101110000001110111001011011101011000101
10110001101110100010000011110111111000000000101101101000101100011011001000001111010100001001110001101011000001101101111110110110010101000001101010101100011100011110110110000110011010101000000000011000000100000010101100110100001101011011001100101011110001101011001111111101101
10011101101000110110110110000101010011111110111111001111101001110011101010111000010101101011000101001011010111111111101000100011000001010101101011101101001110110000100011011111110010000010101011011010111110111010100110100101011001010011101101101000010111101111100001110001101
10110001101010111111111111010100000111000000011011100001001100111001101111101110110101000000010101011110011110100000000011110111110101111101001011000101100110100101101010000011000111101011101010011010000110001010111100110101001101111010000101111101011111001100110100011011001
10110101111111100011101100011111110100011010110000110100011110011011101100000000011111110110110101110000110000001011111111010110000101110001011010010100110110111111101111011011101100001011101110110011011100111010011110111101011111101111101100110001000001100001110111011111101
10010111010100001000000001011100000101010010011010000110110000110011000110111011001011000110111111100110111111011010000000000011110111000101001011011101110110100000001000001110111111101110001100111010001101110011000110011001001100000000000111100101101111001011000110000001101
10110100000001101101101101010001101101111010111011010110011010110111101100110001011001110100011100001100100000010010111101101010000110010101011111111111000110111110111010100110110101111100100110011110100100010111101100110011101111101010110000110111000001011001101111011011001
10010111010101101000111001011100101001101110110010011110111010111100000111110101111100000101010001100110111010110111110001101010110011111101000110100000010010100000100010101100010000000001110110110000110101111100100110011000100011111010110101110110011111110011000101001011011
10111100010111111010111101010001101101000110011011011000001110100001011100000100010111110101110101101111111111100100000100101010100111101001010010111010110111111010111010101101000110101101100010110110011111001001110111010010101110011110110101011111000001111110010100011011001
10011001010100000010100001010101111111110000111110011101101111111111011110110111110111100111110101111100000111111101101101111011110110000011011000110011100110000011100010100101110100101000101011110100111100011011011101111110100011000110010100001101010100001111010101001011011
11011101110101010110110101111111000000000110101100110001101000000000000110100001100000001100000101000001110010000001101000011010000011101010011010110110001111101011110110101111100110111101101001100110010110110011001101100000110110010000110101101100010110111011010111101111111
10010000011101110011111101100000010101010011101001111011001010111101101100110111111111011110110101110111111000110101001101111111101001111010110010110011100110001010000010111011001111111000101100110011000000111011101000111110100110111010111100100110110010000011011100000000101
11010110110001000110000001111110111111110110000011100001111110100001001101100011000000001010110111100111010010011111011001101101111100011010011010011110001111111111110111100010011000000010111001111011101110000000000010101111101100101010011001111111100110111110011001101010001
11111100111101010011111101000000100000000011101111001011000000110101100101001011010111011000010110001101011010110000001101000000000001011011001110110000100110000000000011001000111111101010110011000001101110110101011111100011111111100011111100000110001100000111001101101010111
10101101100001111110111101011011111111110110001100011001101010110100110101101011010100011011111111111000000011111011011001011011011011010011011000011101110100111011110110011010001100001010100111101011000011100101000011101110010100001000001110101111100110110011011101101110001
10000000111011000000000001011110000000000111111001011011001110100101100101001111111111011010001011010010111111000011011111010011011011011001111110110000010110110011000111011010101110111010101100001110010110001101101000100000110101101010100010100011001100110110011001100010101
11010101100011010110110111110000111101110001111011010001101000101111110101100000110000011011101011011010110000010111110110011010001010011101101000110110110110011010010011011010101000011010101111011110110010101111001110001110000101001011110111101110011110110011010011001010111
10010101001011110100100110111111110001000111000011010111111111101100000101101111111101010010000000000010111011011110100000111011011011010101000010111100110011011010111011001110111010111010111011111000011010100001100111100111111101111011010011000010110010111111011001101110001
11110101011010100101110100000000000101101111011001010110000000001101010111101000101111111111101011111010011111111100001110001011001110010001010110000110011111011011101010011111111010001010100001101110111010110111110001111101000111110000011011111010111010000001010011000111011
11100111011110001101000101010101101101111000010011110111011010101001110000111110001010101110001010000010110101110110100011011011011100111011010100101111000110001111000010111010000011111010110100000000001010100000111011010100010011000110111000111011100000101101011011010011011
10001100000110111001110111111111100111011011011000110001110010101011000101110100100000101011011011110110110000000000101011011110010001101011010110100110010100111100011010100000101000011011111111110110101010101011100000000001011001110010001010001000111010111111010011010110001
11011111010111111100110100001000001100000011001101100100011010101011101111100001111110000000011011000111111101101010101110000111010101000001011100101111011101110111011010111101101011110011101100000010101111101001111011011011011011000111111110101101100010000001010110010011011
10001011010101100001111110100011011111110110011000110101111010101010000110001101000000111101111111101100011101001110101000101101111111010111111110100011000111010000001110100001101000011110000001101110100001101111011011001001111110010000000010100111111010110101110100110110011
10101000011100001100101011110110010111000111001101111111101010111111101110101111101111100111111111111101000001111000101010100000110000010100110000101111101100000101011100101100111101110100110101000010111111111100000011011100000110110101110110110110000010100111000110010011001
10111010111111101101100000000110110000010001111101000010100011110000000011111010111011110111011011010001010100001101101011101110011111111110100101100011001101010101011001101001100000110001100101110110000001011001101111001101110011100100010100011111110111111111110110110110011
10011011100000001100111111101100100101011011000000011010001011000110101010000000000000110001010000000101110110111000111011100010111111000000001111001111101001010101010011001100111011111101111101100011011111000011000001100100110111001110111101001111100011101001010011100110111
10110011111110111101100000001101110101001110011111011111111111011111101110111101101010010100000110101101100100101101100010001110110000010110100110011101101011010101011001101101111001101100011001101011000001011010010111110101100001101100011101100110001110100011010110001100001
10011110101110011000111010101000011101100111010000001110000000010000000011111111111111000101101100101101001110001111111010100110111110110100111111010000001010011101001111001001100011000001011011001001101101011010110000110111110100101001000100110110100000001000010110101101101
11110100000000110011110011111101000111101100011010100011011011111111101111000011110001101111100110111001101011011000000011110011101000010110011000011011011011011001011000011100101001110101010001111011000101110010110110010000111110101101011101100100110101011101010011100100101
10000001010110011110000111010111010110100111001010101110011111101110000101111001100100001100001110001101001000011010101001100111101111011100110011011001110011110011011101111001111101000101110100110001101100111010100110110101100000111101001100110110111101001111111011001111101
10101111110011011000101110000000010110001110011110100011001110000000110100111100001101101111011100101111101101001110101100110100000000001110011111011100010110000110010001000011111001010101111110110111101001100010110010010111111010110001011101100110011001100000011111111000101
10101000000110001010111100110110110010111100110000101001111000111110010110001001011111000110011001111010111111111110101101110111011101100111011000001110110110101111111111111001100011110100011000110110001101101011100111110000011111111101000111101100111101001111110101111010101
11111110111110101010100111110010011011100001111101111011111111101111111111100011010011101111011011111010010000000000111000010110010000111100001101101000010100111011101100000011001010100110110010110011100111111000110101111111110001100001011110111110110001100000000000000011101
10000000110000111111110111011011111110001011000000011110000110000000001101001001111000001000011001100011011110110110011011011100111011100001011001101101110110110010101101101001101110110010111010011001110001011101110000000000000100111101000000010110110100110101010101010111111
10111011111101110101010000000011000000101111111101000011010011101010100000011101000011101110111011001000000000110110110001110001100000111011001100111000011100011000000000111011001000000110011010111100010101000001000101011111101111111001011101000010100101100101111111010000111
10110011010001100000000111101110011110101000000001011111111000111111111011110001010110000110001111101010111010100110110101100101001101100011011101111011011001011110101010100001101101101100110011101110110111110111101101000111111011000011011111111111110101110100101011111110001
10111110000101001101010110001100110000101010101111111010101110010011010011000101011111101100111100001011110010101100100100110101101101001001110101000001011101110000111011110100111000100110011000101000010110000111001101010000011011111110000000111011111100110110000000000011011
11101111101111011111110111011110011010111111111110101010101111000110000110010101111000000110011001101010000110101001110101110101111101101011000001111011110001111010111111110111110011101110111101100010110011010001101111010101000000110000110111101000101111100100110101011111111
11000000001100011000000011000110110010110100010000100000101011110100110011011111000011010011001100111011010110111100111100011100110001101001110111000000011011000010100110100110000111000010101001110110110111110111000011010101011110111101110000000011100001111110111111110100001
10010101011110111101101010011100111111100001000110001110001010000001111111111011111001110111011101100011010100110101100001011001100101101011010110011011110011111110110000001111110001110110001100010011100110100100011011010101000011101100011010111000001111000000001010100001011
11010101001100011000111011001111100000001101110111011111100000110100101011000000000011000101010100111111110110100000110101001101001101001111011110110000011001111100111111111000000111000111011111010110001100001111011111111101101011000001111011111101111111101011011010001111111
10010101111111110011100011100111111110101111110100010000001010110101100001111111110110010100010001100000000011101010110101111111011001111000000000111011111111000001100000000011010111110001011000010110101111111000000110000101001011111100110000000100110000111011000000100010101
10111101100000000110001000110100000000101000000111011110101011100100111101000000000111111111010101111111101000111011100100011000001101100011111101100000001110010111111101101011010000110111011010110011111011111111010000111111101110000001111010111110000111100011101101101000001
10011111111110110011011010110101101010111101101100011000111111110111111101111111010011101000010111011000001101100000110101010010101100111010000000111011011000110110000001001001110101110011011010110110000000001110010101111010111100101011000010001011110001101010000101101010101
11000111100000011010001011111111001011110001000111011101111000010001100000011100011010000011011100000010101000101011110101110110101101111111101101110011111010110110101011111011000101100110011010010010101011011000111111000000000110101001110111101001110100101011110100111010101
11101101001101110011101111100111111111011111101111110001001111011111111011000101011011011011000110110110101101111000010100110100101001100000001111011000101011100100101010100001110111001111011010110111111111000010000110010101110100101101100001100011011110101010000101111011111
10001100011101111010001100001101110100010111001101111111100000011001011111010001110011011011010110100100101100110011010111100110101011001101011000000010001111111111101010001011000001100001010010110101010100011011010000111111111101101100111011101000000010111011010101001001011
10111101000101000010100110100000000111000000011101010111111011000011001110011100110110011001111100110110101001111011010011110110101011011001001101110110101100000011111110101010011101101111111110011100000001011011010101101011011111000110001000101101101111110010010100011111001
10100001110101110110101111101011010001110111111000000101100010011011101011111001100011001100011110100100101101010010011010000110101001111101011111000011111111111000110100101011000111000010110000110001010101110011110111100000000110010111011010101101100011000111010101000011101
11110101100111110110111000001111111101111110000011110101001011010000000001101011110111111101110011101110111000011010110010110111101011100001110111111001100000000010000001101001110001101000010110010101110101000110000010110101010111010100011110101100111111111100010101011000101
10000111110110000110100010111101101101011011110111000001101011011010110100000000010100000000011000001000110010110010110110110011001011001100110000000011111110101010101100101011100101101010110100110111000101101100110110000111110011111111000010100101111100110001010101001010001
11010001100111101111110111110101000000010000000100010100001011011010100111010111010101010101111111011010111010011010011110110111101110011110011111010111110000111011111101111011001101001011110110100001101101100101100000110000011000001100010111110100000001111011010111011111101
11111011001101111111100110000101111101000110101111011111011111110011111100010011010111010100011000010011100010110011011000110011000011011011010000010001100110011010010100111110011001101000011100110111111000110111111011111111111101111111010101000101111100110001110110000011111
11000011011000110110111111110101111101010011111100011000010110100111011111010110010110010101011111011010001010011010011011110110010111111010011010111100110011110011000001100111001101001011111001100011011101100001100000000000000100011000010001101100000101111101100011010110111
10010110001110000000001100000001000001010111010111111111010000001100000000011110110011110111110100010010101011011111011110000011010110000000110010110001100110000110010100110000011111101000001011110110000000110101001010110101110110111101010101100110101100110000110110010000001
11110011111111010111101111111101111011111110000000000000011111100101011111000011100110000001100111010110101010010000000011010110011111111010011011110100110011010011010110100110111010001011111011010100101010110101101110110111110011110111010111001111111001111010100011011011111
10000110001011110100001011000001011110101000110101010101011100001101110000010110001111010111110000010110101111011010101111011111011011000010110011000111110110011010011111111100000011111000011110010110101110010111000010110001011000000001110001100000001111100010101110001011111
11110010100001000111100011111101010110101110111111110101110001011001000101010010111100010110000111010011100110010011101100011000000011010110011001110011000011001111111011000001011010000011110011000110111111010001101010110111011110110111100111110101100000111010101100111000001
10000111111101110111110110011000000000101011101010100111111101001101010101010111100001010111101100010110001111011010001101001111011001111100110011000111011001101000000000010101001011011001100110010110100000011011111010110000000010010011001100000100111111111010100110011010111
11110101010101011100000000110010101010001011100000001100000001101001010101010011001011010011001111010011101101011111011001011000011101000001111011010100010011111101111111111101011010010011001111010100110101010011011010011101101110110111100111101110111100001110101111001110011
10111101010001000111011110000110111011100000001110100110101011001011010101010111011011010111111000010110000001010000001101001101000101110100110010010101011111110111000000000001001010111000011111010110110111011010000010110001100011111111110000100010000001100011101001100111001
10000000000100011101110011111100001010001011111000111111101001101110010111010001010011010001110010110011101111111101011001111111101101110101111110111101010101100011111101011011011010101011000110011100110110010011111011110100111001011111010101101010101111001011111100101100011
11011110101110111000111010000001011111011011000010110101001101100111011100010101011001011111011010011111100001101101001100001100001111011100110000001111110000001001111001011001111011100001011111000110110011011010000001011110110011000110000111111010100001101000111110000110111
11111111111010110010000000101011001101111111111111110101100101001100010001010111110011011110000010111000001111000001100110101111100110010001111111111010100111101100000011001100001111110111000110011100100110001111110100001111111000011111110000011011110111101011101011101100001
10000001100010110110110101101010011000001110101101010000001101011001011101110001100111010000101010001111100001111101110011111000001111011101010000010000001100000111111011011001011100000001010011000110110111111111000110100101101101111011000101110000110110111010000010000110111
11011101101000000100111100111010111110100010000000000101100111111111110000110111001100010110101010111000001111000000011110011111011000000000011101000101101101101100000010001101110111010101011011011100111101111010010110110000000100000001101100111011100000011011011000101100101
10010000111111010110100001100010001111111011110101111100110000110000000101100001101111010110111110111111011000010101000111000100001101110110110001011101100101001001110111011111100000010101001111000111100000000000111100011010101111011011111110011001111011111111111101101110001
11111101111000010110101100101010101000000000000101000001111011111011110101001101100001111100011000100010001110111101011101110001011001100110011101001100110101101101100011010100001101010101011101110111101101101101100001001110100001111011001010111100011010110101001001000110101
10000001101110111100111110111010101011111011110101101100011000101110000101101000110101111111111111111000101100001101110000000101110011001110110001100110110111111111111011000111011001010111000000011100000111111001110101101100101011100001011000010101111110110101100011010110101
11110100100000000110100010001111111111011110000101101101010010101111110101101010110111010101110111010010100101101001100111010100011001101100100101101100100011011010100010011110011011011110011011000110101100000011000101101101101110110100001110110101010110100001101010010110101
11100110001010101100111000111101010101010111110101101001010111101011000101101110110110000000000000000110101111111101111100010101001011101110111101001101110110000000001011000010110011011000110011101100111111101011010101100101100000111101101000110000000000001011001011010110111
10110011101110101001111101100000000001010000000101101101010110000000010101001100010100110101011011110011100110000000011001010101011110000110011001101101100111110101011010010110011011111110011000100110110000001011011100101111110110001111001010011101110101111111111001011110001
10110110001100111111100001110101111100011110110111111101010011110101011101011001110101111101011010000110001100110101011011010101000011010111011011001101101100000101001011010110111110101000111011110110100101101110011001101111000010100011111010111100011100000010100011011000101
10111100100110111111001100111101100001000000100010100001010111111101000101001100111111000001011011110111100110110101011011010101010110010011011011101100111111110111101111010011101110000010110001010111110101000111011101100101101110111110100010100001111111011110001001110010101
10011001101100101000011001100001110101011010110110001101110110000001101111101101101011111011111011000000101100110101011011010111011111010110011001101001100000000100000001010110000011110110100100011101000101101100001100110000101100000000111010110100000001001111101011000110111
11000011100110100011001101101011011111110011100011011001100011010100111000001101100000000011000011101010100110111101011111010110000111111100111100111100111010101110111011010011011000000010110101000001010111101001011101100110101111010111111010100110101011111011001111101110011
11111011001111101010011111101111010000000111111011011011110110010110011010101000111111101011011010101010101100011001001100010111010010101110110001100101101111101100011011111110011010101010010101011011110100001101010001110100100011010000001010101110111111110001101101000011001
10110011100011111111011110111100000110101100000011010011000011010111111011101101111110001011011110001010111111001101100110111100011010000000011101110001000101000110110000011111011111101010111101110000010111011111010100011110101011010110101010101000001101000111001100011011101
10000110111110110110001100010001110100100110101011111011010110010100000001111111000000101011110000101010111000011000111110101101001111010111011000110101010000010100011011110000010101101011110000011011111100010000010101000110101010011110111111111101100000010001111110110010001
11010100010100000000101101000111000101101100111001101001110011010110101100011011101110101000111010111010001101001010100000000101011000010100011101110111010101111110110000011010110000001000011101111000011111011010110101011111101110111100010011000000110101110111100000111111101
11110111000101110101100111010110010111000111110011100011000111110100101101010000001000101101100010100011111001011011111110110101011010111111110001100011111101101100110101011011110111101011110001100011000110010010111101111010000110110001000111110110010111000010111010010011001
10000011110100011100111100011111111111101101010111001001110000110110101111011010111010111001101111111000001101011111011000110111011110101010111101101010100001000110110111001010000110001000111011001001010011011010011000010010101100110101010001111111011111110110111010110110011
10110110000101111001111001111100101101111000000001101111000110011100100001111110001110001101111100010011011001000110000010110001010000100000000000101110001011110000011100011011011111011010001011101101110110011011011101000110100110010101011011000000000001100000001010000111001
10100011010001100011101111100110000001010010101100101000010110111110110111110110111000111111000111000110001111010010101010010101111011111110110110101000111110000101000110111111010000011010111010001000010100110010000111010010101100111101010001111110111111111010111011010011111
10110111111100110110100110110011111100000110101101101011010100000111100111000000110010111011110101101111011100010110101010110100110011011111100011111111110011101101011100011000011101001110011011101101011110111111011100010111101110110001110101100000000001010010110011011000001
11100110100001100100001100000110110111111111100100111111010101010011111101110110010110100000000000001100000110110110101010011111111010000001111111010101100110000111011110111101011101100011011011001101001010000110000111011101000010111100110100110101011111010110011011001110111
10001100001100111111011001010000000000000000001101100000010101010110000000000100110010111111010110101101010110010011101111011000000011101100000010000000110111011100000010011001110001101111011010011101100010111110101100001101110110001110010110100111010100011111001001101000011
11101101011101100000000011110101010101110101101100110110111111111110101011011110111011110000010110100101010100110110000101111101010111111111111011010110000100011111010111001100011011000001011111010001001110000011111111011100110110100110110110110100000001000001101101101101001
10001111110000111011010110110101010111100111001101100110101100000000101001010000001011000101110011101111011110100110110000111101010100000001011011111111110111010111010011011001111001010101010000010101011100101011000000000001100010101111111110110110101011110111001101101101101
11111010100101110010010100000111111110110001100111110100000101110101111101111010101001111101100110000001000110110110100110011001111110101100000001110010000000000001010111111011100011010101010101011101000101111011011111010111101010100110011011100110101000010001011100101101101
11110000001101000111111111101100100000000100110110110110101111100101100001100010111011100001101111011011101110110100110010111111101000101111011100011011111111011011010110000011001001010101011111110001101111000011010000010000111010110011010001111100111010111011000110100101101
10011101011001010110001000000110001011010111100000011110100110110111110100101010011110001011111000011000100010100110111011100110001110101000011001000010000000001001010011101010011101010101001100000101100001101001110111011010011010011000000111000001100010110001101100101101101
11011001010011010111101101101100101110010100001011111100101100000001100110111011110111011111011110111101101110110110100001101111101111111110111011111000110101011101011001101011001111010101011001010111101011111011000110001010111110111101011110010101101011111100111111101101101
10000011011011011100000001101001101100111111011000110001111001110100111111110011000000011000000000001101100110111100110100101010101011010111101110111110011111010101001100111001100001010111111101010110001000110001010100101110000110011001000010110100101000001110010101111101001
11011001110001111111111011001011101110100000001110111100011100010101100000000111110111111111110101111111110110101001111101100000001010000000000000000000110000000101100111100011110111010111110101010110101011111011011111100110111111110011010111110111111101101010110000000101011
11010011100111000000000011011010000011111110111100001110110001010101101111010100000101101010000100000110110110100011000001111101100000111111010111011101111011011111110000111000110011011101000001010011101111100001010000001100000110000110010110000001010000101000000110101101001
10011000101100011010101110001010110111100000000101111000011011011101111100010101010100000000111101010000011111110111111100011001111101100000011111110000011110000010111010001101100111110001101011010110000010110101111101011001111100110111011111101011011010111101011111111111101
10111101101101010010101100101010110100001010110101000011010001010001000001010101010110101010100001010101000110000110000001011011000001001101010000000110110000101000011010101000110000110100001011010100101000010100110001001100000110100011000110001000011010001101000000000000101
11111111111111111111111111111111111111111111111111111111111111111111111111111111111111111111111111111111111111111111111111111111111111111111111111111111111111111111111111111111111111111111111111111111111111111111111111111111111111111111111111111111111111111111111111111111111
