1111111111111111111111111111111111111111111111111111111111111111111111111111111111111111111111111111111111111111111111111111111111111111111111111111111111111111111111111111111111111111111111111111111111111111111111111111111111111111111111111111111111111111111111111111111111111
1000010110110100110101010011011010101010100110101100101011000001100110101000101101011010101111010110110110110001101100000110110101010110000000101101101000110100101000000000000000101001010110000000000100110101100010101010100110101100000100011110101110101000110010100010110110101
1111000000000101100001000110000010101010001100000110100011101011110110101110001101010000000110010100010100011100001110110010110001010011110111100101001110110110101110101111111110001101010011111110110101100100111000000000001100100111110111001100000100101010010110001110110010101
1001011111010000111101110000101000001011100111011100001010111000110000101100100101011011101111000001110111011001100010111000011100010110000011110101100000010100101000101000010010111101011011011000100001110101101010111111101101101110000000011111110101101111010111100110110110101
1101110111111010101000000101101111100001101100001111111010110011111110101101110000011110101111111101010110001111111011101110110001000011110110100100111111000001101111111111011010110101000010011111111101010101101111110000001000000010111111001101110000101100010010101100110110001
1000100000101110000010101101111000110100101111011000110000011010110000101111111111010100100110101101000000111110111011000000111111110110100000110110101111111101101010010001010000010101111010110111010100010100101101011110101101111111101101011000010111101101000110100110000110111
1110111110100000111010111111011101111110100111011110100110110010011110101010101000010110110010100101110110101000000011111110000110110100110110100110101000000001001011010100000110110100110000110000000001010110100000000111101100110101001101001111010101101111101100101110111100001
1010011100001101111111110011001000101010101101010010111100011011001100101010101111000100011000110101011100001111111001101111010000010001110011110100001111111101101011011101101100010101100110111110101101000000111011110011001101100001101001101010000000101011000110001010000001011
1010110110101111101101000111101010100010101001011010101111000010011110101000101010010101111110000001011001111101110011001011111111011011000111010110111000011000000001001111111111000000110010011011111111010101111111010111101101111011101101100011101111100000011111011010111111111
1000010011101000000101110101001010101000101101010010101001111011001100001110101011110100110111101100011100101001011001101010101010000001110101000100001110111111111101011000011111111110100111111001100111111101100100000011000101010011001101111001100101111111011010001010110110001
1111000111111111110101010101011110111110101001011010101101000001101111100000100001100001100011111110110110101100001011001010101011111100110001110101111000100110110000001101001101000000001101001101110100110000110111101001110001011000011000000011001101010110011010111010110110111
1110011100100111000000000000001100010000101101011000001101111101000101101110111011111101110110011010110110001111100001101010000000000001100111000001001110101100011111101111100001111111100001101001010110011110010101111100111101010011001101111011100101010011011000001010000010001
1011010110110101111111111010100001000110000000000011101100110001101100111000000001101101000011010010100011011001111011100011111111110100101101111100011000100111010101000110111101000000101111101100010110110111000000010101101101010111111111011001101101011001011011111000111000111
1000010010100100110000000010101011101110111111111110000110110100100110011111111011001001011011011000110110001100000000111011100110000110000001100001111110110100010001101100101101111110000011000111010100000000011011000001000100000001101100001101000101001100001010100010011111101
1101000110110110011111110110101110001000110101100111110000111110110111001101011001101011111011001110100010111111101110000010110111110110111111111100110100010111011101000110101101010111101111110101000111110110111111111101110111110111001111101001110101101111100010101111000001101
1111110010110111010110000110111100111101100000101100111110011000110011101101011011000001100000011000111010010100101000101010110101111100111100011001110111000110011001110010001100000101101011010001110110110111110110000000100011000001100110101101000101100011110110001011111111001
1010110110100011000000101110110110110001001010000110101000111110000110000000001011111101111011011110101000110001111111101000000001011110100101110011010100010011010011111011100111101100000011011101100100011100000111111110101001101111101100001101110100110110100100100000001101102
1000000010111001010111111010100000110111101011010010101110100111110111011011100000011000011010010000001101111100110000001111111101010010101100100111000111011001011001010001110111000111111010011000110101111111110101110110101111000100001111100000110110110100110101110101111100101
1110110110101101111100011011111010111110101011011000101000101101000001111111111010111101111111011111101101001110011101111111110001011000100110110101101111111100001101011011000001110100000010111110010001010100000000000100100110011101111001111110000100110001110000111100010110101
1000100000000001101111011011000010100000001011011110101110101100011100101100111110110000110100010000000000011011001111110000000100000010001100110000000001100001100000001011101011010111111000000011010100010111111011110110001111011000101011000000110110011011000101101111110100101
1111111101111101100000010001111011101101011011010000101100001111110110101001101110111101100111011111111101111011011010011111111111110111011110111101111100111101111111100000111011000101101101101001011110110101011111000011100110001011100011101111100000110011110111101010110101101
1000000001011000111111010111000011001111111111111110000111101011100110101101101000000000101101011100010100110000000011001101011000100100001100001001001111101111011110111011110001110101000111001100011000110100010101110110110011011010001110111000001010011010010110100010110100101
1111111101001110011000010111111111101010101110000110110101001000110000000101101101010110000000000111000001111101110111011000001110001111011111101100011011001010000000000001100101010000011111011111001110010111010001100000000110011000100110111111111111011000110000001110110001101
1010101111100000111111000100110110111000000011110011110001101101111101010001001111010100111111110101111101101111010110011111101000111011001100101101111011100011110111111101111101000101001101111111100011000110011100001011110011011011110110100101011000001110010111111100111101101
1000000010111110110101110101100010011111101011000111000100000000101111110100011011111111110000000000000001100110000111010001101110100001100110101100110000111001011110110001011001010111101100101100111011011111010001101011110110010000111100101100011111100111010100000110011001101
1111111000000110110000000000101000110100111011010010010110110110000110011111011010111100000111111111011100001100110000000100101100111101101100101101100110001101001000100100001101111111101001101001100000010101010111111110000011010111101110000111010100001100000001011100110011001
1111011111110000111111010110111110100101100001111000110011100111110100111101011000010111111110110011010001101111111110111110001111101101101110001001111100111101101110110111101100011101001011001101001010110100011110000100101001010001001011101100010111101111011111111110011001101
1000000001011110011001111110110000110100111100101101111111111101000101110100001111010100111000011011111101100011001100111000100101001100000011101011001110111000000010111100001101110101101011101100011110110111011011110111111011010111011010000111010000001011000111100111001011001
1101011101010111001011101010011110000101101110000001101010111101110001100111011011010110001111000001110001001111011001100011110001101111101111000001100000000011011000101111101101010101000010100111110100110101001011010111010011000001011011110000011111100011011101001101101011101
1111010000000001100001000000111011110101100111110101000010000101011100110110001011000100101000011011011101100101011111111111011101000001001100010111111111111010011010000111000000010001101000101101100110110101101001000000000111110111001011011111001110111011000100011101000001101
1011111111010100001100011110101011100101101100111111111011110001010110110011101011110110111101111010011001110001001100100101000001111101100111011100011001000011111111110101101111011011111110000101110100110101001101110111110111110110011010001101011000000001101101111001011111101
1000100000010111111111111000000010110101101101101010000000111100000000011011101010100000010111100000111011011101011110110101111101110001101100001101111100011010001101000000111000001011011011110100110001110001101101011111000011010111011011101000001111110100000000101100011000101
1110110111011100000000000011101000000000001000101011111110101001111110110010100010111101110010111101101110000000001100110100011000000100001111101000110111110011100000011010011101100000010010100110011101011101000000001101110111000101001001101111101010100110101110000101001101101
1010000110011001101101110110001010111011100010000000001000101111100000011000110110110001011000000100100111011111011110110111000011111110100011000010100001111111001101111011000001110101000110110011000000011000011011100000000001110100011011001001101010101100101111111111100101101
1000110111010011111111111111101011110011001010110111100010000110001111010010000000011100011101110001101101110000001110100101111111011111111011101111111101010001111101000001101011000111101110100111111110111110111110001111111011010110111001101011000000111111100011010110110000001
1111111100011011011000000000001111100110011110100100001010110000101100000110111111010101110111111011001000111111100100110101001000000101000010100101101001011101110111101011001111101111101100110011000000010111101111101101011010010010101011101011110110001100001111010010110101111
1001101111110010011111111111111000110011010111111111011011111010111001011111111000000000110110000001101101101010110110000001101111110101111000001101101101010000000010111111111100001001000110110111111110110011101001111000000011011010100011001000110100111111100110010110111100111
1100001000111111010111101101011110110111110101011000010010000010111101011011101011111011100010111101001101000010000111111100000101100001110010101000101101011111101000001110000001011100010010110100011100010110000011011110101000000010101111101010011110011010101100110000101001101
1110100011101110000000001001001100011100110000011110111011101011100111110000000010000010110111110101101101111011101101000111110000111100011010100011101100011101111110111011110111110111111000110111010111000111111001010111111010101000001011000011111010110010000101111011101100101
1011101001000000101011101101100111011110011101010010011111101010001100000101011011111000110011010001101101100000001101110010011101101101011010111011001111000100111000101010110110110101101011110110000000011101101100010011010010101011101001111001100010011011101101101011000110001
1001111100010101111110000000001101010011010111000111110110001111100101110101110010001110011010000100000100111111100000011010111101000001001111111001100011110101100010001010111100000101100001010011010101001100100111000110000111101110001011010011111011010001100101001001101100111
1100010111111111111111110101100001010111010110010110010000111110001111100111110110100110111011111111101101101001111101111010010100011101100111100011110110000101111111101010100111110101111011000111111111100110101101110011111111101000100001011001101010011011001101100011000110101
1111000000101010101010111111111100000001000000110011011111110011100010110110011111110000010001101010001100000011000000110011010111111000110010111010100011110000110000000000001100000000000001110001111110101100001101100110110010111111111011010011101000111011100000111000011100101
1011110110101010000000001010111111111101111111100110000111011011111000000011001011011111000111100010100101111011111110011000000001101111111000110010001110011110111111110110111111011110111101010111010100000110100101110110011010010101011011011011001110101001101111101011110110001
1000011100000011111111101010000000110001011001001111110101000010100010110111101010001000010010111011101111010010111011001101101101000111001110011010111011011110001011011100111011111111111000000101010111101111110101010000110000110000010000011011011010101101100001101010110011011
1111011111111001010000000000111110110100001101100110010001111010111011111110101000100010111000101011001010011010100001100001111101011101011011000000111001010010100001011001101010100001101101110000000110100011000000011011111110111111011111000011001000001100110111000010010111001
1001010111001101011111101110100000000101101000001111010100001010101111100000000010111010100010000000011011010000111011110101000000001000000001111110101100011011111101011101001010111011000000011010101100001111111111010011010110101000001110011001101110100001100011101110110101101
1100000001100000000000000111111111011111001111101010011111100000000110101111010111100011111111111111011011000110000001100111110111101011111011110000000111010011010000000101100000010001010101111111101111101011001101010111010100001111011011011101101011111100001110000010010100101
1111110111001010111111111101100011111011100101000000110010001110110010111100010100001011010001000000001011110011011011111100000100001110000011011111011101010110010111110000001101000100010101110100001010101011101000000110010001111000001001110000001011010110101111111010110101101
1001000110011111111111010101111000000001110101101110011011111011111000010111111111101010011101111011100000111111001111111001011111100111111011001110011000000110111111100101011101110110110111010111100000000000000010110011011100101111101011111110100011010111101001101010010101101
1101110011010000000000000000001101101101010101111010110010111001111111000011110000001111000000111111110101101010011101100011111000001101111011101011001111110000011000001111010001000011111110010011001011010101010111111001010001101010000011010111110110000101000011101000110101001
1001011001111111111111111011011111001000000000010000011000101100110111111000011111111101111110101110000111101010110000111001101111101100000001000000011110000111111011100111111101101011010011010110011011111101010011101101000111101011110111010101000111110001011011001011110001101
1100001011110000000000000011000011111101111111000111001110000110110000001110110111011000010110101011110011000000011101101111000001000111111101111110110011110100101110001101101111111110011010000111111110000001011110101101101111000010000101010101110100111100011110011011000111101
1111100000011111111101101001110110000111111111111111100011110100111011100110000100010011000010101011000111111111011001100111111101110010001000000000010110000101100111101000101010010111001011110010101110110101111000101000000101111011110101000001000001100001110100111001011100101
1010111011110110000111001111010111110000000001101101101111100110001110001111110111011011111010101011110010100000001101110001101000111011101110111110110011110000110010111110101011010011101010111000001010111111000010000011110101100010110101111101110100110100010110001101010110001
1000010001100111110111111110000010011101010100001000000110110000111111101100000011011110100000000000000110111111011000011011001110011010101010100000110111000111111010010000000000000110101000000010100011101011111111101110000000111010100001100000011101100111000011011000010011101
1111011100110101010100111011111010110111110110100011110100111110111010001111111011010100111101010110110010101101001111010001100000110000100011111110110101011101101011011111101101010000001111011111111001101010010100111111111101101010110111110111011001111111110110001101110110101
1101010001110101010101100000000000010110000111111111110101101010101011101001100000000110101111110110011000001000011010010111001110011110110110011100000000011100101010001110111111111111101011111101101011101011000001110000000000000000010010011110001100111000000010111100110010101
1001011101100100010100111111111111000111011101011100000001000000000010000011111101010000101010111111011111101111010011000001101000110100000011010101101111010110101010111000010010101001000001100001000011001000011011011111111111110111011000110011011101101111111010111001100110001
1100000101110001000001111010000001110101111000000001110100011101111011101110010111111110000000001101110111000111010110011111111110100001111010000111111100000000001000111111011000001101111101111101111011100010110001001011000000100100011011111010011000101011000010101101110110101
1110110101011111101101101000111101000001101111111011000111001111000000000011000110101000110111100001100001110101000011010110100000001011101011010111010111011101100011101100001111011000110001011001100010111110111101101011111110111111011001010011011110000001111000101100110110111
1011100000011110101000001111100001111011100110100001111110011000011111111011110100000011100110001011110100110101111011010010111111101111001011110101000011111111111001101111100000011110111100000011101000011111101101101010101000001001010011011000001100111011011110101001110000001
1001101101110010111111101011111101011001001110111011111011011111111101110010000001111011110011111011111110000000111011011010110100111101101010100001101110100110100011001011101101010100010111111010111111010011000001001010101011101100010110011111011111101011001010001101100111111
1101111100011000010110000000111101011101100100001111000000010100000000011011101111111110111111100001101000101010001001001010110101111000000000111011001000001100111011100010111111000001000111001000011000000110011101101010101110001111010011010100001011000011101011011100101111001
1001010101111101000111111110100000010000110111100110010111010101111111011011000110000000001010111101101111111111101101100010010101101101111110101001100011011110110000101000011010011011110001100010111111011111111000000010100011101011011001010110111001111010100000000110000001101
1100000000110111010010110000111111011110110100110011111100010111100111000001110111111110100000000000001011010101001001111011010101101101000000000011111011111000011110111111000000111110111101101111110100001101101111011000001110000000001101010010001100110000111111011111011111001
1110101010000011111010111110000000000000110001100110100111110110110100011011011101101110101111111111101000010101101101001010010101101111111110101001101000101111001000011001111011110000000001100101100111100101000111011011101100111111101101011011011110100110110001001100000101101
1011111111101110110000101011110110101010011100110110101100100000000001110001011000001011111110100110000011010101000001101011010100100111110011111101001101101001101111011011101111011010111011110001101100001101110101010010001101110000001000001010001100110111111101101111011101101
1001010110001110011110101010111100101111000001100010100110111011011011111101011111100000111010110111111111010101111101000010010110001101011011000001100000101101000000011010101000011111101010111101001111101101100001011010100111011111101111100011101001100001100100000101001100101
1100000011101011010100100000101101111111111101111000001100011001111111010000010110111011100000000101101100000000010000011010110111011001000001011100001110001101111111010000001111010011000000101000011000000000110101111110101110011011000001001110000011001111110111110101011001101
1111111000000001010110111010000111100010000000111101100110111111110101011111000110000010110111110000001111011111011111110000010010001101111011110111111110111101100001011010111100000110011110101111011101011110111101100111101011010001111101011011111001100111100110000001011101101
1000000010101101010100001111011110111011111110000111110000001101000000011000011100101010011111011111011011111000010111111111000110101001001010100000110000011001111100011011110111110111111100101010000101011000011000110011001011011101111000011000100011001101001100111101001101001
1110111111111000010110111101010100110000110000111111111111011001111111001111000101111011011000000000000001101101000000011000010010111101100000110110011111011100111111000001010101010011000110000011101111111101001110011011101011011100001110111110111001101101100110111000011001011
1111111110011101000000011000010110011110111110111101100000000011011001011000010111010001001111011111011101000111111111011111111000011001110110111111001100001101100111110111010000000111110111111001001010101111100110111010001000000101101100101010101101101100001111101111001101001
1000000011010101111110111111010111000110101010000101001111111011011101011111011110011100011001111010011001110110110100010110101111011011000100011011101111011000110001110010010110101101000100011100011010101010001110110011101111110111101001100000101001101001111001000100011001011
1111111010000001100000001100000001110110000000111101011000001011000000000010001100110111000011101000111101010100000001000010101101010001011111001010101001010010011011011000111111101101110001110111011000100000100000100110001010110110101011101110001101101011011101110101011011001
1111101011110111111110111001111100000110101010011001111111101001111110101000100110100011011001001110101000010110111111111010101000000111111011100000101100011111001010000011101001101101011101100110001110101011111110110010100000000000000000101111101000101010001101100111011001101
1000000001111100000000001111000101010011111111001101111110001011000111111101110000111011111101101111101111000111101110110000101111110111000010111110100111011101011011111001101011001101010000110111011010111111010100011011110101111111111101111011001101101011101001110010001101001
1011110100011111111111011001110111111011000011101101011000100001110101010001011110111010100001100001000101110101000000000110000000000001111000000000001100010000011010110011001001101001011110110101011010011000000001001011011111111111100000110001101000101011001011011010111000011
1111111111000011011000011011000010101011110110000000011111110111010100010111000000001010111101001101110000100000011010111111111110110111101111111111100111011111010000011001101011001100010100000000000011001101010111101011001100000000111101111011001110101011100010011010101111001
1000011111011010001111011001111000000010010011010101110111010101010111011111111111101010110101111101011110111011001111111101111011100110101010000000001100011010000101011011000011011111010001010111111011011111111100000011011111011010010000110011100000101010111010110010101001011
1111010100010000100000000011110010111011010111111100110100000000000001001101100000000000100000110000000000000011011000000000001011110110101011111110100110111011010111000001111000011000000101111101010011001010101111101110000110011011011110011010111110001010101000011000101100001
1101010111111111111111011001011111111000000010101001110111111110111101011100111011110110111101110110101101101111111111111111100000000010101010100011110110100001010100011101111011011111010111101101011011101010101000000011011100111111010110110010110011100010101011001101101001011
1000000110101111011111011101000000001011111010101101000100000000100000010101101111011110110001011111111101001101110101011110111101111010000000110110000000111011111111110100001111010101111110001000000001100000001010111000001111101110000000111000111000111000001111011001101011111
1011010000000000000000010001111010101110000000000001110001111010111111010101101101010000011101011000000001101000010001000000000001000011111101110011111110110000101000000001101000010000101011100010111011111111101111110011100111001011101010011110101011111111101101010011000000101
1011111011010110101010111101101111101111110111101100000101000011111000000001101001011110110000001111010101111111011101111110110101101001111100011010000000011101101111111100111111011010001011110110100010101011000110011111101101100011001111000110000010100000000101000111111011101
1010000011111100111111101001100101001011010110001110110101111110000010101101101100011000111110111111111111010100010100000111111101111101000110110011111110110101101101010110011010011111101010100111111000101001110011001110101000111010011111110100101110110111110101101111110000101
1011111010000001100101101100110101101011011110101000010101111111101111101000001111001110101010111000101011010111000111110000001111010001110000110110011000100101100100000010110011010101101010111100011110001011110111100000101011100011111010000001101100111101010000001011011011101
1111000010101011110000100110010001100000011100111110111111000010111100111101100001101000000000001110100010000011110001100101100110000100011110000111001110110000110111111010011011000101101000001111001111100011010110111110101010111011100011111011001110101101011110111011010011101
1110011011101111111110001111011101111111010111111000011100011000011001110111001101100011111101100110111011111010110100001111110111111101000000110101011000011110010011010000111001110000101111100010011010111011000000100000000000011010111011101111100110101001010100000001011010101
1000111111111101101011100100000101010100010101101111110111111111011100100111111100001010000001110010101011011000011111111011000000001001011010100000011111010111010110011110001100000110001010111011010000001011111110111111111111000010101010101000001110101100000110111111010010101
1110101000011000000000110111110000000001000001101110010010101000000110101101100111011111101111011000000011001111011010111001111010100011110010111011001101000101010110111111011111101100100000110001000101100001011000011010000000011000000010101111101000001111110110011010011000101
1111101111010011111110000101100111110101111101101011011000101111010000000000110000011000001111011011011001101100001000001100100010110110111110100011100001110001000110110010000011111001111110100100011101101100011110110011111111011110111000101100001111101010010010110000111110101
1001000110000111000111010000001100000111000000000001001110001101111101101010010111111111011000000011011100000001101111011110111110111100101111111110001101011101110010111000101110111101000000001110110000111110110010111000111001110111100010001101101100101011011000011011101100001
1100010000101101110001111101100110111100011111111101011111101000110001111111011111101011111111101001110111110101001101011000011111101110101000110111011000011101111000101111100110101111111101100110111101100100011010011101101100110101111111101001001110100011001101110011001111011
1001011111111000011101101111111111111110110000000000000000101110011111010110001000001001101110001011100000000111100101001110110011000000001101100011110011010100011011101001001110001010100111001111101111110110111011010101000110000000001000001111100010111000011101011001101000001
1101111111111111000001000110000001000100100110101111111110000011010111010011101111100011001000101110001011101110110101011100111011111110101101001010011111000110110001101100011010100000110011111000000110110000001010010101101111111111101110100001111000001110111001011011101101111
1001000000100001110100010000111100010001110100111100000010101000000100011011000001110111101111111110111110111100000101010110000010011011101101111010110100010000000111101111011011110110111001111111101110111101101011000101000110111011100000101011011011100000101101011011001101111
1101011010001100111110111110100001011011000110111001111000101011010111001011111101010001101101010011110100010111010001010111111011000011000001110000010111111111110010101001011001100111101100001010001010011111101011110101110010101010111101111000000011111010000000001001101100001
1001111111100110101000100000110101010011010110100011100010111111110101100000000000011011000101011001100001000111111100010101100001111011111101000101000001100000000110101101000011101101100111100011101010110110000000000101011010000010011111000011101010111111111101101100001101111
1111100001111100001111111010111111111001111111111010001110110110100000001011111111011011010001011101001101110000011111000000111101000000010000010111111100001101110000000001111010100100110000111000000000110111110111110000000011101000110111111110001010101101111111100111101100001
1110111100000111101011011111101010101011111100000010101000100010111101111110000000000011111101000001111111111110110000010110000000011011000110111100011111011111111111111100110000101101110111101111111110110101111101011101101010111010100101010110101110101000000110001101101101111
1000101111110000001010000101000000000001010111111111111101101000000001100111111101101001101000011101100011000000000111110100101110110011101111100111000000011010001101010110111110100101010001101110000110110101011000000001101000011110101101000010111000001111110011101101001100101
1110101010111111100011010000010110101101000000111101111001001101011100110000000001101100000011110000111001111101101100000110101000111110000011101101111101010000100000000000011010101101011011001011010000100000000010111111101101001100101101111011100011100010111000000001101001101
1110000000000010111000010101010100111001101110100000101111111001110001111101111011111110110111111010101011011100111101101111101110100011110110000001000001010101111111011101000000000101010011101011111110111111111111111110111111011110100101010001111110001010001111111101001100001
1000101011111000000010111101110110011011001000001110000010111111111011010001000010000000100110000010000000000001110001000110001111101111100111111100011101111111011101111101011101010000000110101010100000101100011101000000011010000110110100011101010011111010111110000000011001111
1110101110100010101010011101100100111111111111100111111010000011000011000111101111111110110111011110101111010101000101011100111001000110111101000001011001101010000000000001011111111111101110000010111110100111010101111110111000110000000101110000010110110000011011111111001100001
1000101000001010101010110000110111110100110101101100000011110110011011101100001000000000110100010000101000010101110111110111111101011100101001111011010011000011101011101101010010011100001100101000100000001100000000101100101111111111011100011111010100000111000000100111011001011
1011111110101111111011111011100111010001100000000111111011010111111110100111111111110101100101111111111111011111111110000011100000000110001101010001111111101000001011001001111000110111101110111110101111011111111110101110100111011100011001111010000110110011111110101100011011111
1111010000111101011011000000111101011100111101011110000000000000000000001100000000000101111111101111010111110000011100101000001101110111101000000101101101111101011001101011000010000000100111110100111101000011000010100110001100010111001100110011101100111110100000001111000000101
1000011101100000010001011101100000000001100111111000110110111101101011101111101010110100110000000000000000111111010001111111111111110000001101010101000001010001011111001001110111011110110101100001110001011111111010101100100001000101011001111001101110011100001110100000011111101
1101000001110101000101110111111111110100001110101111111111111001101010001011111010110101100111101111101010000001011111011001100010000111100001011101110100000101010000011011111101010000110000111100011101011000000000100111111111010000001011100011000010110101011000101101000110001
1111111011000111110101100010100001111111011000000001101100000011001111111000000010110101101111111101111110101100000010001011111000101111101011001101111111101101010101001110000000011010000111110101001000001111111110101101011011111010100000110111101010100001011111101001010010111
1010000011110110000101101010111100011000011111010100101111101111011001100010101011100100101000000000111100101001011000100000110010101000001111111111000000000111110111011111110110111111010000000001100010100110110000101100011010011111111101100101001111111101110011111111111010101
1000101110111111010100111000101111011111000101111110101010111001111100001111111010001111111111111110101001111111111010101010000110111010111101100110011101101100000100011000011111110101111011110101111111110110011110001111001010110101000000101101100101001111111000110100100000001
1101111100000101111111110010000000000100010000101100000000111100101111011101011111111100110000001100000011001111000011111111110010100010100001101100110001001111010101110011011011000000000010011111011101100000110111100011101010010000010110100101001101011011001110100110111011011
1111110111101100110000000111010111110001011010000001111110000001101010010000001101110110011111100001011000011001110111000000000110110111101100001111111111101011111111111110000001111110111111001010000000111101110100111010000011000101011110001101100101001010011000001110100011111
1010100100000110011011110110011100000101011011111011111100111100101011011101100000000000111000111011001111111100000100011011110111111101111111100111011010001000101010010100101100101111110011101000111010010001010101111011111001111111110000100101001101101010111111101100111000001
1000110001010011011110110011111111110101010011111111000110111101101001111111110101111010101101100011011111110111011111001111000011100000000000001100000011111110101011010111101001101011000110000010100011000101010101101000101011011100111111110001101100101010011001100110101011111
1101110111011000001100011110110111000101111010000101110000100001101100100110111111011110100000001011011000000000011011111000011000110111011111101111111001001110000000010101111101101011110111101010111011011100000000101110000000010110010101011011101110000000111100110010100001011
1000100011011111011001011100100101111111101111110101000111101100001101101100101010000110111111101001111010101110110001101111001010011101111111101010101101011000110111010101010001101010100010001111111111111001011110101011111110110011000000000010101011111110100110111000111011001
1010001111110101011101110110110100001011000000000101110110001111101101101110000010110000000000001011101010111111111101000011101111110000000000000000000101001101111111010001011100000010111000101001101110101101010000000010101000011001111111111010100001010100110010101101101001101
1011111110100000000000100000010111101001111111110001011111111000001101000111111011111101111010101010000010100000001000011000000011011110101111011111110101101111011000011101010111101000010010101100101000001111111110111000101101000011000101100000111011010110111000100101101011001
1011000000111101101110001111000001101011011011111100011010111111101101101101110011011111000010111011010110101010100010111110101110001111111011111100000000000011011111000000010110111111000111111110101111101010000000100010000111111001110101001010001011000110001110110000101001101
1111111110000001001000111000010100000011001000001111000000000000000000001101011011000111011011111011110110101010101110100100111011011001010001000001101011111000000011110101000010110101111101010100000000000000101010110111010010000011000001011110100001110111011010011110001011001
1101011011101011101110100010110111011001100010100000011111011110101101100000000000010000011010000010000110111111111000110001111010011100011101110111111110001111111010111111101000110000011000000001110101111111111010100110011000111011111101111000110100000100011010110011101001101
1000000000001010111110110110011111111100001010111101010001111010101000110110101010110101010011011011010110110101010010111011000011000001010000011111010111101111000000001010101110011111000010101101000111101101011111111111111111111001011000101101111111110110110010011001100011101
1011011111011110000010110100110001101110101011100001111101100000101101100100101010100111010110010010010100100000000111101111111001111111011111011000000100000001101011100000001111000000010111111111110110000101010100000001110111101100000010101101011100000000011011001100101000101
1111111000001111111011111110110100000000111011001011110000101010101101110110111010101111011100111010111101111111111101000000000011010110000000001111110001111101111110111110100011110101110101000000000111110000000111010100000000000001101110101111010111111101000001011001111110101
1000000011011010000011011010011111101010100010011110000110001010101000011110110010101100001111111111111111100010101000010101111011010011111101100000010101000000010100000000101110110111111101111111111100000101101111111111111110111101001100000011010000111001111101011011011010101
1101011001111011111010000011111010001011110111001111111111011111111011110000111110101110100011010101010110101000000010111111101000000111100001111110111111111101000001010111111100000100001101011101101001110111000100101011010000110001011111111011011110001101000000011011001010101
1111110011100000000000111001100011111111010001111010000000001101010011000101100000111010110110000101010100111111101111101010101111011110101111000000000111111001011011011111000111110110100000000000001111000011110110000000000101111011110001110001011111101111101101011011100010101
1010111110111011110101111100111011010100000101000010101101011000000111111111110110110000110111010000000110011000001000000000000001001010111011111111011101000011111110011101110101010111111110101110101100011110000111111011111111000011000100011101010000000010101001000010111010101
1000000000000011000101100110011001010111111111111000101001011010101100000000000100011111111101111101110000110011011111111111111101100000000000000000001001111110101111010000000001011101011111111111101111111111110101000011000010011110010101000000011101111010111111111010110000101
1011011010110111111111101111011101010111011010100010111111001110100111111111010110110000001101111111011110011110010100000000000000001110111101011110101100000000001011111111111100011100010000000000000000000000000000011001111000111111011111101101001111110000110100000010011101101
1010010011111110000000000100000000000101010010111010100000011111110110000000010100011111100001010110001000110111010001011011110101011000110001111000100101010110100010110101110001010111011111111011101011011101101111111111011111110011011100001111101011010110010111111000110001101
1111111010001011111111110111010101011101011000101110111011011011000011011111011110110000001100000000100010110100011011111110000111011010111111100010110001011111111010100000000101000101011001001111111110010000111111101110001101010111110111111000000000011111010110101110011101001
1111111110100000111000000111111101011000010010000100001111110011111111111011011011111111111111011111111110110111111110101111101100011010100000001010100101010011010000001111111111010000011101011110110111011010100000001000100000000101100101010010111111011000000100101011010101011
1010010111111110101101010000101111011111011111110111111110111000001001100011011000001110010111110000000000010011101100001001100111111010111111011111101111111001011101111000000000011011001001001010100011111111111110100010101111110001110000000111111000011111110110100000000000001
1011010011000000000111111010000110000100000101010011101010001111100011001001111110101011000001100101101111000110100111101100001100001111101000010101101100001100000101000011011011010001101101011000110110110101010111110111111000000100000101101101001111010100100100001010110110111
1000011010011111110010101111010000110111110101011010100011011101101001111011110111100001110101110111111111110110101100000001011111101110000011010000000111101111110111111111111111111111000000001010100000110000000011010101011101011111111111111000011101010110110001101110100100001
1111011011111011011010000001010101100000000000011010110110000001111101110001000001111100111100011100010000000000000111011111110000000011111011111111101111000000000110101111110101110011111111011110111110111101111000010100000001111010111011011111011000000000000100111111111101101
1000001010110001010000111101010101001011010101001010010111111101010001011101111011001101101101111111011110110101010001110110011111110110111110000011001000011111110000000011010101010110000000001100111000011001101111011110111111100000001011010100000010101110111111111011001000101
1101100010010100000101100000010111111111111111101011010101100101011011011101110001011000000000110100000000011111111100100000110100000010101111111010011111111111111111111000000000000000101110100110101101001011000000001011101000001011101010010001110111111011101010101011100010101
1111111011011111011111110101011100110000101111000001000000110000000001010101011100000010110110000111111111111010101110001010000111101000101010101011110100000000000000000010110110101011111000110000000001101110011011101011001101011010000011010111111100000001100000000000001011101
1110000000011111111010111101001110000110000100010100011010000111111100010100011101011111111111110000000010010010100000101011010001111110101010101011000111111101010101011010110111101111010011110111101011000100110010001011101101111111101010011110011111110100001110110101101000101
1100111111010101100000001111111011111111010001110110111111111111101111000110110111111101101101111011111011011000001110101110011101011000101000000001110101101111111101011010110100001000000110000100001111110001111111101010000111110101111010111011010110000101101000011101101110101
1001111111000000111111100000101000011111111011111100101100000000000101110110110110100000000000000010000000000011111111101100111100011110101111111011010000000010101001110010011110111110110110110111100110110101101100000011011111000000000000001010000000110111001011111101000010101
1111000000011010000000001110101111000110101011010001101001111101110000100010100000111111010101011010101111010110011011111111100001000000000011110000000101111010000011000111111010100000110011111111101100011111100110101000001101111101011110111000101111111111111111000001101110101
1010010110111111101111011000000000010000000010000101000011111111111110111010101111100011111111111111111000010011011010110101001011111101101000000111101111110000101011011101010011111101111111100000000111001010101100101111101101000001010000101101111101100000110000010101000010101
1011111111101100001000001110110111011010110111110101101010000111000000000000000101111010101000000001011111011110000010000101011010000001101101110111111010000101101001110000011011011101101010111010101111100010000001101110000101111111111010000111010101111110000101010111101111111
1001101000000001011111011111100100010010110100000111111111110101111011011101010000110010001111111100000001111100101000110000010011110101101001100100111010101111111011111101000001000001000010101011111000111011111011111000110000101010101111010010000000001111010111010011000000011
1011001111011111110111111000001110110110100110101111110101000000000011011111111010111011100011011111101111110111111010100111011110000101111100110110000000111011011111010111111101110101101000000011111110101011000001100011111010000000101000011000101110100000010111011001110101001
1001101111111110000000101111111111110011111111111101100000011111110110010010110010101010111000000010000101010000011111111111110111010101000111100011011010100000000000000000010000000111111111111110101010000000010101001110000011011110001111110010101111110101010100001101000111111
1011000000110000101110000000110101011111011011011001110101010000000111011000000110100000000011111011110101011111010100111000100001010111010000001111110011111101110110101101000101111100010111110110101011110101010111101111110111111111011100111010101011100111111111011101010110101
1010010110011110111111111110000000011001000000001101011111111011010100001101010100001011010110000001000000000110010001101110111100010111111011101001000110000001000100111111110101000001000000000000000000000101010100001000000100000000000110000010111000001110000000000101010000001
1000111110110011111000011000101111011101111111100100001000000011010110100111111111011011111111111100010101010111011100001100000001011101001111111101111111110111111110111011111101101011101010101101111010101101010101101010110110111111110000101111111111101011111011101111110111111
1110100000111011100011001111111110001000000111110001101111110111111111111100000011110010001101100001111111010000000001101001101101110001101110110100000001111110111111100001011111101110111011101001000010101101010111001111100100100000000101111101001110000001111110000110110000001
1111111110101010111111101101011011100011010000000101001011111110001011100111101001111111100000001111101011111010111011000011001001100100000000000001111011011000000101001100000010111110000001111101101010101001010100011100111111111110101111010001101011010111000000111100000101111
1001011000001010110110101000000000001010011010110111100000011011101010110101111101001101001110101000000000000011110011110111011100110111101101110101000000001111110101100111111000000000101011000001001011111101011111110101100000010000101100000100000000010001011010000111010100001
1100001111101010000000000010101010101111111110011110111111010011000000000000000000011101111111101110101011010111100110000110000110110100001101000101111111100000010000111100000011011110111111111111101001001101010000000000001111000110101110101111011101110101011111011100011101101
1001100000000000111010101010111110111000000000111100011111011011111111011010111011001000011001111000101111111110001111010011111111111101101101101101000000001011000110010110101011110000110001010111001101011001110110110101101000010100101000111011110001100111010000001101001100101
1111110110111010110010101010110000001111101110110101000000000001111100010011111111101011011011010010111101000000100101111110000101101001111001101001110111011111101110110011111001111111111100000101111101000011110010100111001010110101111111111010000111110011011101101101100110111
1000000100111111111010101010111010100110001100110111110110111100000001011010000000000011010011011110100000010101101101110000110000000011011111111101110111111110101000100110011111010001011110110000010111111010010111111111111111110100110100001011110011000111010000100100110110011
1110101110101101000011101010100010110011011110100010111111110001111111111011011110101010010110000000101011010100111101011110111010101010000111010111000100101010111110110011000111011101010111111111000010001111011101011101011101011111100111101010000110010001111010110101111111001
1011111010100100011011001010101010111111110110111000101011100111100011101111110000101011000000101010101010011110110000001111100010101110101100000000010110000000110100000111110000011000000101011111111011101100011100000001001000001010110110000011110011011011100010110101100000011
1001100011110101111001011010111111100010110100111110101010111100001001000101100110101001101110111010111111001100011010100011001010111000100111111111111111011110000001010011010111000010110000000000000000101111000111111101101111100000000111101000000110001110111010011111001010111
1011101000000001000011011011111101111010000001100000000000011110101100010000001110101111111000110010111000011110111110101000011111111101110100000000000000011111011101111000000100010111110110110101011010000010010000001001101100001010110000001111010110101100000010111011101010001
1010111111110101011001110011101000000011110111111011110101000000111111011010101000101100000010111010100011001011110110111010110000001111100001010101010110110000010001000011011111111101011110100101111110101000111110101101000111011011100101111000010110101101101010100010101111101
1010110100100101111101000110001111111011011111000010000101111110110111111110101010111111111010011010101011011000000000100010100110100110111111111111111100011111011011111111111110001100000000111111000000101101100000100000011111111111111101111110110011101001101010101000000011001
1010100110101111110001010011101011100000000000011011110101111111100000000000101011110101000010110010111111111111111010110111110100110000101010101010101111011111011111110000000100100111101010100011101011101100111011110101001100110110111101001000111001101100111111111110101001101
1000110110000011011111111111000010101010111111001111000111000000001111010110101010000000010110100110110101001110000010111101010101111010000000000010000000010001110101000110110001110000001010101000001010001111101111010111100101100100000001100010001011001110000110000100101011111
1110000000101110000000101101111000001011110110011100010001101111111100011100111111101111111111110100100001101011110110100000000111101111111010111000101101111100110000010100011011011101011110101101101111101000000001000110110101110110101011110111011111011000110011110001101000001
1111110101100011010110000000000010101110000000111001011011111101000001111110010110111111111111111110110100000010000110110101101100000000000010100010111111101110011110110101111111010001000111111111001100001111101101101100010000000000111010000110000110001110110110000100111010101
1000000100110110010011011010101111111111111111101101111110110101101101110111110100010000010110101100100111101000101100100111111110111110101011110110110100001011010000011111010101011111011101010111111110100111001000001001000110101110100011110011010011011110010011101101100010101
1010110101100111110110010010101000000001011111000111101110000001111111000000000001000101000000000001101100001101100111111111000000100000101111010110100111101010000111111010000000000000011000000101100000110100011111111101110100101000101111000110010111111010110110000111110110101
1010110100110100000011011011111111111101000000010011000011111100010000011101111101101111111101011011111110100101001100000001110111111101101000000111110011001011111100010000111111111101111111010000001010110110110111000001000110101010101101010011010010100000010100110000010011101
1010110101100101110111111111010000011101111110111000011000011111000101001101100001101100000001010011000000101101101111111101011110011001001110101101011001100000000001000110100000000000110011111101101010011100100000010101010100101110111100010110010110001101111110110101110111111
1010110111111111000010100000011101010001111000111101011011000000010101101001001101101101010101111011101101101000111000001101011011001111111011111000011100001011111011010011101010101011111010110001101011111110110101010111110110101100110001010010110110100111101010110101100000001
1010110011011100011010001101001111000101000010010111011011110101110100111011111001001001110111000000111001111111100010100000000000011010110001011111010001101010000011011111111111101011010000000100101111010111111111111110111110100110100111011010011111101100000000110100110111111
1010011110000001001110111001100110010100010110110000011010000101100101110010100011101111110111010101111111000000001111111101010111000000000100000000000100111011011111111110110100001010011011101101111001000100011111111100001000111100110100001110111101000111110110110101100000001
1010111111110101101100100011110000110101010100010111010011011100110101011110001010101000000001111111101111010111111101100001011100010101110101011010110110111010001110110010000001111111011110000111001101110111010101010111100010110001100101011000110000010100000110110101110111111
1111100010110100111110111110111111111101011101110111111111111101100101000000101010001011010100101100000001110110000000001011111111010111100111111111111111101011111010011000111011110100000000110010011001010111000000000000001010011111001111111110011010110111101100010101000000001
1101001000000110110000110000100000000001010000111101101101100001101111101111111111111010010101100111101100000111110111011111000000010100001110110111101101101110101011011110110010000001101011111000111100000101110101111010101111010000011111000000110010110000101110111101110110111
1000011010101100111101111110111101010101011011101000000101001011111010111101010110110011010101110110111111010100000110010101111110111111011000000010000000000110001000000000011011010101101011000010100110110000000101111010101001111011110101110101111011100101111000101111000111111
1010111110100110101111101000101111111111111111000010110000011011010000000000000000000110011111010000111010010101010111110000011011101101111111111011111110110100100011101010111010010111111111101110110111110101011101000011101100011111100000000101100000110100011010100000010000001
1110011000110100100110101110101010101011001100010110100101010001011111101010101010101111011010000110100000111111111101111111010011101000110100000001110110100001110110001110110010110100110100001110110101010101010001011001101110110110111101101111001011111110110011101011011010111
1000111010100101110110000100000000000001101001111100110101011101000000111110101011100101110000110100001101101100000000001001011010101110110001111101010000110101000011011000011011111110010111100010100000000101111101010011101000000000111001001010011000011000011011001010011010011
1101110011110111000000110001101111101100000011001001111101011001011010000100101110001100111011111110100111100111111111101100010000000000000111111100000101100101110110001010111110000011000000001111111111101101100001111010111111111110100011100010111101111101011001101111010011001
1000011111010100010111111011111000001111111111100011011001110011111011110110111111011110000001101011111110110110101100001111000111111010101110000001110100110101100110111011101111111000010101101101011111001111110101100000110000000000001000110110010100010101001101001001110111101
1101011000000101111100011111011111111000000000001011001100011110100011000000110001110111010101000011011010110000000111101011110110000010111011101111111111100100110110001111101000000011010101001000000000011011011111110111111111011110101010110100110001110001011001111100000011001
1001011101111111101111001110000000000011111101101001100001111100001001110110100100110101110111111010000000000101010000000000000100101111100001111000001001110111111100101000101111111111110111111111101010110000000000000110010100010000101110100110011100011101001101000001011001101
1011110111111011000001100010111111111110101111001011001011000001101011000111111110010000100010100011101101010111111111011111110101101001111101011110101011011110101001111110000000000000100110000000001110110101011101110111010110111101101100101100110001001101011101110101011100101
1010110011000000010100111000111011011000000111111011101001111101101011111101101111011110001110111001101001111100000001110110000101001100110000000000100000011000000011110111110111111110001100101010101100110101111111000100000000100001101101100110011101111001010101111101001101101
1000011000011101010110000011100010001111010001100000111111000001101110000000000100010100111010111100001011111111111100100000110101011110000110110111111101000010101010100000000011000000101101111111101101111111100100010111110101101100100101001110110000001101110001000001011001001
1010111101011001111111111111111000100000010100001011110111110100111111111111110101010001111010100001011011010111010110111101100101000111110100110111010001110110101000111110101010011101100111110000001101011100110001010100000101101110101101011000010101100101000101111011111101101
1011101101011101101101100000000010110101010110101011000000000111111000000111000001000111000000001011110010000101010100000000110101111100000110111100000101100111101101100000101110110000111110100111011111000110111101011101110111111010111001111110110100110101101111000000011001101
1110000001010001000000001110110111111111011110101001101011110100001111010000010101101100010110101110100111010000000001111010010101100001101111101111101101110000101000111011101100100101100000111110011000010000000001011001000001010000011011000000110101100101111100010110111101001
1111111101110101101111111000100100010000010000101011101111111111101000011011111111100111111111111110111101111010101101000011011111001011111000000101001111010101111101111010001001110100111010000000111110111010101011111111110111011010111001101101100100111111000001010110110001101
1000000001100101111010000010110111000101110110111011001000001101100010111111101011001100000000000000101100101111111111101011110000011111111110110001011000000111000111001111101100111101100011110110100000110010101001110111000110000010001101101001110110000110011111010110110101001
1101101011111111000000111111111111101101000100110011111110100000001110100000000000011110111011111010000110001110000000001110111101110101101111111100001101110010011111101101111111101111101011111110111111110111111111000001110011011011011001001100010110101111010000010110011111101
1001001011011011101010100101100000001101010110111110000000111110101000101101110111000011111110000011110011101011101111111110010111100000001000000001011001000110110101101100110100000011001110000000111100011111110101111101100111011001001111011110111110101100011110110100110000001
1101011110010010111111110101001011101101011110101111111101100000101110100111000110011010000000101011000110000011111000111011000011001011100011111101111101010000110000101001100001101001011110101010100111000110100000110101001100011011101100010110000011101101011000010110111110101
1001111111011010110000000100011111101101110000100000011111111101101111111100010111011111111110101111110111111010001110001011011000011011110110000000110001011101111110101101001111111100011010111111110111101100001010000000011111011011000111010000101011001111011101011110011000101
1101001010000010111111110001111000001111100110101011000010111101101001010110110101110110000111101000000101000010111000100011111111010000011111111010110111011001100000000000011111010111110000110000000000000001011010111110111111011011010100010101101011100110010001110000111101101
1001100011111000010110000111101101100110001100101011101000000001001100010100100100000011110101111111010000011000000010111010110000010111111010101010011100011100111111111010110001010110000110111110110111110101011110100000101100011011110101010101101110110011010100011101110101101
1111111010101011010000111111000111111111100110101110111101010111011111000001101110111000000000110110010101111101111111100000000101011110110000001011000110110001100000000010110101000000101110100111100110000111110111111010001110111000011101011101100110000110010110110001100000111
1011000000001111011010100000011110000101111111111110000001111110011010011011111100111110101010000011111111100111101101001101110111011000000111100001010011110101111101101011110100010101101000110000001100110110000001011011101000001101111001000100110010110011011111111011111010001
1001110111101000001010101101000000110000011101011011111100011011111011111010110111101010111111111000101010110110001000011101110001111111111111110111010110000101000001001010010110111111111110110110100111100100110100000011001110100100001111010101111010100110011001011110000011101
1100011101101111101111111001101101111101000000000000000001110000000000101110100000000010100000101110000000000011100011110111000111111110000000000001010110101101101011111111000100110011010100110100110111110110011101110111101110101101100001110100011011110110111100010100111011001
1111011000000110101101010011000111000001101101111111111101000110101010000110001111110111111110000000111111111000111010000011010111011011111111101111010110100111001110000101101101111000000001111111111100000011110001100011001000111000110100110101110011010011110111010001100001101
1100000011110000001101000111101100011111101101000000000101010011111111110100111100000101101011111111101011001110100010101000011100000000001000000001011111111111111111110001001000101111111011100111001001101011000101110111101110001101100110010101000110011011000000000101101011001
1001101010011010101000011101111111110111001101101011110111011111011101100001100111110000000011001101000000011000001011111111111111011110100011010101011001110101011010000100011010101110101110101101100011001010010111000110001100111101101111011111101111000001111101101111101111101
1011001011001111100010111001000010000000011001111111000011111101001000001111110101100101011011100000011101000011011011000000000110011000101010010111011100100000000011111110110010100000000000100000001011111111110100010011011110000100101100001010001100011011000001100110000001101
1111101011100101110110001100011000101010111011010101111001110101100011101000000100001101111010111110111111010111011001111010110011011101101111010110010110110110111000000000111011111110111010001101101001010101000110111001110000111111111001100010100111010001101011110011101011101
1101111110110000000110100111111110111010100011000000011011010000111000111101110001101101100000010000100000010110010011000011111000010001101000011111110000000100110010111111101111100000110011111001001011000000010100100011111101111011011101001111110100011011001110000110001011001
1000010110100101010011101101100000110011110111110111000000011110001011110111111111101100111101000111111011010111011001101010000010111011111111000101111101110111100111111111101110111110111111111011111011101011111101110111010100000000001111100000010101010001100011101111101111101
1111000000001111110111111000111110100110011110011111111011000000100010000111000000001111110001101100011111110011011111111011111111101111000000011100000001000100001100000000000000110110011100000010000010111111101101100100000001101010100110001011010101111011001010000001100011001
1000011111011000000100000010011011101111011011010000000001101010101111101101110110111011011011001001000000000111110101011110111101100001111011001101011011110101111111101011111101100000110001101011011110110100000000110110110100101010101111101111111111110011101111010100110110011
1111110111111111101111111111000001111101000000000101111011111111111100000000000110100001010001111111101111111100100001001100000000001100000011011001010001100101000000001011111000001110111101101111111000000101111101111111110101101010100011000110100111011001101101011111100011011
1011100000110101000110000000010100000001101010101101000010110101010111101011111110110101000111011010001111101110111100011111101111011111010111011011111011110101110101011010000011101110100001101100110010110111100001100000000111101010101011101100001100000011001100000000110110001
1010110110100001101110101011010111111100001111111111101110100000000011101111101011111101101100010011101000000100000001000101111111111000010100001111000011000101000111110011111011000011111100100110100110100010001101111111110000101110101001100110100001011011011001010101100110101
1010000110001100000011111110011111011111111111011111111000101011011010001100101001100000111111011000001101010001010111010001010000000011010110100001111011101111101110111111111010011011111101101100001111101000101101000001000111100011101100110110101011110011111101011111110110101
1011011111011110111001010000110000000011011010001101011110111111110000100110000011111110110111001101111111110101010100010100000111111011011100101011100001101011111000000000000010111110100000111101011001111101101101101100010000101010000110110110101110111000000111000001100100101
1000001100011000110011000101111101010110000000100000000000001101111110101111111001100000000101100001000000000101011101111101110111101001111110101110001011001001000010101111010111101100111010010111111100110101101000111001011010101111101111110100111100000011111100011011110101101
1101101001011111110111101101011111110100101011110110111110111000000000111101000011111101110000001011111011110101011111000001100100000011110000111100101010011101111111111111111101000110100011110010101110000000111101110011011011100110000000010101110111011000001101011000110101101
1000111111010110000011001001000011100001111111000111111000000010101110111001111000000001100101011010000010000111110111111101110110101011000110110001111111110101010110000000110000010000001111110110000000111101100001000110011000110111101010111111000000001101011111001010100100101
1101110111110010111001101101011001001111010101101100000011111111111111101101101111011100110101010011101011010110000000000000011111101011101100011111010101110100000011111010000110110110111110000000111110110000111011010011001101110011001110001100011101011001011000011110110110111
1001100001111011100011111111001100011000000000111001010111011101100000001001000000000110110101111111001110010110101111111101011000001010000110111110000000000001111011111110110110110100100000101111111000011101110011111001011000010110011111111111111001011011001111000011100110001
1011111100000001111111000111111110111101111101100011011100000000111111101100010101101100011111000110011111111111101000000101111010101111101100110000111111111101000000000000100100011110101011101110001101110000011001101011001110110011000000011111101101010011011101011000110011011
1010111111111101010100011101000000100111011000111111110001111010000011000111011101001111111111110000110010111011101110110001110011101000000110011010100000000111111111010111110101111011101111001000100001111011001011000001011000111001110101001100000001110111110000011111111110011
1010000011110000010111000101111110110010000010101110110101000011111010010000000111101000010100011101111000010000111000111100011001111101010100110011101111110110000000010100000101100000001000011010110111000011011111111011011110001011100101011101011101100110000111000001000111001
1010111000000111010101110101101110111000111011101000111111111111110000110101101110111111010111000001101111000110000011101001001100110111011111111111111011000011101110111110101100111111011011011011110001111011010110000011000011011010001111000101001111110011111110010100011100011
1010100010101100000000000101100011101110100001101010001011011110011110111101111100000000000000010111000000010011111010000011100101100000011111000000010001101000001000110000101110100000001111001111100111100011010011110111110110011011011111011101011000111110000000110101000101001
1010101110101111010101010001111001000111110100101111011000010011000000011000110001101110101110110110011111010111100011011001101111001011110101111111011100001101011010011110101000111101011100011000001100111011011011010100110111110010001100000101111110100000111101100111101101101
1011111000111010010111111011001101101101000110101101001111011000011110110011111011111000111000110011111110011110001010010011001100011011000000000000000001101001111110110000111101100001010111001111011110000011010000000001110000011011011001010101100000001010100000110010101101001
1011000010100011011111000001100000101100010100101101011101011111110000011010011111111101111110011010000000110000101110111001101101010001101011101101011100101101110100011101111000110111010000011000001010111001010111010101100101010011011111011101001110101011111010111000100111101
1111101111111000011101111101111110000111111110000001001000000100000101111011000101101101001000110010110101111010111000100011100111011011001111101101110101101101000001111001100011111110011111001111011000110011111111010101101111111010000001001111101000101111000011100011110100001
1110111111011110110101010000101011110101101010101101100011010001011101000010010101000111101110010111111111101010100010101000101100001111111000000111100000111111101100110011111110100000110000011000011010100110101100010100100000001111010101011000001110101100011000111000111111101
1010111010010011100101011110000000000000100010101000001010010101010001010111110101110110000000111110000000000010101011101010111101111000111111011110111010110111111001111011000000111110111110110010110011110100000001010101111111011111110111001101011111111111011010110010001100001
1000100011011011110000001010111101011010001000111110101111010101111011111100000000000000111110011011111101101010101011001010110001100010000000011100000010100101000011000001101010000000011110110110010110000101011011011100000011000011000011111001011000000000011011100110100110101
1110111010000000000111100000011111110011101010100000100110011111000011000001110101101011100000110000000000111010101111101011100101001111010111010001101011110001111001111100101010111110110000011111010100110101111010001101010110011111111000110011111101010111001000110010101100111
1100010000111111010100001110110010000110001111110110110100111011111011110111100101111111110101111011010101100010111100001000110111111111111110011101001011011100000011000001111110100000100110110011011110110101000010101101010111000110000010011010000001010011101101110111100110011
1001000111101111111111101000011000110011111100000011110110100000000010011100001111000000000111000010011101001111100001101101100110000010101011110001101110001110101010010100110011111111111111111000001100110111111010111101110011011111110111011010110101111010001000010110001111001
1011110100000000110011111011110010011110000001010111000110110101101010110001111110011101010011101011011101011000001011101100111111111010000010100111001100100000101111011111100111011111011101101110100110111100000010000111000110001100000011111111111111100011101011010010100011011
1010000111011110011010011111111011011111101011111100010110100101001110011111110100111001011000101110010001001101101110000110110000000011101000101100011001111010101000010010110000000000000000000000110110100001111010110001101100101111101000001110001110110110001011011010110110001
1111111111111111011011010100000010010000001110000001010011111101011111001010010101100011110010101000111011011001101000101111111101011000001010001101111101000011101110111000000110110111110111010110010110111101100010010111000110101011101101111011100100000110101011011010100110111
1000001100000000000011000110110111111110101000110101111110011111010001100011010001111010000110111110101010011111101110101101101111111101011011111111000001101011001000011011101100100110000110010011011111100001101010110001101111111010000100101010110001101100111001011010110110001
1111100001101111011000010000100101101000101011111111110011000000010100001000000100011111110111110000100011000110000110101100000110101111001111111111111111111001101101111110001001110100101111010111111011101011111010011011000011010000110111100000000101000110110011001011100011101
1000001101111000011101011011110100000010111010011000011011110101011110101101101110110000000101100110110111101111010100111111110100000000011000001101000000110011101101100000101011000111100101110110100000001011010011001001010110000101110001101111010101010110100110011000110110001
1111101111010010110001011011011111110110110011011111000010111111111000101001001011111110101100110010100101100011010110010111110111111011011110101101111110111000111111111110101001111100001101100110001101011010000111101101110111011101011101111100010101010110110011001101110111011
1101111000000111111011010010001100000110011010000000011000101010101111111101101000000000111110000110101100001111010110110100000000000010010111100000111110000010100000000000111101110001011000001100100111001110110000101100110100001101011000110001110101010100011011011100010001011
1000111111110011101110011011100001101110110011010110110010000000000000010001101110110110011011110110101001011000010110110001010110101111110000001010000000101010101011111011110111000101110010100110101110011000100110101101110101011000001110111011110101010111011011010001110111001
1110100011011110100000111111001101000010011011111110011011111101101101011111101100011100110001000110101111001110111100100101010100101001111111011110111011101010101110000011010010011111000110101110101011001111110010101100011101001101011000100000010111111111011001010100110011011
1000111000000000001010110000011111011111111110000000110011111111111111000000001111010001100100011110101000011000110001101101110110111100010111110100100000101011111000110110011011001100010100101000111001100110000111101101011111011001011010101011010000101100001101111101111001001
1110000010111010101010011010111000011101001111111110011110000110111011110101011010011100110101000011111110111010111111111111100110100001000100000001101010101111010011111111000001011110110110101110001100001111010100101001010110001011011111101011010110100001011101100000101011011
1000110111100010101011001110110010110101011010000000110100110110100000000101010000111110110101110110000000001111101111010110001100111111110001101011001010111110000111011011010100001010110100111000111001011000010001111101010000101111110000001011010011110101010100110101101111111
1010100100001010101001011111100110100000000011101111100001100000001010110101110101100000100101100100111110111110000000010111101110110000111101101111101011100011110100000000010101011000111110011101111011111111011101011001111011100011000111111011010111100101000111111100000101101
1010110111111111111011010000001100111101011001111100001101110110101010110101111101111101110111001110110000000010101011000011001000011110000001111101001010001001111101101010111111011010101100110000001111000011011100011101000000110111010101100001110110110101101111000001110000101
1111111111110101010001111101011001111001011101010111111001000010111010100111000001010000111111011000111011011111111111111001111111011111010101000000011111011100000001101011101000011110100001111101111101111000000101001111110110100001011100001011000100000111100001101100011011101
1111101000000100000111101001001101100011010000000110111011010111100010110001101101000101101000010010101011011101010110100011110110010001111111111111011001110111011100111111000011110100110100011000010101011101011101100011000111110111111001011001010101010100001101101001110000001
1010101101110001010110000011011101101011111110110110001011110011001010011011001101111111000011011011100011110101000000001000010100110100001010110000001100000011111001100101111010000001111101001110110000000001000111001010010001100001100011001011010101111111100111111100011101101
1000000001000111110011101111110111111110101111100000100001110110011010111110011111000000010111110011110110000000010111111101000001111111100000000110111110111000101011110001111111110101100001111100010111101011101100011010111011110111111011011001010101000000001111110101011001111
1101101011110100000110001000000011000000000001001110110100010011001110110000110000010101010011000110000111111111011100000001111111100111111111010100110011111110101111011100000000000111001100110001011110001001100111011010101001100111000001010011010101011010101001100001011100001
1001111111000101010110101010111001111111110100011000011101111111101000111110111011010101110110010111101100000000000111101011000000001100000000010110011000001000000101011001011111010111111001111101010000101100110001010010100011110001111011011001111101111010100011001101110001111
1111000000010101010110101111111011100100111111111110110000000110111110100000001111110101100110110100000111101011111111001011111111011001011010110010110011100011010000010011010000010000110011011101011010111101111011011011110111000101110001001100011111000010101111101000110100001
1000011111011101110100111110001010110110101011000100011010111110110111110101111101000101110110110110101100001011000101011110111000001111111110110111111110001010010101000111111010110101111011000101111011110000011111011010000101101101000101011110110111111011101110001010011101011
1111011000001100011111100000100000000000000000010001111011110000000000000111110100011111000110110100111111111011110001111000001101101100110100100011010111101111011111010101110010011101111010010000001111100101110101110011110001100111010101010000110000000001100010101110110001001
1101111111011111111011111101101110101011111010111101100011100110111101010100000001000011010010010110110000000010000100101111100001001110110111111110000101001111111100010100000110110000110011111101101000001100000000011111100101101100010101011010110111101011001011101000011101111
1000101000000111100000100111001100101111111110100001101000110100100001111111101011011001110111010100100111011011110110000110111111100000000111011011110000011010110001111101101100011101111110000000101101100110101011000000111101111001010101001111111110001011101111001110110000001
1010000010101100001110110110011001111100000000110101001101111111111111100000001010011011000001011101110111111011000011110000101111111011010000000011000111011000000101000001001110110001010111111011111101001100101001101110011001010011010111011001011000111001100001011000010101111
1011110110111001111110000000111111110111111110111101101000011011100000001111101011011001110101010001100100000011111110000110000001000001110110101000010110010011111101101011111010110101000101111011100001100101101111000010110011000110010011001100010010110011001011111010110100111
1111111100111111010000101111110110100000000000100000101011110000111011101000001011001111100101111100111111111010000000101110111100011101100100111011010011111010000001001110000000110111110000000000110101001101100101101111110110010010110110011101000110100111101110100010010110001
1110000001101011011111111000000000001111110101110110111110000110101111111101111011011000001100101001111101011111111011111010110001001111110110100011011011101111110101111111111101110110000111010101111111100100110000100001011100110110100110110001010100101111000110001110111111011
1000111101000000000001010010101111011111100101100100110000111110001110110111000011011011101110100011100000000110000010000000011101111010100010110110001010000101110111000000000001100011010110010101100010001111111011111011000110011110110110110101010110111010010111101100001011001
1010100001010101101100000110101000010000001100110110110110110000100000000000011001011011000010101011001101010000101010101010110001000000001010100011011011010000000001101010110101001011010011010100101000100001100000110000010011000010100110100101010100011000110000101001011000011
1111111111111111111111111111111111111111111111111111111111111111111111111111111111111111111111111111111111111111111111111111111111111111111111111111111111111111111111111111111111111111111111111111111111111111111113111111111111111111111111111111111111111111111111111111111111111
