1111111111111111111111111111111111111111111111111111111111111111111111111111111111111111111111111111111111111111111111111111111111111111111111111111111111111111111111111111111111111111111111111111111111111111111111111111111111111111111111111111111111111111111111111111111111111111111
1000000000000100000110010011000101000110110100101100100011010101001010101010110100101100101100100101000110100001100001100110011011011010010101000001100101010010011010110000000011010101010101001101010101010110001101010101000110010101010011011110110110100110010101100000000000001101011
1111101111101101111111011001110101011110110110001110111000000001100000000010100110100110101001101101101110110111111101101100111011011000110001101100110001011000110000011011111111010100000101011000000001000011011101010101010100110101011010001100110100001100110000101111111111111000001
1000001000000000110101001100110100011100000110111010101011111100110101111000110000110110001101101101100010100110110101000110010000001101100111000111111101011110100111110000000101010101111100001101010111011110000000010101011101100001000000111110100001011110011110000111101001010010101
1111101011011011110101100001110001110111011100011010101001010111111111011110011110110110111001100100110110101110100000011111010111011101110001110011010100010110110110110111111100000000110110111101111110001000101111110001001101111101011101100110101111111111001010101100101011010111101
1000111110011011000000111100011011000011000111010010001011010011001010010111011000110010000011110001100110000000111011011001000011111000110111011001010111000110100000010000001101111110000100000000011011011011111010110111011101011000000111110110100000101100011010111110101001010001101
1101110000111111111110110110110001101111011111011010100001010111101011010101001110010110111110000100110111010111101111001100011110101101110101011011010101101110110110110111111001000011011101110111110010001001010010110000011001011101010111000010001111101111000000001100101011010111101
1001011110111110000000000010000101101010001101011011111101000011001000000101101011000110001011010111110001110001100101011101110110101101010101011001010101001010110110100000110011011111110000111111011010111011011000000111111011001101111101111010111001000110011110111101101011000110111
1011011000011011111111111010110111001011011100011001101101011001101111110001100010011111011001110010011011100101110000000101100010101000010101010011010001100000000011101110011011000001111011100101011000011001001011011100101001101000011000011010001011011110110111110101101001011100001
1010001110110001010011010000111111100011010101001011001001011111000110100101101000110110001011111000110010101111000110110000110110000011110000010110010111111110111111000011110011011111011000101101001101110011011011011001100011101101110011111010100000001100100101010101001011011001111
1010111010111011011000011011101100101000010111101001101011000110011100110111111110000110111011011101111000101001111111111010110100111000011111000011000011011000110100011111011000001100000011101101011100011000001001111101001110101000011011010000111011111110001101010001011011001011011
1000010000011001011011001000000101111101110010101011000000011100110110100011011011101110011001010000101101100011000001010011100001111111111011101111110111001110100101111100000011100101111110000101010101111011100011001000011110000011110011010111111111001100101000010111011001101010001
1111011110111100011111101011111100110001010110000011110111000110100110101111010010000011001100011011101000001010011101011000111100101111001010001010100110011010101101010101110111111100000000111101010100101011111111100011000011110110011001010110101101100101111111010101000011100000101
1000011000110101110110101010111001111101010011111001100011111100110100001101011011101111100101110000101101111111110000000011110101101001100010100010101110110000001000000001111110110101110101100001000101100000011011111011111110010111011101000000000000110101011011000101011110001111111
1111010010110001100110001010101101100000000110101011001110110110110101101000011011001011001100000101101000010110110110111010010101100011111010111000000100011010111011111101011010100000011111111101110100001110110001101001110011000001001100010111110111100001011011110000011110111111011
1000011011111101110011101010000000110101010100000011101010110110100000111110110001100011101101111111101101110110111111110000110100110110110011111101111101111110111000011100001000001111111010101101100101100011100111001011010111101111011001011100010110111100001010100111000010001000001
1111001001101000000110100000101111111111011111110110000000110110111110010100111100101001000100000010101100110010011011011110110001100100111011000001001101001100101011110111011011111000110010101000110101101111001101101000000101001101011011000110111110101101111010101111111110111011111
1101101011101111011100111011111001101100001101000011011011100100011100110110011001111101011101101010000110011011000011010110100111110001101001110100011101011110000000000001110001001011111000001110110000111101101100101011111101011101010001011110101100101101011000100000111010000000001
1000101010100110010110101001010011000111101001110111011111001101110110110110110011010100000000111111101100111011111011010100101110010100101100111101110000000111101111111011100111011001101110111000110110010100000110100010011000010000011011110100000110101100001011101111100000111101101
1110101010001110110110001100000110011100101011000101010110011000100110000100010111000110111111100101001001101010110000000110100011000111101001101001111110111101000000011110110011001011000110101101100010110101111100101110111101110111111000110001111110101101111001100011111011101111111
1000000011101100110111101001111111010110001001110101010010110011101111010001110101110110001100110101101101100000011011110110101111010011000011101011001110001101101110110110110110011011110010101000110111110000010110100000011000100110110011111100001010000100111011001110110000000001011
1111111001100110110010101101000011000011101101100101010110111000101011111100010101100110111110000101000000001111111111000000000110011110010110000001100000111001001011110110110010111001010110101011100011011011110010110111111101101110011000101001111011101101101011011000100101110101001
1010110011101100100110001100011111011110101101110101000000011011101010100101110101001100010111011101111101011101000101111110110110110011011111110111111101101101011001100100000110001100000110000010101111001000000110010110110000101011001011100011110011001001000001001110101111111111011
1010100111001110001111011001110100011010000000110001011111110000101010110101010101100110110101001101000101010101110100011100011110011000001100010001010100101001011011110101111100111001010110111000000101101011101111010010011101101011011010101111011001101101010111011010101011000011001
1010001101011000111000001100110111001011111110011101001111010111101010100001010100110000000000011001110111010101010101110110110000110011111111011011000101101100000001100000000110110011011100001110111101101010111100010110110100101010000000100001011011000100010111011010100000011111011
1011101101001101111111100110010101011011001100110100011000000101100010111100000110100101101011000011100110000101010101100110011110111001101101010001110101001101110101101111111110110111111001111111111101001010010110110010000110000010111010001111011010010101110100010000001101000110001
1000000100011100100110110010110000010001100110100110111111011101110110110001111100001111111111010110110011110101010100110111001010101011001100010111000001011000011101001011001100110110101100000001100101101000110000110110111100111000001111011110011010110000111110110101011001010000101
1111010111010110101100010110011111011011001100110110001100010101010110011101011111100110010101111100011011000001010001100100011010100000011111000111111101011011011111100001101110110010101101110101001101100010110111100100000001101011011101110010110011110110011000000111001111111111101
1111110101010110001101110011001101001001100110100110111111000101000011000001010110001110110100101001111001111011011100110110110010101111110110011100110000010011110110110111000100110110101000111111011100111011110110101101101100001110000000011010011001100111110010110001111010110011111
1001100000000011011000110110011001100011001100101100001101011101110111111101010011101010110101101100110011000001011001100100110110000001010011001101111110110110110010100001110110110110101010011010011001101001100010001101111101100011011111110000111011001100110111111111100000011000001
1101111111101110001101100011001101001111011101101111011101011000010101110100010110100000010101100101100111111100011100110101100011011111010110011001100000100000110110101111010110010110100010110000110011100011110110111100110111001111110110011101100001011101110111011110101101010011111
1101010111101111101101001001100101101100000000100110010101001011110001010111010110101111110000110100110101011111001101100000101110011110000011011011111110001011100010100010010100110010001111111011111011001111100000010110000001100101100011010100111101000100000010010010000101011010101
1000000000000011001100011011110001101111111110101111000001101010111101000101010110001011000101100001100101010100011001111010101011000011111010000000110111101111111010101110110110011010111101011010110011100101001011110110111111111100111000010110111001011101111110110110111111110000001
1111111111010110011110111111111101100101101100000110011111001010101101010001000011011001101111001101110000010111001100101110000001011110110010111111100001100100111010101010100110111000000101001010110110101101011111110110101101010101101011110110101101011100101010110100001001100111111
1101001111110011000110101101101000001101001110111111001100011010101101111100011110001011001010011111011111010001100110000011111100000000111010101001111101101101100000001010110010110010111101011010010110101101010110010000001000000001101011000100101001010101101010110001011011110110001
1000011000100110011100100101001111011101101010100011011110110000101101100001110100101011011010111010000000000111110010111111001101110111100000101100110001100101111111011010110110011011110100001010110110000101000011010111100011110111000011110101101101010100100000110111010001100000111
1011001110110011010110101101011011001001100000101110011110111110000001111101100110111001010000001011111111110110010110101010011000111110110110000001111101001100101110000000110110111001010101111000000010111100010111000001101000011111101000110001101000000001101101100001111101101111111
1111101100110110010110001101001010011011111110001011001100011111111100111000001100011011010111111001001111000111010110101000111101101100010111011111011001011110101011111011110100101011000000011011110110010101111110011011001011011001101011111101001011110100000111001100110101001010101
1101001110100000110111011000011011001010110000111001101111000011110110001101100110110000000011001101011001101100000010000011100101100110111101001101001101001010001010110000000001100000011101111000111111000000101011011111011111111101001111100001101000011111101111011110010001011000101
1001100110111011100000001111011001100000010110000011000110011110000100101111101100011101110110011001011100001111101010111110110000110000011001101100011000011010111000000110101011001111000100101011101101010111101011010101110110101101100100110100000011111110111000001011110111000011101
1100101100110001111110111010011011001101111110111111110010111011010001111010001111010001011100111101010110100100001010111010111101110111010011001101111101111000011111011111101001101011011111100001101101010000101010000001100010101101001101111111101000010100001110111011110011011110101
1110101110111100110110011010110001011111011000101101011000101011111101011011100110011100001001101001010111110111111010101000001100100101111011100000101101101110110110000000101111101001111011111100101101011111100010111111001110101101011101111111111101110001111010100010011011001110001
1010101010100001100100110010011100010011001110100101001011100010110101010011101100111110111011101011000011010110110000101011111110001100110000110110001100001100100010111111111000000011101000001110000001011110111010110101101000001101000100110100111100110111101000101000111001100010111
1000101000111101110101111010110101110110011100101101101001101110100000010110000110010100111010101011111011000100000110100000010111101101111010110111011101101110101110010001001110111110000011101000111100000000101010000000000011011101011101110110101001100000101011101101110011001110101
1010000011110001010101100000110001110011000110001100101011000110111011000111101100110110101010101001010001110111111100001111110101101101101011100001010001111000000111000111011100001100111110111110001101010111100000101111111111111000011000000110101101101111100000101111011001100000001
1111011111011011010100110111111101000111011111011110000011011110111111110011100001100110100000101011011011000001001111101110110001000001101011001011111101011110111100010001001001100001100000011000111001011110111011111100111010101111001101111100000000000000001110000001010011001011101
1101000100011011010110010111010001011110001010011011111001011000101101010110111100110000101110000001011011101101100110001010010100010101100011011111110000001100011001110111011011110111101111111110101101111010011011010101101010001101100000110111010111110110100011011111011000011001101
1000011101110011010111010100011101001011011010110001101101001110000001010100010001111110101011101101010001101000110111101010111111011111001110000101011110100111000011110111000000110010100000110100000111101011001010000000000000111000110111100011110111111111111111000110011011001011111
1110110100011001010100000101110101011010011010011011001101011011111101010111000111000000000001111001000111111110000001101000011010011001101011011101010011101100011110011101010110011000001111110110110011000011011010111111111111101011100000001110100000000000110101110111010001011001011
1010110001111101010111110001010000001011010000110011101101000001101001010101110001111110111111011111110000011000110100000011110011011011001010000001010111101111000000111001010010111110111011010110111111011111010000000001101001100000001101101000101010101010100100111101010111111100001
1000111011011000000010000111011011111011000111111001101000011111001101000101010111010000101011001010110111111110111111111001010110000001101010111111010110101010011111101100010111100111100001010110001110001100010111111111100011001011011000111110101110111110110101101000000010101111111
1110011011011111011000110101010001011001110001100011001110110110011001110101010001011110100011011010100000101011101000000011000011111011000010010111010110001010110001100101110101110000111011010110111000100111000000101011001110011111111101110100101111110111110100100011101000000000011
1000111000000011111101110100010100010011011011111001101000000011001101100100010111001010101111011010101111101011001111111011011110110011110110110001010111100000011011101101011101000111111001000110010011111100010110000001011010111110100111100110000001100011010110101111111101011101001
1110101101110110100111010111010111110110011000001100101111011111011000110111000001100010100110001000000110000011100100000010000110111001110000000101000011111101111001000000001101011100101101011100110110010101111111101111001010101010101110110100101111001111010100000000001111111111101
1000100111110110001110010101000001110011011011111110101110001010001110100001110111111000001111011011111111111001110111111011011100101011010111011111101110111001101101011110100000000001101101001110110010110000000011111011011000001010000100110111100001100101010110111101111010110111111
1110001100010011011011000101011011011011000000011000000011101010111010001111100011011110100110000000011101001011000101110011000110100011000111111010001010001101100101010111101011111111000001011010010110100101101110010000011110111010111101100011001111001101010100001111001000000001011
1111100111000110011001110100011110011001011101110011010110101000011000100011001110010111101110110111110100011011110101000110011100001111110101110011100010101001101100000011111110110101111101011010110010101111111111010111110000000000000100111001100001101100010101100011011011010111001
1001101101110011011100000111010100110011011111011111110010001011111111101111101011010101101100011100010101000001100101110011011111011001010101010110001010111101100001111110110100000000111101001010100110101010010011010000011101111011111101101101101111000111000000111011000011111110011
1101101101000110000110110000010101111010010111001101111011011000010111101011001011010000000101011111010111111011110101011011000111001011010100010110111110011000001100000000000110111111100101011010001100101011000110010111110000011111010100101001000001011110011010011110011000101011011
1001000101110111101110111011010001010000110101101101001000000011110000001011101010011111110101110110010011000001100101010001110101100011000001110000110111001011111111110110101110000011001101011000100110100000010011000000011101110100010110101101011111001100111111001100111011101010001
1101101101010001101011101111010111011011100101101101101111011000010111100010100011011011000100110110110111111011110101011101010101101111110111111110000001101000000000111111111010111111101101001101111100001111111111010111110100000101110000001000011011011001101101100110001110101000111
1000000101011011000001101000000011010000110001101101101100001111111101001000001110011001110001100110110110100011000101011101010100100011000010011010111111000010110110011101010010101010101101100000011001111100011010010101100001011101011111101011110001010011101001101100111000001011101
1111010000001011101111101111111011000111100111101100100111011001011001101111100011001011010111110110110110101111110001010101010101101111110110110010100001110111111111000001011010000010100101001111111101110101110010111101001111110101001101000000000111000110101101100110001110111001101
1011011011101000001110101000010001011100110011000110101101001101011100111101001001100000000010100010110110101101100111010100010101000001100010011000001111100000101011101011000000111110101101100101110000010000011000101101101101100101011000011111110001101110101100111100111010000011001
1001111111000011101010101101011011011001100110011110101000011001001101110001101011111111110110111010110100100000110011000101110100011111110110110010111011001111100001111111101110101100000100001101011110110111111011101100000000110101011110110101111011001010101001110110011000111111101
1101110000010110000010101111011011001100110010110100001110111101011001011101111011011011010110011010010110111011100111110101010101110011000110110111110001101110001101010101001111100111110101111000000110000000000010001111101111100101001100110000001111101010101011010000111010101111101
1000011101011111110110100110000011011110111010000111011000000101000011000001010011001001010011011010110100110000001110100101010100110111110010110101011011000010111111010101011011001101100000011011111110111111111110111011000010110101011001111101111101100000000000000101101110101011001
1110110111111010110110101111111010001100010010111100011110111101101111111101011001101100010111001000010110111010111100110101010101110011011010100001011001111000100011010100001011100001110111111010110100000000001100011000011010110101001100011000010101001110111111101111101100000001101
1010110011000010100010100101110010111111010110110111001010111001001100110000001011000111000001100011110000011011110110000101010000000111001010001101011100110010001110010101111010001101010110010000010001101011111001001110111110010001101110111101110101011111100011111100100110111111101
1000010111111010001000001101011010011010000000110101101010001101100001100101100000011100011111001111111110111011010011110000000111111110011011011111010110110111111011010100101010111101000110110111110111111110101101011000010111010111000110001100010000000001110110010110101100001001001
1011000101000011111111101101011010111010110101110001101010111100001111111111111011110001001101101100010100101011000110111111101100010011010011001011010110110001111011000001100000110111110010010010100000001100001101111111010011000100011100111001110111111011000000110100000001111011011
1001110101111011010101000000011010101000111111011101100010100110100001100110110001111011100101000001010001101000010110011100100110110110011011011011010100100111001011011111101111110011010110110110101111111001111000101101011000011101110110010011010000111110011101110101111111001000001
1011000100000000000101111111001010101011101100011000111010001111101111001100111100011110101101101111010101101011111111010110001100110011010001011001010110001110011011000010100000000111000000000000000001001101101101101101010010110000110111000111010111101110110111100000001011101011101
1011110111010111110101011100011010101011100111011101101000111101000011100110000001110100001100100111011100101011101010010011100110000111011101001101010100111010110001011110101111111101101101110110101011011000101101101100000111111011110101011101000000000000100010111011111000000000111
1110100111110100010000000001010000101000110011010000101010110101111010110011101100110111101110101101111110000000101011010111110010111110010001011101010101101010011011001010000001101100001111011111111111011011101100100111011111101011100000001101011111010111101110010011100011111110001
1110110100111111000101111111010111101011100110010110000010100101011000011000000110010110000010100000110111101111100001010110111010001011011011011001010100000000110001100000111011100111011010001101010101001001100110101110001010100000111011100100001011110000000011011000001000000111111
1010000101101011101111101010000011101000110010111100101011110101001011110011111111000011010110101110010011000101101101000110100010111010000001001100010101101011110111001010001000001110000000111101010001100011001110101011011000111011100000110101111000111011101011011011011101111101001
1011110101101001111000101011110110100011111010101001111001010101100010011011110110010111110010000111110110010000111000011100101000001011110111011101110101111000000000011010111111111011010111101001010111110111100100101000000011111010111011111101010010001000111010001001111111101101011
1000000101001011000010000000110010111010111010101101011111010001110110111110000100110001111000110001100111111110010011110110111111011011000110010101010000001111111111111110000110011011011110100011000000110101110110000010101011000010001010101101000111011111111111011011101011000101001
1011101101100001011011110110010110110000010010101100000101011100010110010011010001111011001011111011110010110111000111010110011001001011101100110001010111111101000001101111111100110010011100001110011011100000000111101111111111111011101010101000011111110110101100000000100000011100011
1111001101001111111111111111000010011011110110101110111101000111000110110111111011100001100010011110100110100101110000000111001101011001001110111101010000000100010101000011010110011011010101111011001110101111110100000011000101101010101010101011111010110100001101111010001101110001111
1101101101101010110110000000011000111010110110101010011000011101110000010010001110110101101000110110110010110001110111111101100001001100011000011000010111111101111111011111000110110000000000000000011000000000111111011011011101101010001000000000010000010101111000001011111111110100001
1000101100000010110011011111111110110000110010101000111101110101100111110110111100111100111101100100110110011100010011010101111100011001111011111111000011011000000110000110011100111110111111010101111111011111101101011110001100101011100011101011000111110100111011111111110011011110111
1010000101101110000111111111101100100101111000101011100100110001110110110100011001101001100000110101100000110111010110000001011110110011100000110101011110001011111100111111010101101100101011111101001100000001101100000011101101101010101110111110011100110101100000000110000110001100001
1111110111101011101101100000001110001111010011101000110101111100100110110101011101100011111010110100110111100000000011011111000000011010101111100000001110111010101101101011010100000110000001111111011110111111101001111110101000001010001110010111111101100000110111111110111111011001111
1000000111001011001100111111100111101011000110101011100001010110101100000001010000111001101110110101100000111111111001000101111110110010101010111111100000000000000101101001000001010100101011010110010110101010001011111010000011011011100011000010000000001111110000011100101011001100001
1111110101101001101101110100001101001000011110101010101101010100001101110111111110101101100110110100001111101010110011011100110110011010100010011101101111111111111101101011011111111110111111000000110110101011101001001010111111111001101110011110111011011111010111110110000010011101111
1011010101000011101101010111101101100010111100000000000111010101101101011110110000000101101100110101111100001010011000000110110110110000001000110000000011001100001100101000000000101010010110010110010100000011001011011010110101100011000011000000011111111000000111010111011110111000001
1010000101011001000101000001000101111011100101111111110011000100111100001100111111110100000110100100010101100011011111011100110110011101101011111101111111011101111001100011111011101010110000111100110101111111101010000000000000110111101111011111110101110011110001010101011000101101111
1000110101111100011101111101101100000000110000000000111111110001110111100001100000000111110100101101110111110110010111000110110110110101111110011000000000001000101100111000111111001010100111100111110101010110000010111110101011110110100000000100000000011011011111000000000010000000001
1111100001100111011001010000000111111011111101111111101001100100000110101111111011110001010110101101010011010100110000010010100110110100000011001110111101111011100101101011101101100000001100001101010100000111111000000011111110000010101111111101111110110000000101011111101011011110101
1001111100001101011101011101110110100010011000000000101011001111111110000110101111000100010100001100010111000101111111011110001110110001011110011010011101000011101100000001001101111110111110100101010001111101100011101111010111110110000000000000000010000111111101010111111111111111111
1100011111101000001100000111000010111000110011111111101001101011001011101100001100010101000001101001110001110000010100000010100010011011111011000000110111101110101101111111011000101110010100111101010111010100111000100000000011010011011011110101010111110000000000000000111110110001011
1001010010101110100101111111111010011010110111000101101101101011011011000110111111110111111101111100000111011110110110111111110110111000110011111011110011000110000000101011011011101010110101110100010001010101101011111011010110010110001000011101010000010101011010110111101000000100001
1111011010101011101101001100000000110011110000010001100001100010011011011110010001100110000000010110111100011000100110110101000010110010111010110001011011101111011111100001011010101000000001010101110111010101000001011111111111010000101111111111110101111101011010010000000010111111111
1010010000101011000101101111110110011001100101111111111101111011001011001000110111111111111101110100010111001110110110000101111000011011101010011011000001001000001101110111011010101010110101000000000011000101101111010101101010000111111111110110111100101111111011011010101010000011001
1011011110001011110101101000111111011011110111101110111001011011011001100010010010101011011000110110110100011110110000111101000011110001101010110011101111011011111000000011011010101011111101010111101111110001000101000001101011110111010000010000001111100000110001011011111111110111101
1000011010111010010101101101100000000010100010100010101101010011010011101110110110101010011110100110000001011000011110001100010111011011101010011010100000000000001101101000011010100000001111011101111110011100010000011111100001010100000111110110100001101111110111011000001101111110101
1111010000100011010101100000111111110110101110101110101001011010010111001111100100101000110110101100111111011111001100100111110001011000101010110000001111111101111001111110110000001010100110001000010011011101110101010010110101000001010101010011111101101010011111001110111000001100001
1010000110110110000000111110101000110110100110100100001101010011010001011000110001101110100000101001100011110101101101111101100111001011100010100111100011011111000011010110110111111111111111011011110110010100010101110110111100011011011100000111001111001010111101111111101111101001011
1000111100000011111110011010101110000110110000001101101000011011010111000011100100101010111110101011111001100000001001011100001101011010110110110100111000010011111010000010100000000011111010001010110110110001111111000010011001011111001101111101011011011000010100101011100101001101111
1010100001011000111000111000000000110100100111011100111110110011010100011111111110000000001100001011001011111011100011000111101000000000100110100001111111110110100010111111101111111110101011101010100000110111001011101110110011110101111000000001001000000011110101101000101101101101101
1111101101010011101110101111111111100110001101110101110100111011000001110000011011011011101111100001101001111010001000011101001011110101101100001111100011000010111000000011000000001100101001101010001111110001100001101000000110110000110010111111011011111110100000101101101101101000001
1000111111111001101100101001100001110011100100110101010110100001011111010111110011111110000100001100101100101111111101110001101000111111100111011011001000011110110011101010011111100110000011000000101101010111101111100010111100000111100110011011010000001100001101101000101001101011111
1101110110101100000110101101111101010110101101100100010100111100000011010001100110100011110111101110100110000110000000011011100010011010101101000001101111111000011001111111001010111100110110011111111000000110101010101011101111110000001111110001000110100001111111001101101011000011101
1101100100100111011100100000011000000110100000110101110110110001111110010111001100110110000011000111101100101111111110110010111010110000000001011111000110101111000011010110011000011110111111011001011011011100000000001001000101000111011001011011011110110111110110011001101010011110001
1000110110001100011110001110110011010000001111100001100010011101101000110011011110100011111011101101000101111011010000011010010011111010110111000000011100001110011110000011000011110010101101011011010001011001011111111111010000011101110011010000001011110101000011001101101000110000111
1101100011011111000111111010011111111010111010110111111011011000000010110110010110111011011010101001101100110011011111011011010111111110111110010111011101011000111010111110011110011000000101010001010111111011111001010101011011000000011011010111111011011100011111100101101101100111101
1000110110010110011101010000110101101110100000110011101011010010111110100110110010101010000000000011101101110110010000011000000000110000001011011111000111001110101000000011001111011101111101000111010101101011001101010100011111101010110011010111110000001001001010101100001000101100101
1110100011010111001000011101100000000100001111111001001010000111111011110000011010001011010101011111000000100011011111001010110101111111011000001101111110011000101011111111011010001100101101011111000000101001100000000001000011001010011000000000000110111011011010100111101110100110101
1010111000000001101110111001110101010001111100011101101011101101001001010111110011101011111111001101110110001110010110011110111111011011011011101100101100111110100000001110010010111001101000001101011101100011001010110111111111101011000010110101111111101011110000101101001100101100001
1000101101011101101100001101011111111101001001110001000011000000011011010001011010000000110011101101010111111011000011001100001011010010000000111001101001100110101110111011010110101101001101111001011111001000011111110000000000101011010110010101100011101001110111100101100110000101011
1110000111110101000111011000011010101001011011011101011011011111110000000111010011111011111000000101010101100001111001100110111001011010111111111011101011101100101111100011000000100101011100001101000110011011110101100101011110111111111110110100001000000011010110110100110100110001001
1011110010110101101101010011110000101100000001010101110001010010011110111110011011000001011101101101010000101101011101101100000011011010101111101010001000101110000011111011011111101101010101111001011110111111000000111101000011110101101010111111101011010110000010110001100001111011111
1011111010100101001101011011011010000001111111010100110100010110110010010011010011110111010111000101000111111001010001101110111111011000000000001000111011100110111110110011011110101000000000001011010100101100010111101111110111000001000010101011111111111111010110011011001100001000001
1010000000001101011000011000011111111101100011010101111110110000011000110110011001100011010110010101110001010011010111000110000110011101010101111011110000001100001100011011010000000011011111111011010101100110111100100000110100010101011111101000111000101001110110110010011001111011111
1011111111101000001111000011110111100000001110010101111100100110111101100011011011111001010111110001110111011011000001101100111111010101111111100000011110111101111111001010000111111110011111000000000000101100000110101110011110111111000001100011101101101011100000011000111100111110011
1000000111100011100011111001010010111111011011010000110110001111110000110111001011001101010100111101000011000011111011100001101101010000110011001101110100110000000110011010111110111111110000010110101010000001110010001111001100001010011111101000000100101011001111110011100111101111001
1101010000001111111000001101011010101100011010010101100100100101011101100101101011011001000101101101011111111001100000001111100101011011111011011111000110011011111111001010000000000010110111110011101011101111011110111011111001111010111000101101101101100000011110011000110011000011011
1001111101011100000011100101000010101101001011011100110001111101010000110001101011001101110100100100000011010011110111100110110101011001010001010011110110110010110101100010111111101000110111111111001001100110001010110000101101110010000010100111111000101111110011000010111000011110001
1111100001010001011010110101111010001111011011001101100111011000011011110111001001011000010110110110111011011000010101111110010101010011000111010110110100011000000101001110000011111111100100001101111111110000100000000110001100011000101011101110011110000110011011110111101011110100111
1010111111111011111110100000111011100110011001011000001101001110110001100001101011001111000110110110101110011111010100010011000001011001110011010110110101110011111101100000101000010000110001111000000010111011101010101111011101110011111011100010110100111100111010100101101010010001111
1000110110101111110000001010000000101111000011001111100100011000111011110111001001100001110010110000000011010111010101110110011111001011010110000000010100011001111001001010101111110111100100000010101000001000111111111101010000011011011110101000010110000110101000110000101010110111001
1110000000100101011111011011010110001011111001100110101101111110000001100001100011111101011010111110111111010000000100110011000011011011000110111111110101001011001101011111111110110011001111111111111110101010000011110101111110110000010110101111110100111110101101100111101010000011011
1011111110110101001110011011011111100001111100110110000100001011110111110111110110010000010000011100000110011111110101100110011110000001101100100011010101101011011101000011011000000111100111101011010111111111111110100100101100000101110010000000110110011100001100110110100000101000001
1000110000000101011011111111111011110111000101110011011101111001000011000101100111011111011111010111011111000111010001110011001100111111001101101001010001111010011000011111001101111110001100000000000101010101100100101101100110111101011000111111100110110101011110010010001101111010111
1110111111101100011000110011000010100001110101011011000100101101111001110100110011001010011100000010001101110101011011010110011110110110011101101111000111011010110011000000011000000010101001111111111100000000110101100000110110011101010011100000101100000101111011000110101000111111111
1110001011000110111101100110011010111011000100011011011101101101101011010101100111100010110110101000100101010001011001010011001010010100110000000101101110000000000111101010110010101111101011111111101001011101110000001011100110110111010110111110101101111100110011011110111110000101101
1011100001110000010100110111110000100001110001111010000101101100001011000001101100111010110111111111110001011100001101000111011010110110010101010001000011011111111101111111110111111011000000000000000011110111010110111110110110100010000000001100101000111001111000000000010111111100001
1011111100110101000001110010111110001100111100101011011101101111011011011101101110101010110011011011000111000101100101011100001000110110110111111011011111000000000001000101010100111011011111101111111110110110010111110100110100001110111111111110100010001101101011011111110101010101111
1010111101100101101101011000101111111101100110000000001101000101001011001111000110001000110110001011110101101111110100010111100010100110010010101010001110011010111100011101010101101011000001111110101100110010110001010001110110111000000000101100001111111000101111011111100000000101011
1000100000001111111101011110000000100001101111111011111001101101100001100001110011100011100011100000000000000110010101110011001111110111010110101111011010111111101111110100000101100000011100011010101001100110010101000111010010001110111111100110111111101011101101000000001011010000001
1110111111011111000001001100101010111100000101011001101011000101101111101111011010110111001110111111111011111111010000011011011100110000000000000110011010000111100011110101111101001101000101110010101011001100110111110101010110111010010110101100010010100001001101011110101011010101011
1010101011010101111101011001101110001111011101011101101011110000001011000110011000110101101100110101110001001101011011110001010101100101011110111111011010110010101110010101011000011111111111011010100001100101100011010101010110001010110010101101110110001011011001011111111111110111111
1000000001010100110000001111111111011000011101001101101001111111011001110011001110000000100110010101011011011001011010011011010100110111111111110011010000111000000011010000001011111010100110011010101111110000111000010101000010111010110110100001100011101110001101000011111110111111111
1111110111110110011010100110000000001111010101011100100011000011011101010111011011111101101111000001011011011101011000110001010101110110100001010110000101101111101010000111111000000000001100110010101011010111101011110001011010010000000000001111101110100011011101011110101010011101011
1011110101100011011111101111011010101000000001010110001111101010001101010110011010000000000101111011010010001101011011111101010100000000001111000100110100000101111111101101101101101011111110011000101010000011001010111011001111010111111111011011001110101110011000000000000010110100001
1010000100111010010011101011110011101111101101010111100101111010111000010011010011111110111101000001011011101100010001100101000001011011111111110101111111111100010101001101101101111111000011001011101010111111101000000011100101000001000001110001011010100011010010111111111110010101111
1011110001101011010110101001111110001101111100000101101100110010101111010110010110101000011001110100001010000101110111110001011011110000011001010100001001110001110101101101100000010110011111101011100000001010101101111001110001011011011111111100011010001111010110000000000110110100001
1000111101101011010110000011000111100101010111101101000110100110101100000010110010101111001101000111101011101100110101100100011110111111110011010001111011011100000000100100001101000011001110101010101111011010101000101111010111011111000010001101111010111001000011011101110000010001111
1110100000001010010011101111110000110001010110001101101110110100000110111110011010100001100101110100101011001101100100001111000110011001011001011100101000001101111111101101111111111110011010001000000111111010100010000110010111000101101110111100100000001100011001111111111011000111001
1100110101101011011001100110000111111100010011011000001100110101111100000110110010101111110001011110000001100000110001101001110011001100001101001101101011111001101110000101100010110011010011011011111100101010101110111111000000010000000000110110101111111001111111100010001011011100011
1001111111001010000011110011110101011111010111011101111110010100110111011100011010101101100111011000111101001111111111101011110111100001011101011000000000101100000011011101001110000111000110001000110110101010001110001101101111111110111111100110000011101011111110101010111110011111011
1011001011100000110110000110000101010100000001010101010011000001110011000111011010101000110100001111111001101011101110001001011110001011111001011011110101100101111110001100011010110100011111011011110010000000111011111000000001011111100001101100111110100000011000101000010111110101001
1001101000111011100011011111110100010111101101010100010111110100100110010101001010101101100001101001000011100010101011100011001011011010101101010000011111101100011010111110111000011101110110011011011010111110000001101101110100000001110111101101110000001111111011101111110010110101011
1011001110111110001110011011010111010110111100010110110010111110101110111101011010000001110100111101111000111010101011001001100001011110100101010110111100000101110000111000001011001100100000111000011000000011010101100000110101011111010110000001010111111110110000001101011010100000001
1001100000100111101011001011000000000010110101000010110110011000100100011001011011101111011110011001101101111000101010011101001111001100001101010010000111101100000110101011111011100110101111101011111101111111010111001111111101000110000000111111010110000000010111111100010000001010111
1011111110101100000001101001111111111010100111101000000111001110110001001101010010100110011000111100100101101101101011001111100110011110100000000111111101100101111100000000001010111110101001101011001101100001110001101110000111111111011111110101000010111111000011110001000101011110001
1010101100000110111011000011010101000000110111001111101100011010011101101000000110110011011110010110110101100000101000011010110100111100110101101111101101101100010110110110100000011100000011000000011000001111111011000000110010011001001000000001011110111011111000000111101111000010101
1010101001101111110011110111010101111010110101111101000110110000111100101111110110111011010110110110110100111011101011110000110101101001111101111010001100100001110010010110110111110111110110010111110010111101011111101110011110111101011011110111000000000000011111111101111011011110101
1000101111001011011000110110000101111110110001010001101100111110010001111101100110101011010100110010010101100001100010111011110000101100011111011000111110101111110111111111110011110011010010111101010111100100000110100111001100011000000000010000010111111111000000000000000001000011101
1101100010011010001110100111110101001100010100011101101001101011010111011001001100001011010110011011000100111011111000011001100111100101110110001011110100101110000000011000011110000110011010101001010101101101111100101101100101110010101011111110111111101111101011111111111111010110001
1101111011000011101010001100000000011110111111010000001011001011010011001101100111100001010100110011110101100010101011111100110110101101100010111000010110000000101011110010110010111111010000001100000000000100010110000000111101010110111000000110001100000000111111010101110111110110111
1000110001111000101011100111110110111000011000011110100001101011010110011000101101111100010110011001100100111010100010101001100000000000110110110011110010110101101001100111111000000110000101100101111111111101110011011111110000000010001111111111100001111111111110000000010101100111111
1101111101011010000010110100111100001110111111000111101111000011010111011110000101010001010010111011110001100000101110001011001101101110010100010111100110111100111111110011010011111110111111110000000000000101000110000000011010101111111111101011111111101110101011011111000000111101001
1000011000011111101000000001101110111100001110010101001011011110000010010011011101011111000110110011000101111110100100100001011111111011110001110000110100101111100110110110000110000000010111010111110110111100011100111111000011101101100000000000000010100000000000000001010101101101011
1111011111000110111111111011000000011001111011110101101011000111111011000110010100011011011100011001111100110100001101111111001010110001100111010111100110000000110000000011010110111111110001010000011111110001110110100001101000100000101110101011011000001010111110101011010100000000001
1110001101110100011000110011111111000011001001100000000000010011100001011111010101110001010110111101101001110111011100010101101000010111110010010001110000101111111011111111011110100111100100011111111001011011000000001111111011111111101011111111110011011010000011111111010111110110111
1011011001000101011110011001001111101001101101111010110101111110110100000110010001011101010110010101101011000110011001110100000011110011010110110111000111111100101000001101001010001100001110110010101100001010011010100000001111011001000001010001111001111111111011100001111111111111111
1000001101110111010010111100011000111100000000011011110111001100011111011111011101001001000011010101000001010011001101010001010111111001010010000101011111010101101011111101101000100101111100011010100001100000110010101111100101001101011111000111001101110000011110110111000000011001101
1110100000000011011010111111011110000111111101001110000110011111001100000011000101101100010110000101110111110110011000010111010110010011000110111101011001010000000001100001000010110000000111000000001011101110010110111011110100011100000000011101011100000101000100010001101111111101001
1111111111111010000000011000000011010010000001111111110000111101011111011111110101001101111111110101100011100011011011110001111111011011101100011101001011010111111111111101011111100101011100011101111000100111111111111000011101000001101101111000000110101111111101110111000110101101011
1001011110100011111110111111101111111011111100101001111110011001011000001101100001011000101111010001111001001110001011100111101010010000000110110000011000000111110110101000000000101111001111011100011101111101101011101011111101010101111100000011101110100000000000000001011100101000001
1100000000001000011110001100000111101000101110001100011011011101001111011101111100000011100110000111001101011011100000001110001011010111111110000101111011111100000000101101111111111011100111110101000111111000100000100000000001010100011001101000101100110101101101011111010110000010101
1001010110101101000000111111110011001110101010111111010000000100011010011001011111111000001111110011011000001010001111111011100000000000000000101111101001010001111111101000000001010000111100110001011110101011101111101111111011110101111011111110111110011101100111000000000011101111111
1111110100100111111110001100000111101000001010011000000101110110110010110011010010001101111100000110001101111011100000011001111011111111110111111111000011010111010101101101111111010111111001111011110100101010000000000000011010110101101110000011110011000100110011010101010110000000111
1110111110110100000000111111110011001111100000111111111111100000011000011011011011101100010111110011100001011011101111011100111000000001110000010101011111000011010001101000010101010011100011111111110101101010111111011011110000011111101100101111000110011101111011110101110011011111101
1000011010110111110110010101100110011000111110001011111000111010111101110010001010001101110010110111101100001010100001110101101011101011011011000000000110011010010111101101110100010110101110111101010100000000000011001000010101001010100001111101011100111111000000011100011010010001001
1111011010111110011111000000110011011011110110101000001110101110000100011011101011101100111010100010111110111010001100110100000001111000001001010111011111011110110010100000000001010000000000011000000001111111111111101010111111111000001011011001011111100001111111111111111111000111011
1010011011101100111011111011100110000001100010111111101100101100111101111001101001100110011010001110110000110011011111100101110100001111011101111101111110000110100110111011111111110111111111110011111100000000000001111110101010111011101111001101000101110111000011000000001101011101001
1011000001000110101010100010110111101011001110010101000110000110101100101011001011110111001011101100011110011001011010110100011101111111110111101000110100110100001110011000001100110000011010111000000110110110111111010110000000000000111001011001011101000000011111011111111000001101011
1001111101011100101010111010110000111010011010110101101111011110100101100001100011010101011001101111001100110011001010110101111000101000000010101011100101111110101000111011100001110111110010101011111100010010011110000010101111111011111100001101001101011111111000001011001111011000001
1100000001010110000010000000011110010011010010110001000110001100001100110101111011000000011011001011011110111001011000110000101101101011111110100011001100001011101011110000101111100001010110100000000111111111000011011111111100011110101001011001011001000000001111011001100111011101111
1110111101010111101000111101000011010110000110111101110011100110111001110111010001101010110010011010001100011011001011100101100111101011000110001111100001111011000001010111111110111011010110101111111101110011111110010101010101110100000011111101001011011111011010000011110101001101101
1011100000000101111110111111111010010100111110011101010110101100001101100010011101111110011011011010111001001001100000001111101110100000010111011101101111011011101111000011010000000001000000000001010000011010101111000001010100110101110110101001011011011101111011101110100101011000001
1011111111110101011011100010010011010101111000110001010100000111100101111010110101011100110000011000101111100011001111111010101010001011111101010001100000001001101011110110000110110100011010110111000111011000000011011111000001110101111110101100001000000000101010000010110000001101111
1010000000010001000001001011011010000001001110011101010111101100110001010000110100001001100101010011100110001111101110111010100000111111001101000111001101011011000001100010111100011110111111111100010111111010101110001001101111010100001010001001101011010110000011101110011011011100001
1011111101011101111100011010000011110100011010110101000101000101111100011011110111100011110111010111101111100001100000000000001010000101101000011110011111111001011100001000010111111011101101101101111101110011111010111011100011010001111010100011100001111111111110000110111111010101111
1001000001000101010001010000111000111101110010010101110101110100100110110011000110111011011111010110101100001011001110101010111111111100101011111011001010101011011111011101000001101011101100000000101101011001011010011001001010000111110010111110101011001101011011101100001101010100001
1101111101110101011111111011101110101001011011010101100101100110110000010111110100010000011000000000000111101110011011111011111000010110100001110011011000101000000001001111101111100000100111011011100101011011010011001101011111011111011000000110111111101001001011001101111101010101011
1001101111000000011010001110000000001101010011010001110100110110011110110011000111011101111111010111011101100100111001011111001101110010001111011000000011101011101111100111000100110110101101011110101100000010011011011000000110011101011011110110111111000011011011101000111000000001111
1101101010011011011011100111101111101101010111011100000101100000110000011001101101001000001101111110001101001101101101000101011000100110111011000010101110000010111010111101110101110111101100001110000001111110110000000010111111010101011000111110101010011111011010001101101111011100001
1001100011111111011010001101001000000000010101000111110000101111111111001101101101100011011000101011100101011101101100011101000010101100000000011110100011011000010000000000110100010001100101111010101100000000100111101111100110000000000010101100000000110000000010101000001100001111111
1101101110110000000011101001111111101101000101011111011010000011100101100001101100110111111110101010110101000100101101110000011111100101111111000010110111011101000111111110010101110111110000000000101111111110001111100001101100110111010110100110111111111110111110111101101001100110101
1000101100011110101000001101000000000111110000010101011111011110110101101111100110110010110100101000100000011101100101010111000001110000000111011011111100000101010000010111111101010010100111111111100000000110111000110111001101110001111111101110101011111000000000011000111101110000001
1110000111011011111101100101111111111110111011010101001110000110110101101110110110110110110110101110001010111001101101000011110111010111111101111111000110111111110111110001011001010110110110100000111111111110000010010011101000010100011011000000000000110011101101011110011000010111111
1011011100001011001111110000011100000010101110000001011011101100100000001010110000110110100000101011011111100011000100011000010110000001001000010110011100000110110000000111011100000010010100001111111101000011011010111110101011111111111011011111101010010111111111110110110011111111111
1011000111101010011010011111010111111000100000111100000000000110001010100010111101100100111110101000000101111001101101001111111111101111011011110011000001101100011111111101010101111110110101111101000000010111011111101100100000011011010011000000111111110000010110100100000111101000001
1000011101101011010011011110000101101110111011100001011111101111111111110110100100110101110110101110111100110011001001111101101101000000001000011010011111000111001101101100010101000000110100000000011101011101110101101110001111111011010110010110000001010111110100110111101110000011111
1101010100000000011001010000110000001000011111110101111000000101010101100000110101100101100110100110110110011011100011100000100101101011111011111011010001101101101100101101110101011111100001111111110111110000100100000110111110101010000000110011101101000001100101100010101011011111111
1111010111111111001101011110111111101111000110111101110011110101010100110111110100110001110000101100110110110001001110101111101101101111011001110001010111111101100101101101010000000011101100000000010110111101101101111110010000000000111101100111111111011111110000111000000000000010001
1010010101000001101000000011100000000000010100101111000110000101010110100110100101100101011110100110000000011011011100000010100101100110001011011100000010011001001101000001000111111110001111111111000000011000101000011010110111111110001111101110111011001010100111110011011011101000101
1011010101111100000010101001111111111111110110100001101111110001010100110010110000101111011000001100111011000000000001111010001100101100101001010001101000111101011101011111011101010000100110000011101101111011101011110000100000000110100000100010101011011010110101011001001000111101111
1000000001010110111010101100000101111010110110111011111111100101010001100110110111101011001111100110001001101010101111111110111001100110111011010111111101110000010000000000010000000111111110111000111111100000000011111110001101110111110101111110000011010000110000000011111010010100001
1110111100000111100010100110110000000000100010101011000110001100011100110110100011000001100101110100111011111111111110001100001100110000010000000010000111011111010101110101110111110000111100011101111010110111111110001110111111111101111111111011011111000111100111011000001111110111111
1000100001110100111011110011111011010110001000000001110100111111000001110100111011011111110100000001111110010101011010111101111101100101000111111010111111010110010111111111110000010101100001000111001010110110100010111010101011011000101010101010011000011111001111111110111110010000101
1110110111100101101111011110000010011111011111111100110111111000011100100001100000001001100111111100001100110000001000000000011000001111110001001110110101010011000011011011010111111101101011010011011010000010101110110000100001000011100010000010111110110101011100000110101011010111101
1111111110110001100110011011111111011101001100000001110101001111011110111100111101111011101100111110111101111011111010111101111011111000010111011110010101011000011001001011010111101111101111011001001010111110001010111110001101011001101110111110100110000000010101111110001010000000001
1001100000000111001111011010011000010001111110111101010101101000010000111110010101101010100110100110111000010000100010110100110000000010111101000011000100001101011111011000000000100010100101001111011010000010111000101100111000001111000110011010001110101101000000000010101010111111101
1101001011010000011000011011011111111100111111100001010101000010110110000011010100001010110110110010101011010111101110110111100110101111101100010111011101111111010000000011111111101110101101111001011010111110111011100110111111111101101100110000111100101111010111111111100000000001101
1001111111111111011111010011001110001110001101110100010101011011111111011000000101111010110110111000000001110110101011110010110111111001000111011101010101011010000111111000000011001100000000101100011000000010001010101100001011110101000101100111101001101011110000000001111101010111001
1101010100000000010110000111011011100000100101011111010101111111011010011111110000101000110100011111011100110000101001100110110101011011011101001101010000001010110000001011111001011110110111101101111011111110111010001101111010010100011101101110100011111010011010111100000111010101111
1000000001011111010111110101010001001010110000001100010101101100010011010000000111101011110101110100000101110111101011110100110101010000010101011000000110100000010101111111111111001100010000000001101000111010001010111100000010110101111001101100001110110000111111110111101111110000111
1101010101111010000101000101011101111111100111100001000000001111010111111111110110101011000001100110111111100010100001010101110000000111110000000011111111111101110111110100000000011110111010110111000010100010111000100001011010010000101101101101100000010111110101010001111000011010001
1001011111000000110000010001001000010101111111111101101101100110000010110000100110101001110111101100100010101110001111010000000111111110111011111111001101000111100001000001111111111110001111110101011111101110000010001111011111000110000101100000101111000011010100000111011011111010101
1101011111111011110111111101101110110000000000010001111001001111111010111110110100000011010101001101101110101010111011010111110000100000010000001101101100011110111111011100010110101100101101011100000001100000111111111111110110010110110101101111111111111110000001111100000001101110101
1111110101011111011101101000000000011101110101000100111111101011101010010100000001101011000001011001000000101000011011010100111011101101110111101101000001011000011011000101010000101001111101001101111111101111111101110001110000111111110100000000010001111111011100001001101100000011101
1010100000001110011000001111111101111101000111101111101110000000101011010111101101111111111011001100010110000010111011010101101111000111000001111101010111110011110011011111110111100011010100011000011001001100000101011011010111101011010001010111110111000000000110100011100101111111111
1010111111101010110010100100000001010111110110111010101011011010000001010011111100110110100010011110111111110111110011010000100000010011101111010100010010110110011001010010110110001001010101110011110011011001011101001010000010100000011011010000000110011011101110101000101100000000001
1010110111101000011111110001010100010110111100000000000000010011011100000110100101100000111010110100101011011101011011000110001111111000000000000001111000110100110011010110000000111111000000000110010110001011111101011010111000001010111111111101011110111110000011111110100110101111011
1000100000001110110111011101111111010100000111111011111111111010011101010000110000110111110000010110000000001001011010010110101010101111111111101011111101110001110111010000111111110111011111111111000100111010110100000000001110101010001101100101001100000111101000000011110011111111111
1110001011100000000010011001101010000110111100001111000100111111110001111010111011110011010101110110111010100011010000110010100000000000000000111011010111100101100101000111100000100000000000111011101101110000110101111011100111111111111100001111111001011101111011111111011111011000101
1111101111110111110110110011000011011100110111101101110110010110111011111010101001011011011100010000011110111111010111111110101110101011110110011110000010101111001101011101101110001101011011100000000000000110000000001000110000010101110001111010001101000000011111111100000000001011101
1000001000000100000000111111111011011001100101101100100011010000000010010010001011011011001101110111110111110101010001011011100110111111111111110111011110001011011000000000000111011111111110001010101010110011011111111110111111000000000100010010111001010101110100000001110110101010101
1010111111110110101010000000100000001100101100000110110110011111111111000111101011011010011001110001100011010101000111010000111110110100000000000011010111100000001101101111011101110111111100111111111010011001000000000010000001111101111111000110000011111111000001101011111110101010001
1111110110000011111110111110110111100001100111110000100000110000000001111110000011011010110011010111101111010101010000000111111011100001011111111111010101001111111101111001000000110101011001110001011011111101010110111110111100001100000111110000101110100000010100101011000011111000111
1101010000101011010111100000000111111101101101011110001010011111101101101011111000000010011011010011000110000000011111101101101001001111110010010101010000011001010101010011010110000000000011010100001000000101110110000010000101100101010000110101100010101111111111111110011110010011111
1000000110101011010101111111011100000000000100000000111111010101111001001010101010111010111010000111011110101011110000111100101011011110110110110101000111010011010000000111111100101011111000010111111101011111000111010111111111110111011010110100101000000000001000011111000011011011101
1101010011111110000000001100000111011011110111111111100100010101001101100010001010100010010000111101001010111000011011110001100000001010000000100001010001110110000110101101100110101000001101000000111111111011110011011101011000010011110010010111101101101111111011001011011111000010001
1111111011100111111111100001101100011010000000000101110111010101011000101000101111111011000111111001100000001101000000011011101101100000101011101111011111100000101100101000001111111011111111101111101010100000110111001100000010111000011111010000101111100000100001100011010101011110111
1010101110110101100010001101101001001111011011110000000000000101011110111110100101100011010001000011001010111111111111011010000111101011111111100000001100001110111101100010100000011000000011000010000000001101110001100001010111101110110101110101100010110111101111111110000000000000101
1000000100000100111000111000111101111100011001111111110110110000001100010011110101111000010100011110011110000000000011110000101110111000000110001110100110111110000101110111110111111111101011101000101101101111100111101011111110000111110100010101111000111101000101010010101101010110001
1101110001010001101111111101100000011001001101001011011111111111100111011001000100111101010101110100110111111111111110100111111010111111111100111011110000011010111111011100010001011111111001101010100100111000110000101010100011011101010001111100111101101000010101011010111111111100101
1001000101011101101011001111111010110011111111101000001011010101110001011101110001101001010100000001110000000001111010110100001010000000000110000011111101111011110111011101111011001000001011111011101111110011100110111000001110000000000100100111100111100011111101011000011010101111111
1111101101111000000000011010101111111111110000000011101010000001000100010101000100101101111110101100011011111100000000000001111000111110111100111110100100000011000000000000111111011011101011011011100011011000110111110010100000101011110110001111001100101111101101000011000010000000011
1000001111101110101011000000000111010101011101110110000000110100011101000000010110000001110000100111001010100111101010110100001101110111111001111010101111110110010110110110010100000001111111001110111110011011100001010110101010111000010110101101100110100010000000011001111110111111001
1010100110100000101011110101010010000000001111110100101111100110110001101011111100110100011110110001100000001111111111111101111000000101001101101000000111111110111111100011000001010100001110011100010111011000110100010100101110011010111111111000001100001000111110111100001100000001011
1110101100001010101110100101111000101111011011010110101000001111111101001011001110111101000110011011001111100000010101010000000011111101011101100010110000011010111101111001101011110110111011010001000010000011110101111110101111110011100001011111011101111110000011100101111001111111111
1000100111011110100110101111101101111100000000000110111101100110000001101001100110100001101111001001100001101101000000011101101000000000011000001111100111000000010000001011101110110110010000000101111000110110010100000110100000011000001111010101000000000011111111001100011011000000101
1101101100001111111100001010000001000001011111011110100000110111011101111011110000111011100011011101110100111111010101111100101010111011000011100000110001010101110111111111000000011111010111101100011110010000110101010110101011111101100000000000010101011000000110011111111000011111101
1001001101111000000001101000101111111011111000011100111111100100011111010001011111110011001110001100110101110011011111110111111110011111101001111111111101110100000001010101101010111101110001100101000110110101110101111100111011010111110110101010110111011010110000111010000011010011001
1101101111000010110100111110111111000001100011010001100000001110110000000111000000000111100010100110011111000111111011010001010111110100101011000000001100010101110100000000111111110100100111110111011100010100010100000101100000000011010011111111111111011111110101101010111110000111011
1001101010011110100101100000111000011011111011011111111110100111111111110111111101101110001010101110111000011111100001000100000100000001101000010111111110110100010101011111100101100001101110010011000111011111010101011111111111011001011000010100001001000001011100000000000011110101001
1101101000110000110100110101100010111001011111010000000000110101101100011101011101100010101010101100010011000111001100010110110001010111111110110011110110010101011111110011110100110111101000111011110001001011111111110110111111111100011011000001100011010100000101111101011000011101011
1001001101111101111101111101110110101011001000011011011010011100000001000000000001101110101111100111000111110010011001110110010101110010110111111000000110110101001100111000000101100000000011111110111111100000101010100000000000001101001111011011001011011110101100000111111111110001001
1111101101000001000000011001000100100011101111110011110011111111110111110101010100100110111000001100010000011000111101111110110111110110000000011010111111110111100110100011111100001101101111011000101010101011101000001010101101101001100001001111101001011011111111111110101101011011011
1000000111111101101101001101110110110110001100000110111111000011110100000101110110101100011111011111010101111101101100000011100011010000101101111110000000011110110000001110000001011111000000001110000000111110101011111110101101111100111011100110111111000001011000000000000100000000011
1101101100000001111001011111000111100110100001101110000000010110011110101111111110100101010000001100010101101100001101011111110111011101100100001111010110111000111101100110111011000011101010100110110110000100000000000011111100010110001000110010001100010100000010101111011101111011001
1001000111111111000011010011110101001100110101101000101101110000111010101000000000111111111010100110110101001101111101110110111110000100110101011001010011110011100100110000001111111001111110110000010111010001010101111111111001110111101010011000111110110110111011101100000000101110011
1111111101010111111011111000000101100110111101001101101001111110000000111110101010000010001111101100010100011000000100000110001010111111111101111011110111100110101111111011111100001100011000111111111101111111010100000010101100000001111011111010000110111100110001111111010110000011001
1111000000000000000001100010110100001111100001101111111111000010110101110100111010101110111100000110111110111101110101110000101000011110101111101010111110110000000001010000000001111001001010000011101000101111011101111000000101010111011000001111111100000101110100110111110110101111011
1001111011110101010111110111100110101011111011001000011011111000011101000001111110100000010111011100001100001100010100011101100011000100000110000000001010100101010100010101010100001111111111011000000010000001000100001111101111111110001010100000000110101111000110100000110110100001111
1101001110000101010100011101101100111010101111101011000001000011110001110111100000101101110011000110100101011001011101000101101111010001110110110101111000001101011101111101011111111010110011001101010110101111111110111111111111101010111110110111111111100011010110001110010100101111101
1000011100101101010101000000001111100000001111111110011100011011111011000100001010101000011000011100101111001101111111011111000001111100111110111111100011100101111100101111111010100000000110011001010010100101100010000000110101000000000110110000000001101011010110100011110101100000001
1111000110100111111111111111101011110101101011001100110001111110000001111111011011101010111101000110100011101100110011000011010100000110101010101111001000101111100110000000100000001010111111001111110111110000001111111110000000010101010011100111111111111110010110101001110111001101111
1111101111110110011011010100101010111111000011011001111111101100110111101100001000101010101001011100110110001101110111101001010101010010000000000100011011101010001111101101101111111110101101111010010011011010111101100010111010111111111001101101010101010111010011111100011111111100001
1000000001011100110010000110111010101011111011010011101110101001111110000001011101101111101101000101100010111000000010111101011101110110111010110001011000100000101011111100000000000111101100101010111000001111100000001011111110000010101100111100000000000011111000001101111101000101111
1111010100001110011000110110110000000000110001011110000000000011000000101011000100100101000001101100110110100011011000001111011000110010001010011011111101101111100000000101010111111101100101100000011110111101101111011111101100101000000111110101111011111110011110111111110100011100011
1000010101100011011101100000000111011110100100000111111111110111111101111011010110101100010111101111100110111001011101111001001101100111011110110000000101111101111101111111110000001101110100110111000111110101000001111000101111111010110000000000001000000100110110000000000001001101001
1011011101101001010111110110101100010000001111010000000000000110000001100001010010100111010110000000110010110011001100000011111101101110001100011011111100110001011111101110111010111000000001110011110101000001011111101110100000001010111111101010111010101101100011010110101011111111101
1001011001101100000011011111101001111111011011111111111111010011101101110101011010101100010110101010100111111011011001111010111000100011011001010000000110000100000010000100011010000011111100000110111100010100000000000000001010111010001111111111111111100000101111111100101000001001111
1011111100111110111010001011111011000000010000101000000000010110001101010111011011101001010011101010110000110011001011111110001111101001010011011010101111011101011000110001111111101000000111010000001101111110101111111110101110001110111000000000001111101010000110101111101010100011001
1011000001100010100000100000011111111110111110100010101111010110101001000011001010001101010110001110111011111001011000001100100001101011110111011011100001111111001110011100000001111101101100011011100000000010100000000010100111100010000011011111011010111111111110000001101111101000011
1001111101111011110110101111010110100110100000111010111111011111111101101110011111011001110111011110011011100011010010100001101011111000110001110000110111110111101100111111011100001111000101001111111010111111111101111011110100101111101111001111110000001101101100111111000100101010111
1101000001000011100110111100000110110011111110000010100000001100000001000011000001001100011101000011011010110111011010110100111111111110110100011011110000000001111110000001000110100011110101100000011111111101011111111110011101111011000101100000000111111000101101101011111101111110001
1111110111111010001100100111110000011011010100111010111011011001110101101001101011011001010000011011011010000001011011100101110101100010111101010000011010111101010111011011111110111000110111001111110101000000000000000111011000010011110000101011101111001010100000000000000000010011011
1000000110000000111111110111111110111000000001100010100010011011111111101111001001011011111101001011110011101111110000110100000000110111100101111101111010111111000101001000001011111111111111100000100000011110111111111101001011110110010110111000111101011011110111101101011101000110001
1111110111111010011011000000000000001110101101101011101111001010001000000001101011010011000001101010111011000000011101111101010111100000001111000000001010000110010001011011100000001100000000110110001111000010010101010101011000000000110110001110000000000001100000111101011111110011011
1101111101011011011000011010101010100111111101111111101000011011101111101100111001111001010111001000001011101111011000001101010000001011011011101101011010110000111111110010110101100110111110100110100001101011000000000000000011101111111111011110110101011100001111110111110110111111111
1001011000000010011010110010111111110001000000001110101101011110001111000111100011111011111100011101101110101111110010111101110101011011000000101101011011111010001010011010010111110000000011101110110111111011011111111111010111111100100011001011111111000110111111000010100010001010101
1100010011010110111110010111110101100100011011011000001001001111100000010000101001010000001101011000100110000000011010011001111101111010010111111001110001001010100000111110111110011111101111101100100010001011000000000001010110110101101111011011000011010010000000011110110110111000001
1001000111011111110000111111100000001111010011001101101111011010001011011101101111000110111111010010101111101011111110111100001100001111010000111101100100011110101110010110001011000011111010111110111000111111110101011111010000000000000101111000011001010110111011001010000000100011111
1011111100011101000110101010111010101100011010011000111111010011101010001100111100010010001011010110101100001000010110011001011001100101010110001100110111000010100011000000100011011000010000000110011101110101111101000001111101011111110000110011001011010111111111100000101010001111011
1010000001010000010100101010100011111101110011011011100000000110001111011110011001110111011000010110101001011011000010111101011100110001110010100101100011011111111001111101110111011101000111011100110000000000000111111111001111111011111010000110011001010001101101111101101110100000001
1011110101111011010101100000001010000000011010001111101101011100100110000011001101100110001111010010111011011011010111110001001101110100111111111100110110011011011100000100110000000111101111111101111101111111110000110101100110100000001010110011001101010100000001000100111100101111111
1011000111100011011111111101101111111010111111011100111111011001110110101110011111110010111100010110110010010011010011011101111001011110000011111111110011000000000111111110011010111111111100000111100000000000011110010000101110101110111110011001111101010101010100010110110001101111111
1110011110111110011000000001101100000010100000000110010100011011000100100011001010000111111001010111111011011001011000011100001100000011101110100011100110011010110000000011011010000101010101111110111101111111000011000111100000000010000011111100000111111101011101010010011011000000001
1111011000000000111111101011111001101010110101011111000001011011010101101010011000101100000011010000110010011101111011000110100110101001100000001110101100110010110111101110011010101101000100000000011000000001011011010000001010111111111000010110110000001101001111010111011011010110101
1000011110110101101111001010000011001010100101011000011011011011010101001110110011101111111001011011111011001100001010011111111100111101101011111010111110011010110000111100111110100000011101111111111101010111111110010101111110000000001101110111100101111001100001011111111011011100101
1101001111110111100000011011010111101010110111001101110001001111011101100110111011000011001011011000110011011110111111000100000110000111111011111010010011111110111011110111110010101011000000110110110001010110010011011100010111011011111100010001111101101111101011001010101011000110101
1001011001000100001101011111111100001010011100011111111011101000010001001100001011101011100001011010011001011000000110010001011111010000110000001010110111100110100000000011000111101011101010000000011101010000110111000101000001001000000101000100101111101010111011100000101111111100111
1101111100010110101101010000100001101010110001010000000011111101111101101101011010001010110101001010110011010010101100111011111001110101100101100000010100001111110101110110010000101001101011101110111111011010110001111111110111011011011101011101100010101010001001101010000101110110001
1111100111110100101111110110001100101110011101111101011001000111000001101111010011101110000101011011111011110110100110110000000011111111110100110101000001111001010100010000111011101011101000111111100001001110000101000000110001001001001111111111101110100000111100111110110000000110111
1110110000000111100010111111011001111110111111101001001100011111111101100001110110000011101101110011100000110110101100010110111110000011010101111101011011101101011110110101101110111000111110000000001011011000111101101110011111111011100010110110000000001101110110000110110110101100001
1100000101010100001110001011111011011000100000001011011001001100000000101101110011010110000100111110001010111100100110111100100000111110000111001001001000000101011011110100000100001101100000111111111111111110101111000011011100011010111010010011010101011000000010110011111111111111111
1001010101011110101111100010100011000010111111100010011011011111111101111111000110010100101110000111101010000110111100101110001110010111011111100011011011110000010001011110110001111111001010010000000100101100000110011111000001110000011111010111011111111101010110011000000000010100001
1011110111010000111000001000001001101111100000001110111110001100000000000110010011010110100010111100001011010110000110000011101111000011000000110110010001100101000101011011111011111011101011000111111101101101010011011001111100111111110110000000001001101111111111011011111010110101111
1001100011111011111111111111101011111100001101101000000111100110111011010011110110010011110110001110101011110111010110101111000001010111011101100011010101101101011100000001011000001000111001011101010101101111111000000011000111101101110011011111011011000110000011110000001110000000001
1101101001101111101111010111101110000001100111101011011100001111100011111110000011010110000011011000101000010001010110101100010111010101000100110111110101001111001101110100001111100011110011000000000000100000011010111111101110100101011010000011111000010010111110010110111111010110101
1001101011001100000000000000001110101111001100001010011001111101101000011000101001010011110111111101111010111111111100100110110011010001111101100010110101100011100100111101100000101000011011110101101110001111110010010101000000001101011000111110101011111110101010110110000001110111111
1101101001101111101011101011100011101000011110111011001011000000001011011110101101110110000000011000011010000000101111101100010111010111111111101000111111101110101110000111110110101011001000011100101110111101011111000001011111100000000010000000000001011010000010111100101111100000001
1001001011000000001011001011001010001010110000110010011001101010101001010000100101100110110101011010110010101010000110000110110001010000000110001010000110000000100011010000110010101001101011000101100010000000000001010100000001101101011010101101101100000000101000000110100000110101101
1111111111111111111111111111111111111111111111111111111111111111111111111111111111111111111111111111111111111111111111111111111111111111111111111111111111111111111111111111111111111111111111111111111311111112111111111111111111111111111111111111111111111111111111111111111111111111111
