111111111111111111111111111111111111111111111111111111111111111111111111111111111111111111111111111111111111111111111111111111111111111111111111111111111111111111111111111111111111111111111111111111111111111111111111111111111111111111111111111111111111111111111111111111111111111111111
100010100001001101011011010001001100011011001101101101100000001011100110101010001010001101001101101001011000000000000001101011010001101010110011010110011011011010000101101001010011001101100010101011000001010000010000100110010000100011001010110000011000000000100000001000000001101010101
111010111101011001010000011100011001000011101101001101101011100001001100101011101010111101011000100011011110111101111111000001000111101000011010000010110001010000101101000011011011011101111000000011110101000111110111101100110111101111011010110110111101101110001011111011111111001010101
100000111000011101011111011001111111111010001001101101111110111101100110100010100000011001001010101110001111110000100011110111011101000010111010110110010111000111111101101110011010010101010010101110011101011110110000100110110000000110000000000011101000100110111111000000110101011000001
111101101110110101010101011100110100110011101101100001010100000000001110111010001111111100011110001111100011011110001001010110010100011111100000011110110101011110011001001011010000110001010111111111011101001010011011101110110111010000101111111111001011111111110101011110000101000010111
101001000000010101000000010101100110011010000000111101010111111111100100110010111011111111010100101011110110000000111011000010110101111101110101111010000000001010110011011011000111100111010101011001010101011000110000100010000111111101100000000001011000010101000000000011111101011111101
101101101111010101111111000001101111011011111011111000000011000101110110100110100010011010000101111010110100111010001111111000110101110100110111101000101011111010100110011011011100110101000000001101010100001011100111101000110000101111101010101100000011110000010110101001110000001101101
101000111000000001101011111011001010010001010001101111111011110000000000110000101110110011110000011010010110101111101100110010010000010101100010100011111011011010110010111011001101100000011110101001000001101010110110101101110110000000101011111001111110100101011111111100000101100000001
101101111111111011000000000001101011011101011011100111010001111011111110100111100110011011110111110010110110001101111110010111110111110101111000001110001110011010110110000011011100001011111111111011011101100000000000000100010011111111101000001100000000001111000011010111101100101110101
100101001110100011011011111101101000000000000010110100011011011110110010110001101100110010000010011010110110111000110011010101100010110100110011111111011111010000110010111111010101011000000011010000001100101101111101011110110111111111111011011111010110111011101000000011111101111100101
101101011000111001011111110000001111111111111010100001000001001100111000000111000110011011110110110010100000000010010110000000101110110101100111000011000011011011111010001010000001111110101110010111101101101100000101111011111110000000011111111011111111110001111110101110000100000110101
100001001010001011110100011111101010110000000000110111010101101110101111110011011100111010010000011000101111111111110110111111101100100101101110011111101111001010110000111010111111101111111010110001100101101101101111100000100000101111110110101000101001010111010111111010111111111111101
110111011111101010100111011100000010011111011110110111011100001010001110111011010110010011000110111110000101100000000010111111100110101100000011010101101001101010011101110000101110001000011010000100101101000111100011001111101110100001000000001101101011010001010101010000000001101000111
100011010100000010110011010111111011000001111000111101111111100011100000000011000011010110010011110011101101110111111110000000001100100001011011000000101011001010110100011011100000100011111010111110100111101110101111011001001111111111011010111001101000000111000000000101111111000010001
111001010111111010010110000101010001111101101110101000110100001011111111110110010110000100110111011011000100000000001110111111111110101111111110011101101001101010100001110001101110110111000000001011111110000000101010000011011001010101011011111011100011010001010111111111000101011111101
100011010011011011010011110000000101101000000100000010000001011000110000000000111111110001111100011011011101101111101000000001101100000000000111010111101011001000110111100111100011110001101110100001011010110111100000111000000011000000001000100000001111111100011111000110011101000100111
111001011000000000010110111111011101001101110001011111111111111101100101111011101101011100101001110011000100100001111101111011101101111111111100000010100001100011100010110111001111011111000011111111000010100000111010001110110110010111111111101111100010101101001000010000110000011101111
111100011111110111000010101011111001100111111111111110011000101101110111111001101101010110101011111000011101111111010100111110101100010101110111011110110111001110101110110000011100001101011111001000010111110101111110100111111111011110010101000101111000001111100011111110000111110101101
100111010011111111110110101010101100110010011010110011000010000001011100000011001101010110101000001111000000000001010001101100100001000000010101001010100001100110101100011011111001111101000000011011111101011111000111111101000110001011000001011101011111111001101010100111011111100000101
110101010110011000000000001010101001111011011010110111101011111101000111111001101101010100101101111101011101111100000100101110101101010101110001011010101111101100100110111011101011010100010111110000001000001011011101010000011110111010011111010100000000101011111000101101111100001111101
100000000011001111010110100010101101100010000000100010111110110100011101101100000000000110101100011000001111000111111101101010101111110100111101001010101110101110110110100000000001010110111110010111101011111000000000000111111100010011000001000001010111101000111010000000110101111010101
110101111011101011010011111000101100111011011010110110010100110110110000000001010110101110101110110011111011011110101111001000001010110110001101011010101010101010000010101111110100000000001011000000111001011011111110101111010001110110011100011111111110100011101111111101100001110010101
100101000000000001011110010010000110101001111010010111010110000010110101010111110111101010101010111000000001011010100001100011111000011111111101000000001010101011101110001011011101101011100001101110010011010000111011111101000100000010111110110110101010001001100000111111110111011010001
101111111101011011111011000111110000001011101111010001010000101000011111110100011101000010101010011011111111001000001111001011010011111001010100011111011010101011100000111010000111111111001111001111110110011011100000110101011111011000000111100000000011011111101111100000000011010000111
111100110001010001101001101101111111101010101101011101011111101101001010011110111101111010101010110000010110011010101101101111000111000011010101110001111000001010101101110000111110110101100110011001100110111000001111100000000111010011011101001101111111010101000001101111111001011011101
110110111011111100001101111001011101000010100100000101010101111111100000111000000001100000000000000111110011011011111001100101011101101110010000110100101111011010101111010110000100000001110010111100001110001011111010101111111101111011001100011000001010000000011111000001111100011000101
100000101110110001100100111100010001111010110101010001010101011011111101100010101100111110111111110110011011011001011011001101001100000111000111100111101010010010100011000011011101111111011000101101111010111000000000000000000101101111100001011101100000111101000000010111000111111011101
111110101000000100110001100001000101000000010111111100000101010001011000111111101110100010011000011110111001011011011011011001011101110101010010110011001011010110101111011111110100010010011010000000111000000010111110111111111100000000101011000111111110000101010101110100010001101010101
100000001101010101111100111111101100011111010110110001110101011101011110011111111000111011011011001100110011011001010001001011011000111101111010110110011000010010100000000010100001110110111111011011100011010110000011100000000001111110111001101111011011111101111100011101111011000010101
110110100001010111101110101100111001011000010100100111110001010100001100110010001110110001000001100110011000011011011101011001011011101001101010010011001111010110001101011110101100100000001110011000001001110010111000001111011101101111110011100000000001111111101001110000001111101110101
100111101101110100000000001110011111010011000110001111011101010110111101111011011010111101011111101111011011110001011000000011011001100011000010110110011100000110111111111010000111101111111011111110111111111110011011111111001111000011011111001101101100000000001100011011111101101100001
111100000111110111111101100011010111111111010111101001001101010100011000101001010010101000000110111010001000011011010010101111011011001110011010110100110111011110000010100000110000000001011010100110001110000110110000100001100011101110000001111111111111011111111111011000100101000110111
100001101100000100000001001000000001100000010000111101100000000101111110001101011010001101011100011000100011110011011011111100010001011011111010010001110100001000111110001111111111101111010000001111100000101100011010001100110110000000110111010111000001000101101011111011101101101100001
111101101101010111111011011101010100001101111101110000111111110000101000111001000011101101011110111110111001011001000001010111000111001001101011000111010101111010000010111101100000111000000101100001101011100110110011111111111111011011111111000101011011110000101010101010100000000001101
100001101111011111111110011001011110101111110000000110011111111110001110101101111010101101110000001010011111010011011100010101011111100011001010011110010101101011101000000000001011111011111111111111001001101111111000000000101000001000011101011100001110011011101010101000001011101011111
111101100111111100000000110011110000101011011101011111000000000000101100000001010000000000110111101000110110000110000101110100000001101111011010110011000000000001111101011111111110101000000000010001101100100100001011110101101011011010110101010101100010111111100000000010101111111000011
111111001101100001110110111010111010111000011001010000010111111110111111111100000101111101110000111110110110111111011111100110111111000110000010110111011111111111011111000111010100000011010101110111100111111101111111011111000001001011100101000000101110010110101111111110111110001011001
100001101100101011000100100010000010111111000011111101010100111010111111100001110111110101100111100000010110101010010010101100101101110011011000000000001011000000001011110000010001111111111111100000101111010100010110000110010111111111101100010110111010110100100010111110111010111001101
110111111101111111110110111011011111100000010110000111111110101010101100001011111110000000101110111111000000000010110110000110101101010110001101111010100000010110100000010111000100000000101010101111111000000001110100111100111110110110101001011111110000000110101110000011101010001011001
100011010100110101111110111111111101111111010111010010101100000000000110101111000011111011101100101010010111011110100011011100001101000000100111111111101010110111101011110011010101101111100000000001011011101011000101110001101100110110101011111001100110111110100000101001100000101011011
110111000110100100001011100000000100111110011101111000000001111101101111111101111011000000100101101000111111111000001000000110111101011011110000000101001010111100101000011111111101100100001110101101000001111111101101000100000001100000000010110011001111101010101111111111001111111110001
110101101100110111101001101111110110000011111101101111111011100001000111011000010010011101101101101101111100110010101010110010110100001011100110111101011010101101111011111010101100110001111111101111011111010110100000011111011111101110101000110110011001101010100011010101101011010110111
100001000101110101001011111000000011111011100000001011011110111111010010011111011011110101100001101000010110011011111111111110010101111110110110000101110010000000011011010000000110110100000001111011010100000000001011000001000010000111111011110011011011001000001000000000001000000110001
101101110101000101100011011111111010100010001101100000000000000000011011001110000000100000001111001011110010111001010101101100110000000110111110111101111110101101111110010111111100110101111111010000000001101011011110011111101000110000111111011000000001101011111110110101100011011100101
101001000101110101111011001101110000001000101101001010101110110101110001101011111110110110100001101000100110101011000000100110100101010000000010001000000011101100001111000011110110110100010000000101101011111011010111000000111101111111101101011010110101100000000011100111001001111111101
111101110001100000110001101000011111111011100111101111101100011101000100100001101010111111101111101011101110101011010101101100001111011011111110100010110111111110101000011000000011110111000110101100111010011001000011011110010111111011000100001010110100001010111000110110011100000000101
100000111100111101111011001111001111111111001111001000001001111111111110111011000000001011000101001010100100100001011111100110111011110000001110110111100000001011111101111011011111100001101110101101100000111111101001000010110110110000011101111011111101111010001010110011001101110111111
101110000001110100110011101000011000001101101000011011111111110110111010000011111111100001110001100010101101101111001010110010101010011110111011111101110101111011011000101110001110111011111010101101111010101110111101011110110010111011111101100000011000011110111111110111101100010011011
111011011101010101110110001111001111011000111111011110110110000000001011111000011100111101111100110110001100101011011010110110100000110111111000000000111111110011000010000011011010111110000011111111010010000000000101000111110110000001010000001010111111000011110000010001111110111000001
110001110001000000010011100111101101001101111101110000010011111010100011011111010101100101010001100000111101101000001000110000001010000000101011111110000110011010011110111001111010000000101001011110010111011111110111111101100110111100000110111111110011111111010111111101010110011111111
100111000101111111010111001101100001011000101000111111000110011110111000010110000000110101010111101101110001101011111011100111011111101111100011111111010011011010111111111111101010111110111111001100111110000000111110101101110000000110110010000101010110001010000000000111000011010101101
110101110100100100010110011100001100001110101110011011110100110111111111010111111110100101000110101111000111100010110000110111000100111111001000000011110110011010010011000000100000000011110000011101101011101101101100000000000101011110011111011100000111100000101111111111101111110101001
100101011110110111010100110111011111011000001111010000110001110011100000000101001010110101110100101010011100001110000111110001010101110000011110111110110011011010110111011111101101011001010111110000001001100101101101111110101101000011000001110001111101101111100001011100000110110101011
110101011000110100000101100110010001001111101010011110111101010110111111110101100000000000110001100000110111100010111110000111110000000111110111101010010110000000000000000100001111111100000000010110111011111111101100010011111101011111101111110111111000000000101100000110111100010101011
100000000010000001010000101111111101011011000011010110000000000110110111100000001011111010000101101111100011101110011011011101111011010110010101101000111111011101111101010001111010101111101101110011100000001010101001110111100111111000100001010000000011101111111111111100000101110101001
101101101011010101011101100110101001001011111010000100101111110110000000001101111111101111101111000011001000000010111000001000011011011100110101101011101101011100001101010111111000000111111111100111111011111010100011100010110110000010101100000111111001101000011010110110111101110100011
111001001111111111110001101100101101011001100000110001101101110011111111101111110100000000101011101110011111111110000010100010110011011001100000000001100000000110100101010001000011110000001010101110101001010000001000001000010110111111111110101111011111000011000000000000001100010101111
111111101000000011111101000110000000000011001101100101101001011000000001000111010001111110001010000011010101010100110110101111110111010011001111110100001010111111111111011100010110111111011000001010101011000111011010111111000000000000001100100000000001101001101010110111100001110101001
101010101010101001011101011100101101111011101000111100111100001111111101111100000101100000100010111111000000000001100010100001011101011011101000111111111110011100000011011001111100000001000011100000000000011111111110000011010111101101011110110101101101101100101011110011110100000000011
100010111110111100000000010111111111010001111111111101100111011011010000111001101100111011111000101000011111111111111111111100001101110001000011101010101111110101110111111100011001111011010111111011101111111100000011011001010000100101000010110111000101100111111000011000010101101101001
101000010100100001101111010101011000000111011010100111110100001011010110000011100111111111011110000011010000001110101101011111111100100100011000000000000011100000010101110101111100011111111100011000100000010110111111011011011011101111011010110011011111110001011110111101110111111001011
111101000111111100111110000000001101110011011000110110100111100000011111101010001110100100000010111111000111100000000101000011010110001111111101011111011110110110110001010111010101110100101101001010110111000000011101111111010001100001001010010110010000010100000111111111110000001101111
100001010011010001111000101101100111010111011010000100110011111111001010001111101100110111111010000001010000101111111101011110000000100001101111111111000100010111111111000011010000000001101101101011100001101111000001101101111100101011011011110011000111110110111101011011011011011101101
111111111010011011001110101111110110000010001111110110000110000011100000111000001110000110000000110101010110100001010101010111011110101100000000000001010001000001011011011110000111011111000000101011110101101111111011000000101101101111001111111110010100011100000101000011011111000100001
101100011011011111101111111010000011111010111101010111110111111000001010011111111011110100110110010101010110101100000100000000000011111111011110101101010101010101010001011010111111111001101111111110011100100000011000011111101111100001101110000010110001000110110000011111000101101101101
100110110000000101000000000011111011000000011000000100000101101010101011010000000011000001100011111101011111111101010001011010111001010001000010101101010101010111000111000010001100101011100000010100111101110111111111000011101000101111111011011111111011111110010101000000010000100101101
101100111110110000010110111000100000011101001111110111110000001110111111110111101001111111111000011111000000000101011011001110011100000101010111111111011101111111101101011110100110101010101111110101100111111110010001011110101011111101010001000011100000000010110111101110111101111101101
100110101000111011110011101110001111111001100111000101011111100111110110011101111101000011000010110111010101110101010011011111000110111111110101010111111101100101000000000000110010100000000000010000110010101011000101000000000000110101000111011110111111101010110110100010000100011101101
101110101111100010000110000000101000001111101101110000001000001100000000110000110101111000011010000001010101111101011001000011010110000001110000010101100111101100010101111110011000001110110111110111110110101000011111111111110111110000011101000000000000101111110100001011011101000101101
100000101101110110101100101110101110100110001101011101101101100111111110111110010000011101011010110111111111000111110011110111110011011111011111110000110010100001110100000011111111100011111111000001010000000011111010111111111100100111000000011110101111111000011111101111000101011111001
111010001100111111111111111111101000110000100001001111100111101101000000011011011111000001111011100000111000011111111000010100011110000000000011011101110110001100010110111000000001111111101101101111000111010111101000000000000110101111111011000011111111111101111011000110011101000011011
110011101110011011000011010011111110011111101101100110101110000101111011000000000010011101000001101010010010111001011010110001011011111111111110010000000000101101011110001111011111000100000100000001011111110000000010101111011100000000001001110111000000101000110001101111000111011111001
100110000000110010011110011010110111110001001100110000001011110101001001111111111000111101101011101111000110101101011111110101000000101110001011010101010101100101000010100001111101011101010001011100000101111010110110100001110101110101111100010000011110000010000111000110011111000001111
110111101110011011000011010000000001111101011110000110100000000001101111000001011010100101101000100110010010000100000000010111101010000000111000000101010100110101101110111111100000001101111011000110111100001111111111101011110000011100000101010111110111101111101100011111111100011011101
111101111011010011101110000110101100000100000011101100101111111101000110010100000010110000101011101111111010110001011111110000101011011111100011110111111110011101100110000000001011100000111111101110000101111111101011111111010111111101111111111101000000111101111111110110110111111110001
100000100000010110001011101110101111110101011110001111101100000001110011111111011011111010101000100000110010011011011111110111101011001110110110111110101011000100110011010101011001101010011110101011010000001010000000010101000000000100000111001100010111110000000110110000010101100010111
101010111111000000100000001100111011000001011000101010001111111100010110101011111111101010111101110111111110110011000000010011001111100000010000101000000001111111100110010111001011001011001010100011110111111010111111000001011011101110101101101001111111100111110110000111000000001000001
111110001100011011101111111111110001110101011010111011101011110001000010101010110100000010010111000000000011100110010101011001100000110111000110000011110100110000111110110011011011011110011000111110111101101000001011111111001111111111111101100011001000110000011111010001101111011101101
100000101110110010001100000101100100010101001110100000001000011111101000000010100001101011000001110111111000110011011111001011001111100011011110111011111110000101111011110111111111000011000010000110101000000010100010101101011110010101010100001000011011110111001101011100100001000101101
111110100000111011011110110000111111000101011000111101101101000110111111111010001101001001101111100000001110110110000001011001101111110110001100001010011100111100000001011111100001011110010111110000000010110111111110000000000011000000000001101101111011000001100000000101101111011111001
111111110110011011010110111010000000010101111101101001101111110000111000000000111001101011000010111101100011111111011011110011000000110010100110101000110110000111111100000011001011000110110011111111101011111101010110111110101000011111111011111111110000011111111110111111100011000111101
100000011110111111110100100011101011011111101111000011111011000110000011010110110011111001101110100101101111011100010011111111101011100110101100111010000011111110000111010111011111111100100110001111111000001100000010001011101011000000001110111000010111000010000011101010110111010000101
110101001100001101110110101110001111111010101010010110000000011111110110010100010110111101100000001100101101000110111001010101101001110010100110011011101011011010111111011100000100000111110000100000001101111001101110100000111111111111111110101011000001101000111111000000110001111101111
111111100001101000000000100111100110000000001000110100101011110000000011110110110010101100101011011001100000010110001100010000101011010111111110111000101000000000000001111001010101101101100101111010111111011011111100101010010110101010101010100001010111111010000000010110011111100100111
100010110101111110111010101100001100101111100010010110101110000110110110000110111110000001101111001101101110110010111111010111111000010000000010001101111011101010111100101011110000111101101111011111111010000000011001101011000000000000000000001101010000001011011111111111111010001110001
111000000100001100100010101101111111111111001110111111111000111111100011110100011110101101100001011100100010010110011000000000011010111101101111011111001111111010000110000000111010010001100000000000000000111111000011111011011010111111111011011101010101011010000010101001000000111011111
111111101110101111110111111111010101010000011000101011111101101000001110000101000011101000101011110110111010111110110010101011111111100100100110000000011100011111110110101110001111000111110101101010111010000001010110001111111110000000001001000111110111110011011110000011011010000000001
100000001111111011000101010000000000000110110011101010101001000011011000110111101111001110111000000110001011101010011010101001010011001111110111111101000001000000111111100010100101010000111111101010110010110111111110111111101111101111011111111110010000110110000000111000001110110111111
111010100101100000011101011110111111010011111011000000000011101001010010110110000110011000001101101100111000000010110010101100000110011010110000000111101011110110001100101010110001011111101010111111111110011110000000011011000000100001111110101100111111111111011011111111100011111111111
100011111100111101010000010111110111010111000010010101010110001101011111111111101111001010111100100110001011010111110110111101010010110000011010110011001001100010100101111111111011001000101000000011011111111010111111111000011110110111101000000101101010101111110000000000101011100100001
110110011110111111111101000000000000010100011010110111010100100111111100110000000101011110000110101111011011111101100100011001111000000110110011111011011011110111110000001101011111101011101011111110000000000000001011101011110111111110001011111100001000000110000110110110111110101101111
100011000000000110001111111111101101011110110010100100011110110110110001100101010001110000110100101101110000000000110111011100001010110110111000011111011001100001011011011100001101111010000000110011011111111111111000000000010001100000100010001101111011111111010110011111110100101100001
110111010111110111101011000101001001001100011111111111111111111100011101001101010100111110111110101100010101111101110110000110111111100010011011110101111100110111011010000101111101010000111010000110000000011111100011110101000100001110101000101000110000000101110111000001100110000101111
100001011100000011100011110100011101111111110101011010110101101001000000011001010110011000000110100001011100000100011111010100000000110110110000000000001111100000001011011101010000000110001010101110111111110000001011000111101111101111101010100010010111110100111101010100110000111101011
110111111111011000001001110001010111110101000000000000110000000011010110111111010011001011011100101011110001111101001010010110110101100110111110110110100000110111011010000000000111111111111111111010000000110111111111110001100000100000101011101111000000010001101101111111100111110000001
111110110000011011011100000101010011010001111111111110011111111010010100001100010110011011000101101010011100010111111011111110010100111100000110010010101111100001001011010101010000000000110110011000111010000000001110111111111110101111111110001101010111111111101000011010001111011011101
101000000110111111110101101101011001011101001111111010110110000011011101011110110110110010010111111000110001000000010000110000110101101111010010110111100000111101011010010101010111010111100011011010001011111110100010000001011111100010110110100001010000101010100010110010111000011011111
101111010111100001100001001101011100000000011000000000100000110111111101001010010100011011010001100010011011101101000111111101111100000001010111110000110110000101011010111101010001011110001000000011011001101111111010111111000000101000000111101011010110000000101111111010111111011000001
100001111100001101001011101101010110110101000011110110001110100010100001011000111101001110010111001111001001111101110000011000001101111011110001100101110100101101001010000111011011111100101101101001111100000001011110100101011111111111111101101110010011011110000001010000001100000010111
111011111111101000011110001001110000110111010111000110100110101010001101001110001111111100110001100001101100110111100110111101111100011110111111101100011110101111111010101100001000000001101101101100010101011111000100001101001000000110100000100011011001111011111100000101111001011111111
100001010111111101010111011011000110011110010100010011110100101010101101011000100010110001110111110111000110000000110010011001110111000000000000111001000011100110111111100110101110101011000101101111000101000000010001111001011011111100001011110111111100000000000111101100101011001100001
111100000000000001010000011011110100110000110111011010000110101010100111001110101000010111000000110110011111010110011010111100000001101010110110001101010111110000000011001100101100101011101111000001011101010110110100001100000000101111011111011110100111111111111111100110000011100001101
100001011111011101111011001010000110011101111111110011111110101011110100011000111110111100010101100011011100010010111110011001101011111010010011111101010110000110111111100111101001101001101011101111000111011111111111011101111101100100000101001010110010111100000000110010101000111100111
111101110000001111101001101011101111011101100000000110000000101011010101011010000010011001010100111110000111011010001111010011001110111110111000000101010011101111111101001100001101101011000001100001010011000101011011110000001111110101111101011010111000000001101010010110101011111110011
100001000101011000000011001011111011110001111011010011011010111000011111111010110110111011110110000011010011001010111011110111100000000010001101111111010110000000000001100110111000111111101011001011111111010000000000011101111010100000001101011010001011111011111111010110101000000011001
101101101111111101111011101010000000000101010011110111110010100011011010000011110010001111000100110110010111011010000000110110001010101110111100000001111111101101111111101100100011111110101110011000000001010101010111110101101000111011111000001010111000001011010101111110111010111111101
111001001000000001000000101011101111011101000110000101000111110111010011111001011111101101111101110011010001011011010110011111011111100010000110111111101101111100000000100110101000101010111111011011111011010111010111010000000011101011011010111000000011101000010000000010111010000000111
111101011110110101111010101111111000010001010011110001110101000001011000000011011000111100001100011010011011011011110011000110000001101111011111101101000000000101110111101100101010000000011011011000001110010011010000000101101000000000000010000011111000111111000110111110001010101010001
101111110100100111000010101100111111011011011111100101111101011011011101011000000011100001100001001111001011110001100111010011011011000001000101000000011011011100010000100110111110111101111011011010100111010110011010101100101011101101111111101111101010000111010010000010101011111011011
101010100001110001111010111110000000001111011000001101001100011001110001001110110111001011001011111001011000111011101101011110011001101111110000010111111111011111010101111100001100001100000011111111110001111111011010100110101000101100000001100010101111111101111110110110111000011111111
100000001011111111100011110111111110101000011110111101100001011011111101101000010001011011101000001100011011101111001100000011001011000010111010110000000001000111111111011111101001111001111110101101011100000011010011111100101101101101111111001000000000000000000110011100001101010110101
111111011000110010110110000000000011111110110100100001110101011011000001001010111011110001101011101101001111000001011111010110011011011000001110110110111011010000011011000000101100011100000000000000000101101110011000001110111100111100011101111110101010110101011111000110101101000000001
100011011011111000011110101011011001010100110001101101000101011011101011101010001110000101101001101101100101010111011000011111010011001101111111110110001111011101111000010111111001000111011011010110101100100111001101100011110110011001000000000010111110111111111111101111111111010110111
111000010001010011001011111111111101010110111011001001110101001010001010001010100010101101001011100111110000011111001011000011011001101100000011010111011101111101101011111110011011010110001011111111100111111101111001111111000011001101101111111010000111101000010110100001011010010110001
101101011111010111101011011001100000000100100010011011000101101010111011101010101011101101101010111100000101000001101110010111011011001101011000010001110000000100000000011000111110010111011000000001101111010100001100000000011110011001100000011111111101000011000000111100001011010110111
100001011100000110000000001101001011010001101011010001110111001010110011001011101011001001101000111111101101101111000011010110010011101101011010111100000101111101010101000011100110110011001101110101100000000001101110101010111111110011101011110101101100011111111010000111111011111110001
110101010001101111111011101000011111111011101010011011000001101010011011011011001011011011111010000000111000100001011001110111011000100111001010001111111111110111111111101000001100011010011000010111101010101101100110111111100011110110001000000000000101111010101111110001110000101011101
100111111011000110000010000011010101111000101011111111101101101010111111011001011001010001100010111110100011111111111101100100010010101100011010100111111011010001111010111101111110111111001101111110001010100100111100000000111000010011101101111111111101100010101101011111010111100001111
110110000011101111111111111111110001010010101110101000001000111010110100011011011011110100111010110111111000000000011000110101111011111111001010110000000001000111010000011000000010110000011000001011101010101110011111011111110011111110001100000000011000001110000100001101010000001101011
100011111010001100001110101101111100010111111100001010101101100010100001001011010010111111100010000001100010111101111101110100110000111000011010110110101100010000000111110010111111111110111101100011101011100011000011000101011011101111011110110101111011100000110001100000000101011111001
110110000011011111100000000000000111000001011001100011100101111011101011101001111000011011111010101011110110000100101111010111111010001111001010110010100110111111011101011110000011100010011000101000101001101011010111110000001000000011010100010101101010111111111111001101111111111011011
100111101001110111111101010101010000010111000011001010001100110011001001101100101101110000000011101011110110111111101010010000011010100011011011100111101110000001000000001110111110101111001101101011111111111010011110000101111011110110000110111100000000000001000001111100000010110001001
110101111111000000001111011111110101010001111011011011101101111001101011000110100000110101010110001001100110101001000000111101001010111011001111001110001011110111110101100010000000000001011001101011000111011111000010101100000000011111101100001111111010111111011111000110101110000100011
100101000111111111101011111010110111011011000001111111000101000011001111010010101010010101010011011100111100000011011111111111011010110011011001011011100000010000010101101111011111101101110011101000011101001101110111100111101010111001101101111010011110000000000010010111111010111111111
110100010000000000000000000000000100011011011011000000010111110111100110010111111010111111010110010101100001101000000000110111111010110110011100000001101011110110111100100011000000111000011000101101000101011000110101101100001010001101111000001010110010101111111110111101010000000000001
111110111101101111110110111010101101011011001111111110110110000011001111110110000011101111110110110000111011111101011010000000101011110011001101011111001111110010101101110111010111111101111101101101011100000010010001111111011011100000001101100000000110100000001100101101000110101111111
101011111111111000000111100011101001010001101000100000011111101011100011110011011001100100000110111010110000000101001011010111101111000110011001000011100000010110000100110001010000001101101100101101000101111111111111010110011000101111111100110110110011111011111001100000011111111111011
300011010010111111011101101011001111010111111110001011001101101010001110000111111100110001110110100010011101101101011011011111000001101111011011010110111011110111110101111011010111101100000101111111010000001101101011000011111101100000000110110011111001011110000011001101000000000000001
101000011000101000010000001110011100010110110110101011011100001010101111010011000001110111110010101010110000111001111110000000010101100011110011010000011000010001111100101111110001111001011111100000011010100000000000011000000101110110111111100110000011000011010111011111010111111111111
111111000010001110111101100111011001010110000100101001010001011110100011011001101101100100000110101110110110001100000111011110110111101000110111010111011111110100011111100000111100111111000000110101011011111011101111111101110101010110000001101111110110010111011110000111111110000101111
110111111111100000100000110011110011111100110001101011111111000011101011001011001001110110101111100110011100101001011101000010010000101010010110011100000000010111000110001010001110000011010101100111011001100000100000000100111111010111010101001011010000110000001010111101101011011100001
100001101110001010111010011010000111101111111011101001100000010110001110011010011101000011101101101111011001101101011000010111111111111111110011010001010111111111010000111010100010110110010101101111001011111010111111111111101100010001111111100000011010011110100000101100000000011101111
111100000000101110100010110011110011000101101000101011001101010111100011001011001101110111111000000011001011100111001110110011100011010000011111011011010000000001010110001111101011111111010101101100011001100010000000010110100110111100011010111011011111011111110110000110111111000000001
101111101010101000110110011111000111110100000010101011101101011100001001011111100111110000001101101110011000101100011000011000001110000110111010010011011011011011110011101111101000000011111100101101001011101010110111000000101110111111110000001001000110000000110011111100010111111111111
100110001110101010011110110000011110000001101010101110001101001111011011111110001100000111111001100011111101100110111101001010100000101110000011011011001110011111111111111010111010101110101110101101101000111110100011010110000000010010000110101011010011010101110111010101000000000000001
101100101000101111111000110111011000110101101010100011101001011000011000101000101111010000011011001000010100110110110001011010101101101011010110010001100011000001011010111000001011101010001011111001101011110110110111011111010101000110111111101001110111011111100000000001101111111111111
100001101101111101101110011110011101111101111011101111001101011111001110001011101000011010110001101011000101100110100101001010100111100001010011011011001110011101010000000010111001100000111000001100101001100010110110000101010111110000000000101100010100001010111010101100100000000000001
110101001101010000000000111000110111111001000011100001101101010000011111111001101101111110011011111001010100110011101101011011110010111111010110001001100011000100000110101110011011001010001011011001101100001110110011010001110000011010111101111101110101100000101110101101111011111101111
100101011001011111011111101110100110110011011010001111101101110101000000001111111111101111110000110011010111100110000101110001011000011111111100101011110110010101110010100011111111011010100011111111100111011111100110010100011011111111111111110111011101001110000011101000011000000111001
110101001101010111010000000011110000000110011011011000001101111101101011100011010100000001011011100111110001110011010100110100001101110000101111111000110011010100110110101000001101011010101000101110110110000000110011010101111011110000000010100000001111100010101011111101111101110011011
111111101001000000010111111000011111010011111001001101011000001111001000111110000111111101010000110000011100110111010110110101011101110111100011000010100110010110010110101110100001111111111010000000111111011111111110010101100000000101111110001011100110101010101000110100010111111000001
100000001011101011011111101111011111011001100011101101111010111000011010000011110000000000000110011011111001100001010011111101110100000011101111101110101111010010111100100011110111110001011110101011101101001110011111110101001011101111110110111011111110111110111010010111110000001101101
111110111110111011010000000000000000001101110111001001100010110010111110111110000111101011010010110000001100110101011000011000110001111000001110100010100001110111111111111111010000000100000110101010000001011011010001111111101110000110000000001110111010000111111011000000000110101111101
110111111000000001011110111111110101100101000001011100110110011011100000000011101100001001110110111010111110110111010011110010110100001011100010111111111011000101010110011100011011010101010010101000101101000000010111000110001100110010111110100100000000110001101110011111011111100000111
100101000011011011111111100000000101101111101011001101100011001010001010110110000111011011000110001010001100111111111000011010111101101011111110111011010001110000000011010001011111111101011111111011100111010110110000011110101110100110101111110001011010010101000110111011000011110110011
110101111010001110110000001010101111000011001001101000110110011010101010100100101100011011010011011010100110000000011010110010100001111110010100000000011011000101011000000111110000001101111100011011001111110010000110111011100111110000000000011111111011110100010110100001101110110111001
100000000011111100011111101010100011101111101011111010110111011011111011110101101101011011010110001010101111011111110010011011110100010110110001111110111111101111001010101110100110111000100001011011100000011011011100000011001100000101011011001110001001111110111110001111000000010011111
110110110110000001000000001011101110000010101001100010100001011001100000110111100111011011010011011110100001000000011011001110000111000110000100000011100000000110011110100000001100011010001011001001101110111001011110111001100110101101001111100000101100001011101000100011101011011000111
100100110111101011111101011110001100110110001101001110101101010011101010110110001100011011010111000011110111010111110011011000110110010000101101010111111101010010110111101011111110111011101011011011000010001101000011111011110111111001111110101101101101101000001010101001111001001110001
101111100100001010000101001110100110110110101101100110111101011000111010110010101111001010010110011000110001010000010110011011100111010101111001010000110101010110000011001000000111100000111111110011101111100101101000001010000000001100000010101101101100100011111010101011001011100111101
111011001111101111110001011000110110100111100101101100000101111010111011100110101000011010110011111010111011110110110011111110001100010100011011010110110001010011011111101011110001111010000001111010000000110100101011111111101010101101101000100100111001101111111111101000011000110000101
100000011100000101111101001110010100110000110111001001010101000010100011110011101010110010011001101111100010110010011001110000100110110110111001011111111101011011000010101000110100101010111111011111010110111110111000000110001010101101101101110110001111100000001101101101001101100101111
101101010001111101000001100110110111111011100011011011110101011011110110100111111010100110111100000011001000010110111111011110101111100010001111000101011001110011011000101101100101101110000100000001010110000010110011110011101010100101000101100011111010111111111100111111111111111100001
100111011011000001111011110110011111010001110111110000110111011001111110001110000011101110011001010111101010110010010100010100101100001110100001011100011100011110001010100100101100000110111101111111110010101110011000110110001011101111010100101001101010111110000110011010110001011111111
101100001110011100100011000011011100000111000110000101100100001100101100101100110110000011110011011100001110010111000001110101101110100110111011000001001101000111011011110101101001111100001101100000110110100110111101110011101001101100010101111100000000000000111110110000000100000000001
111111111111111110111001101010000111110001110011101100111101100111100001101101100110110110000111000111011000110101010111100111101000101100001111111011111001010011001111011100111101111110100000001101100010101100110100011011111101111110111100001101101010111110010000000110101111101010101
110100000000000000111011001010110100000111110110001101101111001100001011100111110010100110101100011101010010111100010000001111001101100110100000001110110011011001011100000110010100000110101011101101101010100110000110110000000100001100000101101101101010000011000101010011100000101010101
100001110111111110000001101110100110101100000110111000000011101110101110111111000110110011101111001100011010101111010101100001100100110011101111100000010110001101000001011110110110111111111000100100111010110110110010011010101110101101011111100101101010101001110111010111111011111110111
110101000100000010110100101110101100100111010010110010110110001000101100010100010110111010000001101101011110100001010100110100101101100111001111111111111111011101010101011000000010000000001101101101111111100011111111110010111110111111011010110101111110101101000001110000011000110010001
111111111111101000100101100010100110101100011010011010111111011011101101000001010010011010101101100101010000001111111110010111100100110001100000000101101011000111011111001101011011011011111111101111000011001001101101111010001100000111000000011100010111101101110111000101001010000110101
101011011011111010101101101110110100100111001010111110011100001010000101101011011010111111101101101111111010100000001100110000101110111011001101110000000001010001000001101101001001011001011010100011011111101100000000001110111101111100010111111110110000101101100001010111111111101110101
100000000000011010101001100010100101110100011111100111000111101111010101001001010011101101101100100110101110101011111110100111100110100001101100010101101011010111011011000101011101010011010000111000000010111110101111111111100000110001010000010110000110101100101101110111110000101011111
111111011111000010111101110111110100011111000000110000010000111100010111101011011011000000000110110100000100101000000111110000110111101011101101010100111001010001001001101101001101111000000101111101101000001100100010000000111101111101010101000011110011111001111101100101010111100001011
100000011000011011110000110001010101110000011101111110110101111001010011001111111011011101010010111111110110101010110001100101100011001000101101110111111111110111111011000111011001110011010101100101101101111111111000111011101111011101010111101000011000001100000100110000000000110100001
111110111101011011000110010101000101111111000111000000110101100011011001100000110001111111011010001100000000101011111111101100101001101011101100010000000000110000011110011111011100011011111111101111111111110111011101101001100000010111010000101101110011011110111110100101010101111110101
100000110001010001110011110101101100010100011111111110010101001001010011001010011011000000011011011111011010101000000011001101111011111001101101010111011011110101000011001100000101010000011011000000111010010100001100001100001010110111111011111111111001001010111111110101010101000111101
110101111011011011100111110111001110110001011001010100111101011011011001101011111111111111011001010111110010101101011001100100110000111100101101010001001000011101101111100110101101111010111000011111101000110101111101100110111010000000110000011000001111111000000101100101011100010101111
100111100010001110110100010011011000111011001100000001101101010001010011101110001000000000011111110000000110100101001101101101100101100001101101010101011101000111000010110010100100011010000011000010100011110000011000111100001111101010110101000010100000001011010000111111000101010000011
101100001011011000110001011010011010101110011111110101101101011011010110000111100011101101000000011011010100111111111101100100111111110101101001110101000111011111101000111011110101110010101001011000101111010111111101110110111101101111100101101111101010101001011101101011101111011101001
101111101110011110000101011011011010100111001100000100000101111011010011010010111001111101101110110011011110001000000101101101101010000111001100011101010001000000111010001011000111000111101011111110000101010000010100000110000001100101110101100000101011111101000100000000111010001101011
111000000011010110101111111010010010110000011110101101011111100011011010011000001111000000100011111001110000100010101101101100000011101100011110111111011111111111110010111001110011110001101000000011101101000111110111101100110111110000110100111101111011111111111110111111110010101101111
111111101111110100100000001011011011111010110100101111000110111001010011110011011100011010111000011011111010110111111000111001111110000110111000100110000000000000011010001100011000110111001101101001100001011101110001111110110011000111100110000111011110101100101100000001010111100100001
100111101110100001101010111111010000101011110110101000011100011101111011000111111001011110001101001010000010100000001110001100011100110110001110001111010101110101111110100111001101110001101100101111110100000000000100001100110111010000110011010011001110101110000110110100000001101110111
110000001000001101101010000101111011100001100000101111000001110001101001110000001101000110101101101111101110110110100111111001000110110110111000100001010111111111110010101100011001000101001101100110000101101111111111111110010001011110011010011000011010100100110010010110111100101011101
111111111111111101101011110000110011101011111110111000010101000101101011000101101001010110100101100110001110110011111100011101011111100110011110110111111111000011010110111101001111110101101111101100110101000001111000010111010111111100111111001011000000001101111111010110001101100001001
101111110000110001111000010101111000101010100000011111011101010111000001010101101101110111101100110100101010111001010001000111000000111100110000110000111100010110000010000111011100000111000000100110110101010100000011010101111110110110000110011001010111100000011111111111111100101100011
100000000110000100110011011100101101111000110101010100000111110001101011110101101000110001101101100110101000001100000101110011010101111001111010110110010101111110111111101100011001110011010101111110110101010111101111110101101000000110111111110011010010111101000010101100010101111001001
101110101100101101100110000110001100110011100111010001010100000101101001100101001010011100100111110111101101011001101101111010011100001101011010111111000000011010011101111001001100110111010100000011100101010000100000100000000010110110110110111111011000001111101010000001110111011101101
111111100110101100110011010100101001111001111110011111011110101101001100101101101010111001110110000101001101001101100100001010110001101100001110000011011101111010110000111101100110110110010101110111110101111011101110001110101010010110010000000001111101111010111000111100100000010111001
111011001100111110110111010110111011100011000000110000001011101101100110111111001010001011100011101100011101100111001110111010011100101101111110111011001100000000000110000111001100010111010100110000011100110000100111100111111110110111000101101111101000000000111010000110001101110011111
100001100110000010010100011110100000110111101110010101100001101100110100000001101010101011001011101001000101110011011100111010110001101101100000001111011001111011011100111111111110110101011110110110110001111011110101110101010100110011010100100010101110111010001111011110100111010110111
111011001100101011010101000011110110011110001000111101001101100110100110101111101111101001101110101011101111010110000110001110111011000100110101101110001100001111001111110101100000111100001100011100011011000000010101011100000101110111010111101000000110001011011110000010110011010110001
110000011001101011010101101110000111110000101010000111100101001111101111100011000101101111001000001111000110000011011110111110100001101111110111100010101101100001100000000001110110011001011001001110110010011010111100001001111101011101010000101010110110101011110011011110011000000010111
100110111111001001011101111111110011011111101110101100001111111000001100001010010000111111101011100110010011011011000010000011110100101011010000110110101001111011101011111111011111011101011101100010011011011010000001100011011111001001111011111011110110111000000111111100110010111010111
110110100000011011110000010001110111010111111000101110101011011011011110101111011010000001111111101100111001110010011010101000110110101000000110110111111100001000101000001001011011000101001100110111111111010011011111111000000110011011110000110001011111110010110000000110011010011000001
100010101010111001111011000101000100000000111101100111100000001010011000100011011010111101010100000110001111110111011111101011100010101011110110010000010110101110101010100011000001101101101101100100000110011110000000001110111111000001011110011100000000010110110101111111010010110010101
101010101110001100011011011101010101010110000001101101001011011011001010101011011010001101000001101111011100000110000101111000110111111010000110111010110111100110101011111111011111111111111000110001111111011110111010111111110000011011001111111001111101010110010100011101010110011010101
101010111100111110111011011101110111110011010100111101011011011011101011101111110010100111101111000011011001010110101100001011110000001110101100001111100011001111111001011101011100000010111101100100000011110000001010000000000111110001100001101100011111010011010101000001010011011010101
101111100001111000110010000101000111000111010101100000011111011010001110000000011010101100000110011111011101010010100001111111100101111100101111011111101110011101011100000000000001011110001101101101011110111011011011011111111110111111101101001101000001110111010111010101011111001010111
100011111100001110011011011111101100011100011111111111000101110010100111101010111010100111010111000001001111011111101111010110101100011001100110000010100111000000001101101101111011000000111000111001011000000011111110001110111100000110000111011111110101100001010001011111011000011010001
110110110101100110110011000000111111011001011011000000010000011010110100001010001010101100010001101101011000001100000000000010111111111101101100101000101101110101011101100100110001110110011110011011011011011000010111100000100110110000110010000110111111110111010111000001111101001011011
100100010001101100011011011011100010001101111000010111011011001010110101101111011110100110110111001101111101011110101111111110110000011001000110101010000000010111000101001110100100011111000111111111111010001101000001111010101100111010011000111100000001010001110001010111110001101010011
110111000100100110111001011000101000101001001110110100001001011111100111000001000010101100111111100101101111000110100000100000000111110011101111111011111111110011011111101011101101001100010000000000101110111001011111001010001101101111111111110101010100010100110101110000010100101011001
111110010111110110110011001101111110111111100000010101011011010110001100011011010110100111101000001111000000011110101010001111111111111011000001100000000000010110000000100000101101100110111011111010001100001111000000011010100000000101010011100001111110110101111111100101011101111001011
101011110000111111111011101101010000001111001010111111011111110000101001011011011111101100000010100011011110110000101010100001101000001001101100101101010101110011011111101010100101101100101000001010101111011000010101001010110110110001010110101111101011111111011000101111011001001101011
101000000110000000011001100101000101011000011010001010001100110110111101001011011010000111111010111010010000110111111010110100000010111101000101101101110100010110000000111010110111101101100010111111111000011101011101111010111110010111000010000000000000101100000011111111111100011001001
100011010011111010110011001111010101010011010011011000100001110011100001011110000011101100000010001010111010110000011010010101110110010111101100111100110110111111010111111110111110100111111010001101011101001101001100011010100000110000010110111110111111100110111000010100001101001111011
101001111000011110111001100001111111011110011011111101101011010110001011000011011110000111111010111110011011111010110010111100011111000011000110110101100110101111010001101100000000110000110011100001001101100111011001001111101010010101111110000010000000110000001111110101111111100011001
111011000011000010011011110111101010011000111110110101101000011111011010011111111011011100000010000110110011010010011010001101000011010110010100000100110110000110010100000111011101111111111001110111011111111111001011100011001011011100011010111110111111110111111111010000101010111111101
100011111001101111110001100110000000111010110000000000111101011011111111000000000001110101101010101110011010000111010011011001101110010011010101101111100011011100110101010111111111000111100011010000000001100000011001101111111111001101000000000011110111000011010000000111101000011101101
110110000011000101111011110011111010100010111110101110110101000010101101011010101011110001001110100010111110101101010110001100100011010110011101000000110110000111111111010001110111011100101011000101101111111011011111000001100000011001110101011001000000011111010110110000000010110001111
100011011011010100001001100110000010101111101011101100000111010110000000001111101110000101100110101011110100100001110011011001101001010010110001101101110111010000000110011100000000000001111011110101101101001111000001010100110101011100110111111101011111110110000010010101111111110100111
101010001010010001111101110110101011101100000001001101010011010100101010100000111110110101101110111111100001110100110110011100111101110111111011000100010001110110110111011001010111111111001110000100100001011110011011011111111111000101110110101100001110100000101010111111001011010111101
101111011110110111111000011100111011000110101100011001010111111110111010111101111011100101001011100000001101010101100011000110000100011100000001101111110101100010110011001011010000000000011100110110110100000011001011000000110000010111000010000111100000001011101110000111101011000111101
100110000011100000001101111001100011101100101001001111010000100111100010100000000001110101100011001010101100010100111001111110111111111111011011000000110100110111100111101011011011010111000110110010111111010111101110011111111010110011111000111111111111101000101111011101100001011100101
110111011011110110100101100011110110000111101101100110011010001101111011111101101101011101101110011010101001011101110011000000000001110110010001101011100101110101110000111011011001010001010011100110000001010011000011000000011010110110100010000000010000111101100011110100001111010110101
110001010000010010110111111001100111010110000111001100110011011100000001100000111000011001000011001010101101001101000111101010101111000011110111001001111101100000011101100001011011110111011000110111011111011001101001101010111110110110001010111101010110010100110110110110111111000010101
100111111011010110110001100011110011010111011100011110011111110111111011111010001101111101101001101110111101100111110000111010100000011011000111101100000101001011000100110101011000010001111101100011000001110011001111111010110100010010101010110111000010110110010100110000000001011110001
110000001011011100010101110110000111010011111111000011000100000110000010100011011000010111001011111100110000110110000110111110110101001011110000100111101101011001011110100111011011111100010111001001101100111011100011000010110001011011111010000011010110000011111110100111111111010110111
100101011011001111010100110111010001010110000100011011010001010111110110001001011010110111101001100001111010110110110110001100011111011110100101110000111001011011000011110001011000000111000011011100100110011110101001011010110111011111000010111001010100101111011010101100010100000000011
110101001111100011011111111101111011010111010001001011011011010011000111011101110010000000101011110100011010110010100010101101001011111000001101000110001111010001101001100101001101111111101011010001101111000000101101011010010100000110011010001011110110100000001000000001000001010101001
100101101111111001000110001000110001111101111011011011011011111110010101001100011110110101101011111110110010011010101011101101100000001111011111101100100001111011101111001101011100000001101011110101100101010101111111001110111111010011110011011010110100101110100011101101111011010101101
110101100011000011010110100010000111101100000001110011010001101111111100011001001100011101101001101010111110110011101011000111001101100110010110101110101111101011000011011101011001011111111010100100110001111100111111011000011000010110000110011000010101100011101111000100001001010101111
100100110111101011010110110111010000001110110100111111111100000011101111001101011110111100111101100000011100011011001011010100011101111111000100100110100110000001101110010111111101000111011110001110110100000110001100001110110011011100110011001011111111001011000001010101111011010100001
110110110100101001010100100100010101011000110110011110000001101110000000011101111110110110010111110101000110111011011010011101010111011101110001101100110011010100100111000000110001101101000111011010011101111110100111011000011010011001100110011000000110011110010101110111111111111101011
110111110001111011111110110111011101001110110111000011010101100011011101011000001100000011000110011101011111100011011010110001000000000001100100111101100111110111101100010101111100100000010011000011011100001100110001111010111111001100110110111011110011000110110101000000001101001001001
100100000100110001111111100100001101101000010101101111011111101011110001001101011110101001010011010001000001110110001010011011010101011101110110000101110011000000101101010101101110101010111011010110000110100111111111110010000011011001100110001000011111101100010111110111011001101111111
101101010101100100010110001101011000111010110100001101011000001001100101011001011000101011011011010111010101000010101010110010010111000101000011010111000111101011100111011111000000101110001001110110101100110000000010010111101011001100110110111111001101001101011100000001000011100000001
111001010101110101000011011001001101100010011110100001001111101100110101011011001111101110011011000001011101010110111010111011010011111101110111110001101100111001110011000111111010111000101011000011111111111011011000110110001110011111110100000001100001011101001101110101101000001111011
111101010100011111101111011011011111111010111011110111111000000110100101010001101000000010110001101011110001010100011110100011010110011111100000010100100110011100011110011100110010001101101001101000000001011011011101111111100011000001100110111111110111110001011001100111101010100001111
100001010110110000000101001111010100110010100000000000110011101110110101011011111111011111111011001000011011011101001100110110010000110110110111111111110011000001001111001001100110101101111111111011010100001010000100101101101111101111101100000001011100011011001100110000101010110100101
101011010110011011010001011000000110000111111110101011110111100011110101110010110111000000110010011011110011011111011110110010111010000000110001101011100110011101100001100011101100100100110111000001111111111111011111100001000110000000100110101100001001110001101101100101101010100110001
101011011100110011011011111110110110110000011000101001100100001110000100010110000000010101111110110000010110000110000110100110110011111101110100000000111111111001101101101000100110110110000001101101101011000110001000110100010111101101110100100110111011011111001100110101111010110110101
101011000110011011011000011010110111111011111101101011001110100111101101110011111101010101001100111010110011101100111111110011111000001101100111011010000011000011000101001010101110110010110111001000000000011110100011111110110011001100011101111100000000000011100101100100001111100011101
101011101111001111001101110000011100000011000000101010011100110001101100110110000001010100011001100010110110000110000101011001100010111000110111011110111110011001101111101010111000010111111111111011110111000010101000110000011111101101001100001101010111111110001100110101111111111111101
101000111011111110011101110111111001101010011010111011011001111011101101100100101101010101011100110110111111011100111100000011001010001101100001000010000011001011000011001110001110110000001100000000110011011111111110011110111100001001011001011101010000000011011001100100000010101100101
101010110001100000111000010100000011001011011110001010001101000011001100110110101001011101000111100011101101011110000110110111101011011000101101011110101011011001101001100010101100110110100101010101111001011101010111110010100111011101001111011001010101111011001111001101011000000101111
101010000100110110101010110110101001101110010000111110100111110110011001100010101101011001110011111110000000000011010011100110101110001010101101000010111001011011111011110111100110010100111111110111011011000000000001111000101101011001100001011011011101111111100001111001011010110001011
111011010101100010100010011111101011111100111110010100110011000011001101101010111001001100011000101111010111011111010110001100000111111111111101010110001101110000110010100000110100110110000011000111011111011101101011000010000001110011001011001011111100000101101100110011001110010100001
100001010111001011111010111000001110000110110000110001100111010110011000101010011101111110111010000011011100000001011100101101010000000101100001010010111000110101111000110101110110010100111111110000001100011111111111101011010100011001101111111000000110110001100101100111100010110110111
111011010001011011000010001101100011010000111010110100111100011100111101111010110000011000001011011111111111010111001101101001011010111101101011111111111101100101011010110100011100111110000101110101111111000011000001101010011110111011000010111101010100111011001111110100110111100110001
100001010101011011101010101111101001111010100010111101101101000110100000001010100101001011101001000011000000010001101101101011001110000000111000000000100111001100011110110101000110000011010000011100001100011000010111101111000011100001101000000101010110001111100010110001110001110010101
110101111111001110001010100011001111100011111010011001000001011111111011011011110101011010001011111111101010111011001101001111011111011101100010101110001111111001000110100101111100111010011111011101111110110010110110001100011111111011001011110101010100100001101000110101000100010110111
110100000011011000101111101001100111001011000010111101110101000011011001001111000101001111011000111111101010101011111111111100000011000100110110100010100000011011011111101100000110011111000111000100110010011010010011101111000000011001101011111111111110101111101010110101110101110110001
100101101001110010101100001011110101101001101010011001100101011110000011100110010101100101001010000011001010100001010110000111011110010101100011101010101101011011011100111001101111001100010001010110000110110011010110001000010101011011101000001010100111100000111110110101100100011100101
110101101111111011101110111110011100001111001010110011110101000011110110110010111100110100011010101011011011101100010110110011011000110101111001101010100111111011000001111100100001100110111011110111011110010111110011101010110101011000101110100000001100001111111111111101001101001101111
100101000000001010000110000011001110100001101010011001100111010110000000011011101001100111011010101111011000111111000011111000001010010100001011001010110000101011110101100001110101111100011000011100000011010000110110001110011111011101101000110101011101101010101011011111011001011000111
101111101010101111101111010111100000101101001011001011001111110010101010110001100011101100011111101100011010110111011111011101101010110101011111101111111101101000011111001100010100000111001101001101011001111101110010100110111011000111101110010111110111100000000000000001011011011111101
101100001010100110000101010011001110100111011011101111100000110111101010110101110110111101001100100111111010110000001100000001101110110101000011000101001100001011011011011111010101011101100101011001001100100100010110101100010001010000111000110010100111001010111010101101011011001010101
101111101110110011010001011011111110110001011000111100001101100000111011100101000000110001100001101100000011100110101101011011001110110111101110010000011001101110000011000011010101001100001101011011101110001110110110101101000101011010110010111000001100011010011110111001011001011010001
101000000010110110010111001110000000110111011011110001101100101011100011111101010110011011001100100110101000110011111101110001011000110010111110111011001101100011010110010110011101011111011111001011000010111011111100101001101101011010110110001101111101001010110111111111111101000000111
101101101011100011010001011111111010110011011011000100101101101001111000011001110010110011011101101110101010100111010000011011111010011000011011100001101101101110011111010011000101001100011011111111101010000001011111101011000101110011100011101100000101011010000001101010110001101110001
101111101110001011010101111011000010110110001001101110101000101011000010110011100110011011011000111100101011101100000101110001100011001011111011110101101101100011000011010110011101011001001000000110001111010100000000111011011101111001110111000110101101011010110100000000011011000110111
111010000011101011010101101010010110110110101011001000111011101111101010110110001100110011010010000110101000111101010101000101101010011000001010110111111111101111101110010111000101001111100011101100100110010110110110110001110000011011000001111100111101011010110101111101110001101110001
100011010110001001011101000000110010110110101001101101100001100110101010100110100110100110011010111110111010100001110111011101101111001010100010010000000011000110000110110011111101011000001011111111110010110110011111100100011110111001101100000110000111010010110100001100111011111011011
111000010011011011110001110110011010110110111011101101101011001100001111110110110010110011111010000010100011101011000011010000111000011010101000110110101111111111011111111000001111111110101000000000011010010011000000110101011000001101001001010110101111111010010101111101100000000011001
100010110110011000011111110110111010110100001111001000101111101111100001100110100110011010000010110110101001101110010110010101100010110011111101111111100011011100000000001101011000001111101101111110111011010110011111110101001101011111111101110110100000110010110100000111001011010111101
111010110110111010110000000111100010011110111101011101100110000110001011110010110100111011010110111111111011111000110011010101111010011000000100000001101000000111010111100101001110100011000100010111101011110011011111000111011001000001100000010010101110011010011101011111111001011100001
111110110010100010010101010100001110111100100000010000101110101111011001100110110110110011110100001011010001100010100110010101000011011101011101010101001010101111010000101111100111101000010101000001100000010110000001110011001011101111110101011011100011111111000111000000011101001110101
100000011010111011011101010101100110000110101011011101101100101010011100101110110110110110111110111000010101001110110011010101111110000101111111010101011010100101011011100000110011001101010101010111111010110011011111000111101010101100000101011011001000000110010001110111110101100010101
101011011010011011001101110111001111010110111011010000100110101011000101100011100100100110101010000011111111111000110111011101000000101100000011010101011010110001011000101010011001101001010111010000011011111110000001111110001110000111110101011011011010111111010111100000000101101010101
101010011110110010011111000111100001010011111011011101101111100001101111001000101110101100000000111000000011000010100001011111111010111110101001010101111010011101111101111111111100101011010001011011111001100000101111011011100111010000110101001111001010001010010000110111011100101110101
101011110000011011000011101100001101010110000011011000100011001101100001101101111000100110111010110011010111101011101011110001110010000110111111010100001010111000011000000000110001111010010101011000001100111101100000000000110011010101110111100110011011100011011010110001000101100011101
101111100101010011101110111110101101010110101011001101110110011100101100111001100010111111111011111001010001101011001110110111000111010010000001010101101111100010111101101111110101100011010101110011101101100001101010111111111001011100010000110010110000110110001110010111011111111001101
111100001101011110100110000000100101110110101011101001100011010110100110001100111011110101000000101011111011001001100110000110010110010111011111111101100001101011101100100011100100111111010100011000101001101011101110000001100011011001010101100110011010100010100010111111000010001100101
110110101001111000001100110101110100110110101010001100111110000110110011100101100010000000011010001000110011011100110011010100110011110011000110000101110101101000001101101000110110001100010101001011111100101110000011111111001011011011011100110110110010101111101010000001111110111101111
100000101111101010100110110100110110011111101010100110000110101100011011001100110111101101011010101011111011111001110110010001100111110111110000111111000101101101011000101101110011011110110101111000010110111000101001100001101011011001011110110110011111100011001110101100000000000111011
110101101000000011110011110101100011000000101011110011010010100110110001100101111101111111011011111111011000001111000011111101110110000000011010000001110100101101011010111111010110001100100101111101000110011101101100001111111011010011000011110011000011101001100110111110101101111110001
100101111110101011010110000101110111101110101111000111010111110110011011001101010000010000011000000001011010100011111110000000010111010110111111010100110101111001001010010000010011011101111100000101101100110001100110100010110011011001101000011001101000101101110010011000111000000010111
101100001111111111000011010101000001100010111000010110010011000111110001111111000111000101001101011111011111101110001110101010110100010010000001010101100100001101011111000101110110011001100001011111000110011100101110101110110110011100101010111100111010101000110110111010011011011000001
100111111001010110010110010111101011001011111110110111011001110000011100001100010100010111101101000000010000101100100000101110011111011011110101010111101101111101010011011100010111011101001111000111110110110001111100100000110111010101101110001110110011101010010010001110111111011010111
101100001101000000110110110100001001111010000000110011011101100101001101011110111111111110000111010101000110100111110110111110110000010000011111110110111100000111000110011110111100000111101100010000010110111100000110101010110011110000100110100110011011101010110111011100000001001110001
101110100000010101100110111111101100110011011010111110000111110101011101001100101000000000110100011111101111111111110100011000011111011101000000110000110001010011010111000110001101010001111110111101111100100001010110101010010110000101101110101111011000101010110110000110101101100010101
101011111010110100110100011000001001111001111010001100101110100101010111011110100011111101100111011011000000001100100101011101110000001101110110110101111011111001010011101111100111011100000110001100000110111101010010101010111111110101111000100110011011111010100011011100101101101010101
111010000010110101100110111111101100011011100010100110100000110111000011110011111110000001110100000001101011111110110101110001111101101100011110110111001000101101011001111100110100000101011100111110101111110001010110101110000000010100001110101110110000001010101010000110111000101111101
100011101010100111110110011000000110110000111010101111101111100011010110011000000000101100010110101111111000011000000100111011000001001101001011100001100010000101011100000001111110110111001111111011100000010101111111101110110110111110111011111000011011011111101010101100011101100001101
111010001011110000110110110010101100111110100010111111000111110110010000110011101010111001010110100011011111111110101110101001101011011001100011111011001011011101001101011100000110100001100000000001111011010100111011001000011100011000000000110011001011001101111010100111000100101011101
100000101011000101110110011010101110101111111010000110010000010110110101111111111111111101111111110111000000011000100011100011001111001011001000001111101001000101101101000110111100110100110101101100001110010110010011011101011111111101111010011011011111100000001111110111101110111000101
111101101111101111000010110010101010000001100010101100111011111111100111010000010100000000000011010000010110111010101111110111101000011001101010100011111011010111000101101100001101111101111111001111111100111111000111110001000000110000001111011011001101101110100110000001111011110010101
110001111000001011110110010110101000101011110110111111110000000000110000011011000001010101011110000110110111100010100110000011001010110011001010111001011011010110010100100101011000001100000001100000010110001100010101111011010101111011100001001011100001100010101100101100011001010111101
100100001101100000110111111100101110101010111110110101000101111101100111011111110101010101001100101100010000111010110100101001101010110111101010001100011001111110110101101111011011011001101011111011000110111110110000011011011101100011110111011110001011110111111001101101001101011111111
111101101000110101100000110001101110101000000010100000011100001111001111110000000101010101011110101101110110001010011101101011111010100001101110111111010011101010010101100001001001001100111000001001110100000110100110111110001100111000010011110011101011000000011011000111011000001010111
100001111101100101101110011011001000101010110111111101000110100011100000011111010101011101010100101100010011011111111000111000011010101011000110001011111000000010110100101011011011100101100011011011100101110100110110000011011101111011111000000110001001101010111011110110000010100000001
110100011000111101000011110001011101101111111101000111011110101001101011111100011101010001000111101101011110000011000010110010110010101111101100111010101101010110110101101010001011001101001001110000111101111110110110101011000111100000101110110011101011001010001000110110111011110111101
100101111101100001011011000101110101100011100001110110011000101100101011010111011001111111010100001101000011010111111110100110110111101100000110000000000101110011111100111011011010011111011011100101100000001010110010111111101100001010000010011000111111011011011010110110011000110000101
110100000101111011001011101111100000110110111100000000111101101101111110000000010011000100011101011111011111010010110100110011110100001101101100111101010100110111000110100001001111001100001000101100111011100010110110000101000110101011011111110010000101011011001010100011010011110111111
110101011111000001101110001000001110110010010110111010011001100100001100111010111001010001000111000110000001010110000001111001011110101001001110000101111111100000010110111011100011100111011010101101100000110110010100101100011111101011000000110111010001011011011010101011111000010000011
100101000001101011101100101101111000011000110000100011001011110110111001100010101011011011010110010100101111011100111011001100011010111101101000111111110011101010110011100010111010001111011110100111110111111100110101100101000011001111011011110001010111111110001110101110100011111101001
110101110111111000101101101001000010110011100110110110011110000110101111110110100001111011010110111110100001010001110001100001011000000111001010001010011010111111111111111000001010100001000010101100000000000101111101101111011111011000011000011011010000010100101000100110001000011101011
100100111100000010111000101011010110011000101100110011000011101100101010100110111101100011010010011010101111111101000101111011011010101111111010100000111000010111011010101010111110101011011110100110101101101101100000101000011110011111001010111111010111110001111101101111101101000111001
110110000101101111110011101111110100111010101101110110011010000110000000110010100001111011011010110000100110100001010101000001110010101100000010111110000011000010000000001110000111101011000010101100101001101101101101111101000011000111011111110101010001011011100001001010001101010011011
100100110111100000010111111000000110001010101001100011001111010011010111100110101011010001001010011101110000101011010111101100010110100111111010011111110110011000111110101100110001101011010111100110101101100111111000011001010110011100000101000001010100001000111011100011011001011011111
101110011110001101011100000010101111011110101011001111100011011010011111110011101110000101101011010000110101111110010110001101010111110001100011000000011111011110001111111110100101101011011110001100101100110011011011111111010011001101010000010101010110111111110011001001001101111000001
100011001100101001000110101010101100000110101001100000110110011011000000110110001000101100101011011010010100110000110110101101010000011011001011010101010000000010100000000110110100101010000011011110100110011000001000000110010111101001011010110101010110000000011010011011011001100010101
111111111111111111111111111111111111111111111111111111111111111111111111111111111111111111111111111111111111111112111111111111111111111111111111111111111111111111111111111111111111111111111111111111111111111111111111111111111111111111111111111111111111111111111111111111111111111111111
