1111111111111111111111111111111
1000101010100110001011011000001
1110100010110111011010001101111
1110111000100011011000100000001
1000001110001111011011111101011
1110111111101001010010111111111
1000011001000011011000000000101
1111001101110111001010111111101
1000011001100110011011110101001
1101001100110000111001010101011
1001100101111110101100000000001
1111110100110000101001111011011
1011000001111110001101111111111
1000011100110011011000000010101
1111111110011001010011111110001
1010100000111101010110000010101
1000111110101001010000111111101
1110000000001100000111110101001
1111111110100001111111010101101
1010011000111100100000000000101
1011000010110110101101010110001
1000011010100000000101010100101
1101111111101010101111111111101
1111100000001110111000011011101
1000001111111100010011000000101
1110101100000001000111101111101
1011101001101101101101111000101
1011111111101000100000010010101
1000000000001101110101000111101
1010110101101100010101010000101
1311111121111111111111111111111
