11111111111111111121111111111111
10000010100000000101100000001003
11101000001111110100110111111011
10101110101101000001100011110001
10111011111101110111110110010111
10110001010101110011000111000001
10011101010100000110011100011111
11010001000111110111000001000001
10011101101101100011011011101011
11010100000000111000001110111001
10000111111110000010100100111111
11011111011011111011111101100011
10010100011010010001011000001001
11010111011011000100000010111111
11010011011010011101111111110111
10000110011010111000001001010001
11101100111011101101111011010111
10101110110011100101110000000001
10000010111010110000011011111111
11111000000000111110110001100001
10010011101110101100110100101111
11000110001000100110000110000001
10010110111110110110101111111111
11011110110100010110111001000111
11110000100001000000011011011101
10100101111111111011001000000001
10101111000110000001100010110111
10111011110000101011001111111111
10010001111110101001100001100001
11011011000000111100110100001011
10000000011010000110010101011001
11111111111111111111111111111111
