111111311111111111111111111111111
101011011010100000001011001000001
101010000010110101100001101011111
101011111010111111111011000011001
100001010010011010010001011111011
101100011000111011011101011110001
111111011110000010000001000011011
111000010000101011111100010110011
101111010111111011010110111111001
100001011101100010000000101011011
111100001101111000111110000000001
110111011000001101110000110111011
100000000011101111100110010001001
111101101110000110001100110111101
111101100111010011111110110001101
100000110100011001100000110111101
111101110101011101110101100011001
100001011111110000110100110111101
201011011110100110100101100010101
101110000100001100001101110110001
111111110001101001011100110100101
111011000100111101000110010110101
100011111111100001101111011111101
111010101011001011100110001100001
100000000000011011001100100111011
101111110101011011011111101100001
111111000101110001011000000110111
100000010101110101001101011100111
111110110101000101011001000110001
111000100111110101111101011100111
100011110010100100011001010101111
101001100110001101001101010000001
111111111111111111111111111111111
