1111111111311111111111111111111111
1010110100000101000001010110011001
1010100111110001110100010100111011
1010110000011101011111010101110011
1010011101000000011010000001011001
1010110111111101111011101111001011
1010110110101101101010100011100001
1000010100000001100010001110001101
1011000111010100111011101111011001
1011010011110110000010100011001111
1011110110100111101000001111011011
1010000000111101111111100000000001
1111111011101000001110001111111111
1000000000001111011011100010000001
1111111011100001001000001000111011
1000011010001101100011101010001111
1111011111111100001001101010100001
1000001101010111101101101010101011
1011100000000000001101001010101001
1111001101011011011111101011101011
1100011001010010000110101000111111
1001001101111010101100001010000001
1111101001000010111110101011101111
1110001101101010011010111000100001
1011011001111111110000110010101011
1000001111010101000101111011101011
1111011000000000010111100011111001
1000001111111110110110001000001101
1011011100000000011100101011011101
1011110101111010110001101001110101
1110000000110010110111101111110111
1111011011111110011100000000000011
1000001010000000110001010110101001
1111111111111111111111111112111111
