111111111111111111111111111111111111
101000001010101001101001101000000001
101111100000001011001011000010110101
101010001101011011100011011111111111
101011101111011000110111000011101011
101010111010001101100110011110100001
101010110011101100110111010100001111
101010111011000110010010000001011111
100000010011110011011000101111111001
111111000110000111001101100001101101
100011010011110010011000111011000101
111001111000111011000011111111101101
101101101101100001101111101101000001
100000101000111011100000100000011111
111110001110100010001111101111110111
100011101000111010111111000000000001
110110100010000000101000010101011111
100010111111010101100011111111111111
111010110101111101001111101010100001
100000000100100001011010100010001111
111111110110111101000000001000100011
110001010110100000011111111101111001
100100000000111011000000001100001011
111111010110100011011010111111111111
111011111110001001010010000000000101
101000000000101011010110101101110001
100011111110111001010011100111111111
111110000000001011010111110001000111
100000111011011011010000010100010001
201010100011011111010111110110111011
111010110110000110010000010011110001
100010100110101111011010110111011111
101011110110100011010011100000000001
101010000110110110011000110101111111
101011010110110011001010010100000001
111111111111111111111111311111111111
