1111111111111111111111111111111111111
1000101101101100101010001010001100101
1010000000001110100011101010101101101
1011111111100110111010000000111100001
1111101010110000100011101110010101111
1110000000000110111000000011110000001
1000101101101110101111101111100111102
1111111111001000001010000010101110111
1001010000011111101000101110000000011
1100000101110110000010100010111111001
1001010111000111111011101000000001011
1011010110010000111111111101111011003
1010011110111110001100110001011111111
1010111011100000100110111100000010111
1110100001001110110000101001011110001
1111111101011100011010101011111010111
1000000001110111111110100010101010101
1111111101100101010100001000000000001
1000000000110000000001111011011101111
1011101010000101110101000001111100001
1111001111110101000111111011100101101
1001111000000101110111010000001111101
1100000011010111111100000110100010111
1001011011111111011111010111101010001
1101111110000000000000010000101000111
1111000100101111101110110101101110001
1111110111111111001000110111111111011
1101010101100000011110110000000001001
1000000000001101001110010101010111011
1011010111101001111000111101110001111
1111110100001101101110000100110100101
1000000101011111000000111111100101101
1101010101111011101010000001110100001
1001110111101010111110110100010101011
1011000011000000010000010101010101001
1010010110010101000101010101010101011
1111111111111111111111111111111111111
