11111111111111111111111111111111111111
10110011010000000001000110110101010101
10011010011111111011011100000101010101
10110011010001011000011101010001010101
10111011011100010011000111111011000001
10101011010111000111101110101000011111
10101010000101110100101100101101111101
20100011110000000101111110001100010101
10111010110111110100011000111110110001
10110010111110110001111101111010110111
10011010011000011100110100101010100011
11000010111111010110110101101010101001
11111000011000000100110100101010101111
10111011001111110110110001101000000111
10000001100111010110100111000010110001
11010101001100000000110000011111111101
11110111100001110110011101111000000111
11000010110111111110110000000011111111
10010110000100011010111011111110101001
11111111111111010000101011011010101011
10101010111101011110101000000000000001
10001000000000000000000011111101010111
11101111110111111101011000111111010001
11101100011100000001010011100011010111
10000001111001011011111000001001010111
11011100110011110000110010111101110001
11111101100110110111111010110000110101
10110100110110000000001110110110010111
10100001111111111011101100010010110001
10001100100000000000111110110110100101
10111110001011011010001010011111110111
11110000101111111011111000110011010001
11000110101100000001011110011011011111
10011100111111101100010100111000001111
11001101100000000101000110000010100001
10011001111111101101011100101011110101
10111101000000000101000110101001100101
11111111111111131111111111111111111111
