111111111111111111111111111111111111111
101101001011011001001100011000010100101
100100011010011100011110111101000001101
101101111011000111010100010111111100101
101100001010010100000101110110001101103
101111101000111111010001010111101000001
100101001101101101110111000010101101111
101101011001100101100011011110001100001
101000001101110001111001001100100101111
100010111001010111011011011111110000001
110111111101010010011011010001100111011
100011001101011011011001010111110111111
110110011000011011001011010101000000001
100000111110111001100011010101110111111
101111110100101101110111000001110101011
101101100110101100110101011111000000001
101000110100100110110101000101101111101
100011100110101110100101110100100011111
111000110110000010110001100001101110111
101110000010101110000111111011000110001
101010111111100011110001101011110010111
100010101011001110100111001001011000001
101000000001100110101101101011010011111
111111011101001100101100101011010111101
110100001111100110100110000000000010101
100110100110101110101111011111101000101
110111110110100100101011011011111111101
100100110110110101101011001000010101101
110001100010100001101011011011110001001
111011111010111011100000010000111011011
101010100000101000001111110110000000001
100010111110101011111000000011011010101
101000010000101000100011110110011111101
111111011110101011101111111111000001101
100000010000000011001110011100011011001
111111011111011001011010110111111111111
100000000000001100001000000010110101111
101010110101011001100010101000000000001
111111111111111111112111111111111111111
