1111111111111111111111111111111111111111
1000000000000110101011010011010110101001
1011111101010000000000000110000110101011
1010000101111011111111101111110110101011
1011010001111111000010100011000110000001
1011111011010101111010101111110011011101
1110100010000000000000101010100111000101
1100111111110111101010001010110101011111
1001100001111101111111101010110000001001
1100111101011000000110000000011101111011
1101111101011101010000111111011000011001
1000000001001111111111111110000011000011
1111111100011010100000000011110111101111
1000101001001010001101101000000110111101
1110100011100011011001001011110000010001
1010111011001000001111101110000101000111
1000000001101101011110111111010111011111
1101111011001001011000011000010011000001
1001000001011111110011000010110111010101
1101010111110000000111101010110001110101
1001111110100101010110001010110101100111
1101000000001111111111011010110111110001
1001111101011110101011001111100010111101
1101000001110100000000011000001010101101
1101011100000110111110110010101000000111
1001010001111111100000111110101010110011
1111111011000000001010100000111010111001
1010011110011101011010110110110010001011
1000110000110001001010100111100110101001
1010011111111101111011110011110110101011
3011000000000000001111011110100110101001
1011010101101101101100000000110011101011
1010010101000100111111111110000111111001
1011010101101110011000000000110000001101
1011010101100110111111101111110110100101
1011010101101111101110001100000011101111
1001010111001011101011111110101000100111
1011010001111010000000000000101110111101
1001010101000000101010110101101000000001
1111111111111111111111111111111111112111
