12111111111111111111111111111111111111111311
10011000000000000110010101010110010010110001
11001111110111111100110100000011010110010111
10011011010000100101100001111111010110110101
11001010000110001101001100001010010100010101
11100000110010101100011001111010110001000001
10111101100110100001111111110000011011011111
10000000110110101100101000000111110001000001
10110101100110100110000011110111000111110111
11111101110011111110101110010100011101111111
10011100011001010010100010111101000000000101
11000001111100000110101000001001101101110001
11110100000110101100111101100011101100011011
10000110110010111110011000101000111111001001
10110110010110010111111101111110000001011111
10100010111111000001100001010111110111110101
10101010001100011111111100000000111100000001
10111010100110110110110001111111101101011011
10011011111100000000011100000111000101111111
10110000110110111111011110111101011100001101
10111101100000000001000110000100000001101001
10011100110101110111101100110001101011111011
11000110110111000000111110011011001000011001
11010010010100010110000010111011011011111011
10010110110111010010101011100001011010000001
10110010010110010111101001110111011000110111
10010110111111110000111111011111011010110001
10110100101101000110110000000001001110110111
10010110001100010010000101101011011000010001
10111111011111011010111111111011011010111011
10110000000110001010000011001111010010100001
10011111011100101011011110011101111010101101
11011000010001101110001011000000001110101111
10001110111101111110100000010111111111100011
10100011101100011011101010110000011011001001
11101010000001000011001011111110111011111101
10001111110111010110011001011111101000010111
11100110000011010011001100000000000011000001
11001100101011011011011001011101011011111011
10011101101011001001010011000111110000001111
11000100111010011111111001111110111110100001
11110111110011000000001100000000001111110111
10000001100111101010101001101010100000010001
11111111111111111111111111111111111111111111
