111111111111111111111111111111111111111111111
100010100110101100011010001010101010001010101
111010110110100111010011100000101011100000101
101000000000101101011010111110101011001110101
100010101110001101011010100000000001111100001
110111111111100000000000111111111101110111101
100101100010001101110110001011110000000001001
110100001000100111111111100000000111111101101
100110101101111111001010111110101100000000101
111100111111011101101000000000100111111010001
111111110000000000000010101011101100000010101
100111100111011101011111111010001111101010101
110100111111110101110001000010101000111110101
110110111000110001111101101011101010010110101
100000101010000111011000001011111111000000101
111110101111110100000010111110110101110110101
101000000110000111101010110000000000000011101
100010101111011111001110011111111011011001101
101011101101111100011000110000000010001101101
111110000101100001001110111110101010111101101
111111110101111011011000011110101010100001101
101011000000000011011101010000101011111101101
100001111111110111110101010101101001100000101
110100111110100001100001110100111011111010101
111110000000001111111011000110110001100010111
101000101011100011000011010100010101111010001
101111101110001111101001111101011111000011011
101011001100100001111011000001011010010110001
100000011110101101000001011101011000110011011
101101011011101111110111110001011101100111111
101001010000000110000011000101001101101100001
111101010101101111010111101101011101000001011
110101111111000011010110000101011001101111001
100000011000010110010011110101001011000111011
101111111110110011010110000111011111010001111
111110001100100110011111010011001100010101101
111000100001101111000110011011101110110100001
200010110101100001101111011001101010110110111
111010011100101011111000001101001000011110001
110010110001111011000011011001101011011000101
100111111100001001011001001111001011001010111
101111100001101011111111011111101001101010011
100110111100101110100000011000001011001011001
110110000001101000001101011010101011011011011
111111111111111111111111111111111111111311111
