12111111111111111111111111111111111111111111111
10001000110011011001100101011011010110011000001
10100011111001010011101100010000000011001101111
10101001111011011000001111011111011011101100001
10111100110000011011101000001100001110001101111
10110110011111010001111111100111100110111001101
11100010110011000111010100110100001100001100101
11001010011001101100010101100111101101011101101
10011000110011000111000000110001101101110100001
11010010011001110101111101111011101000110001111
11110111001011000000101001101001001011111100011
10111101100001111101101011001101101010011001001
10000000111011110001101011101001100010111011111
11111010000001011100101010100011110110010001101
10010011011100010101101010111010110011010111001
11011111111001000101100010110010110111010101011
10001110100011110001111010111000110110000100001
10100000001010000100101010011110110110111101111
11110101111111011110101010110000110000000101101
10010111001111111100000010111110111101111100001
11011100011010000111111000010100101101001101111
10001111001011110110011111000110100000011100001
11011011100010100010110101011100111110110101111
10011010001110111000000000000110011010000000001
11010011101010101111111111110100110000111101111
10011011000000000000000000100110011110000100003
11000001111111111111011110110100110110111101111
10011011010000111001111000010110100000010111001
10110000011011100011101111000100001111110011101
11111111001011111011000111110111100001010110001
10010101100000001010011101000110101111010100101
11000001110111100010110101110110000101010101111
11111011000110001000010101000011011101000000001
10000000011111111110110101101001011000011111111
11011111111100000000000001111101001110111011011
11111110000001101011011101010001100110001000001
10110011111111111111010000011101001100111011111
10011000011100000000011111010101011110000000001
10111101000111111101010000000101011010111111111
10110111011100101111111010110001001000000001111
10000110001110001010101111100101100011111111001
11110111100011100000000101110100001000010101011
10000000110110111011010000000101011011010100001
11111110110110000011011110110101011001000001111
10111110100000101011110000011101001011110101111
10000000001010101010000101001101101000010100001
11111111111111111111111111111111111111111111111
