111111111111111111111111111111111111111111111111
100100010101010000000001010010101010010110001011
110111010101011101111011011010000011000011011001
100100010100010111100001010010111111111001001011
110111010001010010111101011010001010111101011001
110101011111011010110101011000111010000101000011
100000011010001010010101010010110011110101011111
110101111011101011000000010111110111010000001011
111101101011000011111111000011010110010110100001
201001100001111010101000011110010111000010111111
101011111011000000001111001011000011110111110111
100010011001101111101101011001111001010110000001
111010110011111110100000001011101100000011101111
100010111001011010111111011001001110101110000001
111010101011010000110101011011011000111110101111
100000101011011101100000011001011010011011100001
101010000011001100110111000011011110111001001111
111111111011011110111110011011001100001100011011
110100000001010110011011010001100111011001110001
100001011100000110110001111101101101001011110111
111101111111010010010100110101101100011011000001
100001100011111000111101100000100111000001010111
110101001110100010011001111110101101011100010001
111111101110111111001100011010001000000101111111
101010101010101101101110110011101011111111101101
100000001000000000000000011011000001000010100001
111111100011101011110101001001101111011110001111
101101101110001111111111101100001011010110111001
100000000011011100001000000001100000000000000011
111101011111110111101111101101001011111101011001
110001110000000010001011101001101000000111001101
100100011010111000100000001111101101010011011111
110110111111111111110110111000001101111110011011
110110010101000000000100111110101100101111000001
100010110000011111111101100000100110000001110101
110111111011110000000000111010101111011100011101
100011100011110111011011100010100110000101011001
110110111010011100001110001110101100101111111011
100110101111011001011000100110100101101010101111
110110101101010011001101101100110101100000000101
111100101000000111101000101110100101001011010001
101110001111101101111110111000101101011011010111
100011100000001100010110011010101101001010010001
101000001101101001000000110010101101011111010101
101110100101101111110101100110101101010100010101
111111110111001100011100101100101001000101010101
100000000001011001000001101101101101010101010101
111111111111111111111111111111111111311111111111
