1111111111111111111111111111111111111111111111111111
1000001010101010100101010100100000010001000000110101
1010100000000010110100010110111111011011011111100001
1111111101011000000111000010111000000000000000001111
2000000001011011110100011010101110110111010101100011
1111111101111110000110110000001111110111111101111001
1010110001000111010111111111101000000000000111011111
1010000101110001110101010111001111010101011110000101
1000111111111011000000010101100000010111000000110001
1101101011010001111011000000001101011110011111111011
1001000001011100111001111101100111011011000000001001
1011101101010110100011100001101100000001110101011011
1111111100000000111011001100101111101100010101110011
1101010001111110000001101001100110001101111100111001
1001010111100000101101111100111100100111101111101111
1100011110111010101101000110011001101110000110000001
1111001100111010100111010011011011000000111110111011
1011101110100011111100011000010001101110101000111111
1000000000001011000111111101010111101100000010001111
1111010101011011010001110111111111000110101111100011
1011111101011111110100000000101000010010101011111001
1000000001110101111110111110101111011010100000001011
1010111011110101011010100000101010001011101010111111
1110110010000000000000101110000000101001101010001101
1111111111101111010110101000110110101011001010100001
1000000000111000010011111110110110101111101010101011
1101110110111111011111000000100010100110001010101001
1111111100101010001100010111101010101100101011101011
1000011110000000101101010100001010101111101000111001
1111010111110101101111011101011010111000001011100011
1000000000000100100001110001110010100010101110111111
1011010111011110110111110100110110110111100000000001
1111110100001100011100000110100110110110001111101011
1101000101011110110001101110110110110110100000111001
1001110101010100011011001100100100111100110111100011
1100000101000101001111101101110110000101100001111111
1111101101101111101100001101000110101111001100101111
1000001001101011000110101111101110100001100110000011
1010101100111000011100100111000010110111110010101001
1110100111111101001111110101010110100011000111101111
1000101100000001011010000100010111111011010110000111
1101101111011101011010111101010000110001110011101101
1101100110011001010000110001010111111101100111100001
1000110011111101011010011101010001100001110100001011
1010100110000001010010110001010111001101000101011001
1011110011110101110110011011010001011101010101001011
1001011010000111000100110010010111010101010101011111
1011000010110001101110111011010111000111111111010101
1001101011100111111000100011010001010010100000000001
1011001111110111011010101011010101111110110111011011
1010011000000000011010101010010100000110000110001001
1111111311111111111111111111111111111111111111111111
