112111111111111111111111111111111111111111111111111111
100101010101000101010100110011001000101010100101001001
110101010101110101010110110111100011101000001100011011
100001010100100101010110110010101111101101111110111001
111100000110110101000110011000000010101000010110101101
100111110110100101011100110011111000000011000000000001
110101100100001100010110111000011111111111111011011011
100001110111101111010110101011110110100010111111111001
111101010100101010000100000001110000001110000100001111
110101000110101011110101111111010111111010111101111101
100101110110001001100000000001010001111000110101100001
110101100111011011111101111111010111001011100000001011
110101001100011000011000110010000001011010101110101111
100001100111011011111110000110111111000000000111101101
111101110110011010111110111110001011011101010001100001
110101010110110000011000000000100000010111111111110101
100100010100111011111011111101110101000010000001011101
110111010101101011000011000111010101101010111111011101
100000000000101010011001011111011111111000001110000111
111011111110000000111100010101001000111111111011011111
100011000000111111111101000001011011100000000000000001
101001101010000001011001010100000000001110111101010111
101101111111010100001101110111011011100011111111111111
111111010101110101111000010110011110111001000000000001
111010000000000100001101111111000000001100011101010101
100000101101101110111001101100011111111001000101011111
101010111001100010001100001101000000011111011111000011
301111110011001010111111100111010111000111000001101001
101100000111101110000000101110011111111101110111101111
111111010110001100101011100011000000101100010000100001
100000010011101101101111110111101010001101011111101011
111011011011000101000000010010111011111101111011111001
100001111111101101011011111000001000001000101010111011
111101100000001101011000101101101110100010101010001111
100001001011011111110010000111001110101110001000100101
110111101010001100000110101111100010100010111011110001
100110101010101111110010100000110111101110000000011011
110100001010101000000110111111100101100011101011110001
100110101010111110110010000000110000110110001010111101
110110111010001100100110101010110111100111111000011001
111111111010101110110010111111110001110000011011001111
100000000010111000111010110101010100110110110001111011
111110101110011110100010000100011111111110111100111001
100000100010110000111010110001011000000010100110101011
101101101011111010011010011011000010101110001100000001
101001101001100011011011001011011110100111111111010101
101101101011110110001010011010001110110000001100010101
101101001011000110101111011011100010110101111110111101
100101011111101100100110001011001011111100001100001101
101111010100101101110111011011011001001101111101100111
101100000001101101100011001110001100011000000111110001
101111011011001100111001100011011001001110101111000101
101000001010011110100011001011011011011000100001101101
111111111111111111111111111111111111111111111111111111
