1111111111113111111111111111111111111111111111111111111
1001000000110000101011010101101010100001011010011000101
1101111110011110101011000101100000001011011010111110101
1001100000110000000001110101111011011110000010010110101
1100111110011111011111000000110001110011111010110110001
1001110111001001000011111110011011000110110000010111101
1101010011101101011110101011001001101100111011110011001
1101010110001100001100001011100011001001100010110111101
1001010111101001111111100000101001101011111000110101001
1101010010001101000110111101101111001000101011110001101
1001011000100001011110110000000111100011101000010111001
1100001111111100001100111110111100110110101011110001101
1001100011000001111101101000000110110110101010110111001
1011111001111101101000101110101100110000101010000001101
1110111011000001101101101100111110111101100000111111001
1000000001111101100101100110011010011001110111110101101
1110111011000001110100110011010000111100110001010101101
1011100001111101010110111010010111101101100111010001101
1001111011011101010100101010110001001100110111010111001
1011000011010001010101101010010111011001100101010001101
1001111000011101010101001010110110001101110100000111001
1101001110111000010101101000010110101000110001011110011
1101011010001111000001100011000011100011100111111011011
1001011010111111111011111001011111111001110110101011001
1101010010110001101001101011111000101100100000101000011
1000011010111101000011000000101110101101101110100011001
1110111010101101111001011111101010101000101111101110011
1000010000101001011101010111000010101101101001101111111
1111000111101100000000000101101110001100000011101010001
1000010101000101111011011101100111100101111110101000111
1010110100011111110010001100110010110101101010101011101
1111100001111010011111100001111000110000101010101010101
1101111100101011011000001101011011111110100000000000001
1001010110101000011010100111010011010110001101010111111
1101010110001011111111110011011001010111011111010011101
1001010011100000010101000110011011010011010111111110101
1101011010110111110101110110110001010111010001101010101
1000000010110000110001000110110111010001010111100010101
1111111010100111111101110110010011010101010101001110101
1100000000001100101001100110110110010111010101011010101
1001101111100101101100001100010111000010000001010010101
2011111110001101100111100101110001101110111111000110101
1111010011101000001101101100111101001100010110011100101
1101011010000011111001101001100101100110110011010101101
1000000000111010101101101011110100110000010111000101101
1111111111101010100101001001100101100111110101011100001
1101000010001010110001101101110101110101010000010110111
1001101000100010011011100000110101010101000101000010101
1101111101111010110001001110100100000000011101101110001
1000010111010000100100011011110101110110110111111000111
1111000011011110001111010001010100010110000010010010001
1000011010000000101000000111010101111111011000110111101
1101010011011010111111010011010101101011111010000000101
1001011000010010100000011000000000000000001010101101101
1111111111111111111111111111111111111111111111111111111
