11111111111111111111111111111111131111111111111111111111
10000001011010110101010100000101100110010001011001101001
10110100001010000101000111110001101110110111011011100011
11111110101011110101101101010111101100100001010010001111
11011010100000000000100101000011001101101111010110111101
10011011110101111110001101011110011001100011010110001001
11000011111111100000100000000110111100101110000000100011
11111010101010001101110111011110101101101000101111111111
10000000001000101000110100011100101100000011111101010001
11110110100010111111111111010101101101111111011000011011
10100100111011100000110000010101101000000010000011111011
10001110100011111010011111010101100010111110111001101001
11011111101010011111010000000101101111111000011111001101
11110101111111000101011111010001100011101011110101011101
10000000010101010000011000011101001000000000000101011001
11111111000000010111011111010000011010111111011101011011
11000000010101111110000000011010110010111101110101000001
10010110111111101011111111010010111110000000100000010111
11011100101011000000100000011010001100110110001010110001
11111111101001111010001010110010101101110111011110010101
10110101001101000011101010100110101000010011000011010101
10010001100000010110001011110011101101110111011110011101
11000100001101010011101000111000101100010001000011000101
10010111011001011110001101101010111101110101011110011101
11111111011111011000111001000010110000011101001011001111
10100000010010010010001101111011110101001111111011100001
10111110111000110110111111000001100101101010100000101111
10000000011101100100000011111100101111000000001111100001
10101010110001110110110110000001100001101010100000101011
10101010110101010110100011111011110111111011111011101001
10101110011101010110101110101011000011011000001001111011
10101000110001000110100110000011010110000010101100001001
11101101100111101100101111011011010011101011111111101011
10000100111100100110100011010001110110001000000000101001
11101101111110001100110110011011110111101011010111101011
10001111000000101110110011011110000101001001010011101011
11101011111010101010111111110000110001101011111000101001
10001000011010101000001110111110110101001000011010101011
10101101000010111010101010000000010101101101001010111001
10111101110110011011101011111110111111001101011111100011
10110001000011010001101000000000000001011111000110001001
11111101110111110100111010101110110101000110010011011011
10000001000001100110011110111110011101010010111010011001
10111011010101110110110000100000111101111010101010111101
11100001110100110010011010111010000100001110001010101111
10001011000101100111111110100011010101011110101010000011
11101011110100110011000000111001010101000011111010101001
11101000110110110111111110100011010101011000011011101101
10001101110110011110000000101011011101001110111000100111
11101000011100111011010101101011001101101111101010110111
10001010110001100000010101001011011101000001100010110001
11011010011011110110111101011010000111101100110110110101
10010011011010110110110001010011011111000101110011100101
11011001011010110110011011011010000001101101011111001102
10001011010010000110110010011011010101101100000001101101
11111111111111111111111111111111111111111111111111111111
