111111111111111111111111111111131111111111111111111111111
101000001001000001000000001101001010110000000001100100101
101111101101111101111011111000011000110111111100110110101
101100001101000000110010101111001110110010010110010100001
100111101101111110111010000110011000011000110111110101111
110100000000101000000000111111010010111011110001100000001
110111111110101101111110101100000111110000010111111011111
100001110110101111110110100111101101100111110010101001101
110111000000000110000110001101101101101100110110101011101
100101111011010011110111011001000100000001110110100000101
101100111111110110110101001100010101101111100000101111101
101101101101100000000000011111011101111010111110000101101
101101101000001110101011001101001100011010111000101101001
101101101111111111101111101100011001111010101110111101011
100100000001100000001101101111010011101000001100010001001
110001111100111111111100100101011000000010111110110111011
100111100001101001110110110101011011110111100000000011001
111110111101101011000010100100011010111100111111011111101
101000011101101001111000110110111000001101111011000101001
101110110001101011001110100000001011111000101011101100011
101100111100101001101110110111101000101011100001100001001
100110001110100011000000111110100010001001111100001011011
110011101000111011111110001010101111111011001001111110001
111010100010000001010011101000100011001001101101010111011
100000101011111101011000001110101001100011100100000011111
111110001111000001011111100000001111110110110101110110101
110000111101111101010101111110101110000000000000111100001
100101110100000000000000000000111011011110110111101101111
101111100001101101011101011010011011000111111110000100011
101000001011111001011111111111011011011101101000110001001
111111101001100011110110101101000000000000000011111111111
110100001011111010000010100000011010110101101000001010111
100111101110101111111000001111011010111101101101101000001
110111101100001101011010111110001110000111111101100010101
100000000111100000000011100000100110111110110111101111111
110101101111111101101011001110101110111000000000100001001
100111111000000001101010011000101100000011101111111111011
110010111111111100111111001101101001011111100000000000001
100110100000100001100000011000111101000000101011010110111
110110111010001101101111001010011001101111111111010010111
100100000011011111111100011110111111000000000001010110001
111111011011010000000001011000011000010110111111111100101
101010011111011011101011010011001111010010000001101110111
100000110110011010001011111001101100011011011111000110001
110101100000111111011110000011001110110001011011011111011
110101001101110101111111111111011010111111000001000101111
100101111111100000101000000000011000000001010101011101101
101111110110111110000010110101011101011111011101010000001
101000000000110011010110110101110001000011110001000111111
111111111110000110010100100111000101010110111100010000001
100000000111010000110110110011010111010000000101010111111
111111110001011010010100111001110110011010111111110101111
101010110100011011010111100011000110111010000010110000001
100000000101010001011111101001101100001011011000010111011
110101010101111011011000001111111001011010011011111111111
100101010101100001010010100011000011011011001000000000001
111111111111111111111111111111211111111111111111111111111
