11111131111111111111111111111111111111111111111111111111111
10100101010010001010110110101000100110101010101100000000001
10110100000110111000010010101101101100000000000110111111111
10010110111100000011000110001101000110111110111110111010001
11000000000001110110010000100000010000001111111100000000111
10010101011011111100110101110101111010111011000110111111101
10111101011000000111111111111100001010000001011100000000001
10100001111101110011011110101111011011010101000001111111101
10110101110001111110000100000111111011011100010100000001101
10110100010100011100110001110000001111000101110101010100111
10100110111111000110111100111010100110011100110101010110001
11110100000011011110000110001010101111000110011111111100111
11000110101110001010111111111110100001101111001001100110001
10010100101111100000000000000011111111111011111011001100101
11011110100001101011111101101110000011011000001000011001111
11010000110111101000001111111011011111010010101011111101111
10010101100000101101100001011011010101010111111000110000101
11111111110110100101001100000010000000000001010010011111101
11101000000010101111100101011000101101110100000111110001001
10000010101011100011001101111101111000111110111111011011011
11101010101001111111111000110111001101101010001010000000001
11101111101011000000001110000000011000000010100000111101011
10001100001000010111100011011110110011010110101010011101011
10101110101101110011101011001110011110010011101011000111001
10111000101100110110111011100011110111111111111001010001011
10110010101001110100001001101001010000011110111111011011111
10111010101100011101111100111100000111110000100001010000101
10001110101101000000010101110111011110000111101011111010001
11011000101101011101110100000110011100111111001001101011011
11111101101101000100000111010011000001110000011111101111001
10110001111001010101011111110111101100000110110110100001011
10000100111101110101000000110011000101010110110000001111111
11010101100000110101011011110111101101111110011011100001111
10011100111010110101001111011101001100101011010001111111011
11011001100010010111100000000001100110000011000100000000001
11001100110110110000110101110101101100111111101101010101101
10011001100110100101110101111101000110011100111101010100101
11001101101100110111010100000111101111000001110111111111101
10011001100110110000010101010011000110011011000001110000111
11001111101100110111011111111111101111011000010111011011111
11100110000111100110000000000011000101001011011110000001101
20110111010011110010101010111111010001101111011010110111001
10111100011010000110101110000001010101100101000000011111101
10011110111011010111100111101111010100110101010101001101101
10110000001110010000110011000011010110110001010111111100001
10010110111000110101100111101001110010011011110001100001101
11010010001111110111110001111101111111110000110100001101101
10000111111000000000110111011000000000110101111110100101101
11110100011011011101110111010010111110011100000010101111111
10000001001011010001100000010110001111010001101110101010111
11010101011111111101110101110110100011110101100110100000001
10011101110101000001000100111100101010111100110111101101101
11011000000001111011101101100001111000011001100000101111111
10011101101111000011000111110101011010110011110110100000001
10110001111110010111110001111101011110110110110110111101011
10111100011000110100000100110000001110110000010100000111111
10100001110010011111010101111110100010111011110101110000101
10101100011010110000010100001100101010100000010100110110001
11111111111111111111111111111111111111111111111111111111111
