112111111111111111111111111111111111111111111111111111111111
100011010010010100000000001101010100001100110001000101100001
111011011010110101110110111000010110100110000101011100101011
111000011010000000011111101101110110111100111111010101111001
101111000000111111111011000000110100010110000011000001010011
100000011010000000010011011011100101110100110111011111011001
101101111110111111110111001111110100000001111110010101000011
111111101000010110000110011000000101110101101011000000010111
100000101110110011011110111111011100011111100000011111010001
111110000100011010000000011011010101111010101111000001111111
110000110001110000101111011011010100000000000011111101110001
100101111101100111111101111011000001011101101000000111011011
111111100001110000010101110011011111000100101111111110000001
101010111100000101110101011011000110010110100000011011011101
100000000001010100000000000000010011111111111111110000001101
111110110101010101101110110111111011111111110110000101100111
101011100111010101100011111111111110010110100000101111111111
100000001110010101101111011000010111000100001010100111011001
301111011000110101100000000011000000010001111111110000001011
101100001110110111110110110111111111110111110101011010100001
100110111000010011000100010000000000010110000000011011110101
111100001011011111110110111010101011010000101111111111000101
100111011011000001100100101111111110010110100000000001101111
110000011011010111110110000101111111111100110110111111000111
111011001011010000110011110000101010101111111100000110010001
100011101111111010011000011011100000000000000101010011010101
101010000000011010111101111000101010101111111111111111111111
101011110111110011111101100010001111100000000000001100000001
111110000000011000011000110111100001101011010111100001011011
100000101011001101010011100000110111111011010000101111110001
111010111011011001011001101011100000011011010110100000011011
100010100001001111010011001000110101110011110110110111111111
101110111011111100010110011101110100011001111111100000101111
101000100000110101010111001101011111001100000000110101101011
101101101010010111010100011000000001011001111111111100000001
111001101011000001010111001011010111111100001110000101011011
111111001011011011010111101110010000101111011000110111001001
100000011001001011010100000011010110000011000010010011011101
101010110011111111111111101110010011011001101111111111010101
101010011000000001110000000111011001001101100001100110000101
101110110011101011000101010011111011111001001100001100101101
101100011001101111010111010110110001101111100110100110111001
100110111011000001010100010000011011000010101111111111111111
110100001001101111011111010101011000011110000101000000000011
111101101011100001011000010101011010111111110000011111101001
100001101000101101001111010101110010000000110111110110111101
101100101010100101101100010100110111011011110000000110001111
101001101010101101111101011110110001011000011011010000111011
101100111111101101010001011000010111011010110001011011111001
101001110101101101000101011010110001011010111011111011101011
101100000000101101010101001010011011110010001000101010000001
101110110101101101110101011010110000011011011011100000111111
111010010100101101000101001110111011111110001000110110001001
100000110110111001101101100111100000000010111010010100100011
110110110011111111101100110011110110111110001011010110101111
100110011000001100001001111000010110011111011011010010100001
101110110010111111011100101101110011000001011111111011101111
111000100110111110001110101101100110011011000101100001100001
100010110010001100101000001100110011011011010001101011001011
111111111111111111111111111111111111111111111111111111111111
