1111113111111111111111111111111111111111111111111111111111111
1000100101010110001100101101001010000010000101101010011010101
1010110101000011100110000101101011101110111100101010111010101
1010000000011001110011101100101000101000011110001010110010001
1011010111001100100111000101101110101011010100111000011010111
1110010100011110101110011101101010000001110101101101111010111
1111111111111000100011011001100011101111000100101000101010001
1010101001101110101110001011110110000101110001101011101010111
1010101100000000000011011011000111101100100111100000001010001
1000000111111111011111011011011100100110101100001101111011011
1101101100000000001100011011000110001110101001011111101011001
1111000111101110100110110010010011101100100011110110000011011
1010010000111111110110111000111110000110001000110100110111001
1011111110011001100100101101101011110110111101100110111100011
1001101111001100110001101100101010110100001111101100101111001
1011000001101110011101101001100000110101111011000110000110011
1001110101101011011101101011111110110101000001110011011111001
1011011100000000000101101001010110100001011111000110001010011
1001011110110111110001101011010110111101010011110010111011001
1100010111111111111100001001000110001101010110110110000000011
1111010101010000001111101011011111101101000000010000111010111
1000000001011111100110000000000110001000011111000111111111101
1111111100000100001111110111111111101011110011111110101101101
1000000110110001100110100000110110001001010110101100000000101
1111010111111011110010110111100011100011010010100110111011101
1011110000011110111000010000110110111011010110101100011110101
1000111011010110101101000111100100110011000100000110110100001
1110011111010010101101101100001101111011110101111100000001101
1111010100011010101001000111101100110001100100000001111111111
1000000001010000101111110001101001111101110001111111011100001
1111011011011110000010110111101100101001011011011000000101111
1111111111000011101000000010100110001100000000000011111101101
1001000100011000001110111000110011011001111101111000000001101
1101110001111111011000100011110110001101111100001010101100001
1101011100110111001111111000100011100000000110111111111001011
1000000001100001111011000010001001101101111110000101011111111
1110110111111101100011111111111100000100111011111100001110101
2000100110000000111000010100001110111111101000000001111000001
1010111111111110101111000110111000000000000011101100101011101
1010110000001000000100010000000011010111101111111111100001101
1011111111101111110111011101101011011111111100011000001011001
1111001101001101100000011001001010000000000001111011111001101
1101101101101100001010111101101110101011110101101011111100101
1000101000101001011010110100100110101000111100101010000101101
1110001110000011111010100001110100101101101110000000111111111
1000100111111011000011111011111110100100000110101101110110001
1101110101000001111011000001100000101110110111100101010110111
1111100000011011000001101101110110100110110001101101000100011
1000110111001011011011100111000110101110011111111000010001001
1110000011101111110010001100010110100011000000001101011111111
1011011110100110000111100111011100101110010101101101000000001
1000011000001100101100001100010001100011011100111101101101011
1010110011011001111111011001010101101001111110000111000101001
1010011010001101000000001101010101001100000010110001101111011
1010111110100111111101011001010111101101011010011011100110001
1011101110111111111111011011111111001101111111110000111110101
1001101011110101000000011011000000011000010100011010000010101
1011000000000000010101001010011111011011000001111110110111111
1001101010101101010101101110111100011010010111000010010000111
1100101010101101010101101000100001001011010000011010111010001
1111111111111111111111111111111111111111111111111111111111111
