11111111111111111111111111111111111111111111111111111111111111
10100001100101101101101001001010110000000000110011011000110101
10111100110000101101101011011010110111111111100110011011110001
10100101100111101101000011001010100000111010101111001000011101
10110100110100001101111001100000001111101000000001100011001101
10110101110001011000011011001111111110101011111111101111111001
10100101100111001111011001101011110000000000001110101000110011
10110000101111111010011101000000010111111111111000001011110111
10000111100001100011001100011101000011101000101111101001100001
11110010101111001110011001000111111110000011100110100011101111
10100110100101100011011101111110000010111111110010101110101101
10110100101101101111010000001010111110100100111010101010101001
10010101101101000110010111111000011010001101100010101000000011
11010101000001101111000000101011111000111100001110101011011111
10010100011111100000011101100000101011101001101010100001000001
11010101010111001010111111001011101000000011111010101111111111
10000001110001011110110011011110000011111011010010000111110111
11110100111101010011110110001110111110111110011000110001010001
11110110011000000111100110100010100000000011011011111100010111
10011111000010101100110100101000001101011110000000000101000001
11011011011010100110010001111011111111110010110111111111110111
11011010011111110011010111011000001011111010010001010111111111
10001011010110011000000111011010111001010000110111000001011101
11011010000011011110110101001111100011011011111110011111010101
10001011011001000010010001011101111011011011011011000000000001
11011010001111011111111100000000101000000001010000010111111111
10000010100100000000001101101110100011111111010111010101010001
11110110111101111111111111000011101000001111000001111101010111
10100000010000010101111111101111111011101001011111101100000001
10001111110111110100001101111100110001111101000000001101101101
11100010000000000001101101011001100111011000010101111000111111
11101110111111111111111000001101101101010010110100110011111001
10100000000000000001011110101100000000000110110101111000000011
10001110111111111111010100111001101010101110100101010010111111
10111110000000101011010110110011111010101011110100000110000101
10011011101010101010000100000111001011100000111110111111010001
10110001111111101010111101111101011011001010001100000001010101
10010111010101000000101000000000001111111011101101110101010101
11010110000101011111100011111101100100001111111001110101110101
10000010111100001101101000000100110001111110001101011111111101
10111000000101111101101111111101111111101000111000000000000101
10011011010101110101000100011111100000000010001101111111010111
10111111111100000000010001000010101111111111011000000001111111
10000001101101111011011111101000000000001110001011101011101101
10101100000000001011000000111011101111111011111111111110000101
10111101010101111111111110001000100011010001101100010100110001
10110101010100001100111111111111101000000100000001000001111011
20000101010101111001100000110111111111111110101111101100101001
10101111010100001011101011100000110101000111100000101111101111
10111011110101100000101110001111100000011100110111100011100001
10000000110101001010000110111011110111110101111111111000001011
11101010110101101111010000000000000000000000000100001101011001
10001111110101000111111010111101010111010101010001111101111101
11100000010101010010110010101111110001011101010100000100011111
10001101111101011000011010000000111011000101010101111111001011
10100100001111011010110011101111101111011101010100000111100001
10110111100111011110011011000001101101111111010110111101111011
11100000110001001100110011011100100000000001010100011000001001
10001010111101101101111011000110001010101111111111000010111011
11101010000111000100101001101111011111111110101011010110011111
10001010110001010101100011000110000000000000000001010011000001
11111111111111111111111111111111111111111111131111111111111111
