111111111111111111111111111111111111111111111111111111111111111
100001010000011001001100110001011011001000011000011000000010101
111101010111001100011110000111011001100011111111011011111110101
101101011101011001111110111101001101001110101110001000110010101
101100011001001100001100001101011001101010101010111011100110101
101001001101011101111111100001001100001010101010000000101110001
101111101001011000010101111101011111100000000000101011101010111
101011001101011011110100110000000110001111011111111001101010001
101001100101010000110110111110111110100011111100011111100000111
101100110101011011100110011000010011101110100001110111001110101
101110000000000000110000111110110111001110001011010101011100001
101011101111111011111110011010000101011010111111010000000110111
101001111111001001100110110000111101010000000101011011111111111
100011010001101100110110011110001101010111101101000000011011001
101110011100101001100011001111100101000001111101111011111010011
101011001110101101001110011001101101011011011000110010110000111
101001011010001101011011011011000000001110001110011010010111101
101011010011101001011010011011101110111111100111011010110000001
101010011011001101001011011010000011101010101101000000000101111
101010110011101101011010001000101011001000000000010110111111011
101010111010001101010011011011111111101011111110111111111010001
100000011000100100000110001001010111000000000011111101100011011
101111110010110001111111011011000010010111011111010100001110001
100011011111111011100110000001011010111111110000000001011000111
101111001101101000110110111111011110100001110111101011001101101
101110011001101011100010101011010100001111010001111111101100101
100011011101000011001110001011000101100010000111010101111001101
110110010101111001100011011010011101111110111100000100111101001
100011000000110011001110011011000101011010110110111101101000011
111001111110111001100011010001011101000000000010001101101110111
110011111000011011001011010111000000011011111110111001100000001
100110000011010011011111010101011111111000001100011011001111111
101111111111010111010110010100001000001010111101111011011011111
101011101101010110000011000001100011111110000000101010000000001
101010000000010110111110011011111000000011111101101000110110101
100011101111010100110011011111011111110110011111101101111111111
101110111010000110011011000101000011111111000000101101101011011
201010110011110111011011011101011000000011011010100000000000001
101010011011010011001011000100001110101010011111111011110101011
100010110001000111011010011101100111111111000011011011111111111
111010011101101110000000111000110001010101011111000000000001101
300000110001101100111110001101111100000101001001101111010100001
111010011011001101100010111100011111110101011011000111110101101
100011000001100100001111111001000010111100000000010000110101001
111111101100001101111100000011011000011101111110111010011111111
111110001111101100000001110111111111110100000010001111111011001
100010111000000001011111111100110101010001111111100000101001011
111011110010110111000000000001110000000100001011111111101101011
100011011010110001111101101100000101101110100000110101101101001
101000000011100100001100111111101101100110101110000000000001011
101110110111101110111111110111101101111110101100101011010100001
101000110100001010011000000000111111011010100111111001110111111
111101100111100011000011010111110111000010101111011011000000001
110100111110001111010111110000000000011111100000001111011010101
100001100000100001111110111111111111000000101010100001111111101
111100111110101011100010000001111101111011111010101100101101101
100001100000101000001110110100000000001111001010111110000000111
110101110110111110100000111111101011100101011110000110101011111
111100110110110000101010001011111000110000001100101100111011001
100001110110111010111110100000011111110101011001111110001000011
110100010100100010000010110101000000010111001100001011101101001
100110110110101010110110010101010101010001011001100000101101101
111111111111111111111111111111111111111111111111111111111111111
