1111111111111111111111111111111111111111111111111111111111111111
1010000101001010010000100110000100110100101000110110010110000002
1011110101011011011110101100110110000001101101100011010011101111
1000000101000001010000000111100111111011001101101111010111000001
1111110101111100011011110111110011100001101000100101010110011111
1010100000101101111111000000011010111011001010101100010100110101
1010111110001000010110010111000000111001101110000110110110010101
1010101111100011010111011111111011101011000011011100110110110101
1000000001111111010101111101000001101011011110010110010100000001
1111111100011000000100110100011101100011010011000011010001111111
1000111110110011110101100101110000110111010110011010010100111101
1110100100011010010000110111111101100010010011011111000111100001
1000110101111111000110100110000000101110110110001101010110111011
1110100001101101111110101100101010100110110011101101110010110001
1010111011000001111010100110101110101110110110100000100110100101
1000100011111101000000101110101100000100010100110110101110001101
1110111001010000011110101011101001110101110001110111101100101101
1000101011011110111000100000111111010100011011010011000001100111
1110000010001111101110101111110110010110110011010110010101110001
1011111010111001101010101101100011010110111011000011011111010111
1000011000001100000000000101111000000010101010010111011011011101
1111011111011111101011110100111111111000101000111110000011001101
1011010100000110111110110001101101101110001011101100111111100001
1000010111011100110110011101101000001011011011100110001011001101
1011000000000110000011000101001010101010010000110110101000011111
1111111111101111111001110101101111101011010110000000111011111011
1101100000101010010011000000000101000000010111111101110000100001
1001111010001011011001111110110000011111000001101111011010001101
1100011111101010000011000011111111111111011111100111010011011001
1110110100000011111011111011001101110001000110110001010111111101
1010110111111011001010111011101000000100011110110111010000001101
1010000001101011101000101010101111011111000010000000000111111111
1011111101000001001010000010101101111000011110111111110001010111
1000000001101101101111101000101000101111011000000000010100000001
1101011101111000001111111110001011101000001011111111110111111111
1001110101011101100010110100100000101111100000000011111111001001
1111100000001111101110100001111101101100001111111000001101101011
1000001111101010001010110101000000100101101000001011111000000001
1011011000000000100010111111111110101111000010111110101101101101
1110001111111111101010101011010000000110010110100100101101111111
1111101101110001111000001010011101101100110111101101101101011011
1001111000000100110011101011000001100001100011000100000000000001
1100011111011110000111101011111101101101111000010001011101101011
1001000000011000111110100010000001001000011101011011011100101001
1111111101111101100000001000110101011011001101001001000101111111
1110100001111111111111011101111101110001101101101111011111010001
1000110111011010100000010000110001100100101001100001000000000111
1110111100000000001011011010111100110101111011001101111101110001
1000101111111111101011010011100001110100001010011100001100010101
1110100100001000001110010111111101010110101011011001100101010101
1010110111100011100011111100011000010100101011001101101111010101
1000000000001010001111101001000010111110101011011111000011010101
1010101010101010101000000011011010000110101111000001101001010111
1110111010111110101010110110001110111111100001010111111011010111
1100011011111000101010110111011000001100001101010110001111110001
1001010010000010111110110100001101011101101101110000111101111111
1011111111110110111000110111100111000111000100111010010100000001
1111111100000011100011111111001111011111110101100011000001010101
1101010111111111001111101101101100000000111100111011110111111101
1000000000000000011000000000000110101010000111100000011111000101
1010111011111101110011110101010100101011011100001010111101101111
1111100010000000011110000101011111101001000111011010000000000011
1000001010101010110000101101010000001011010100011011010101101001
1111111111111111111113111111111111111111111111111111111111111111
