11111111112111111111111111111111111111111111111111111111111111111
10001011010101101000000110001100011001000010100010011010101100101
11101001010000101111011111100111001101011110110110111000000110001
10000011000111100101011101110001100101011010100010100011111111011
11101111110110101100000101011101001100000000001110001000101100001
10001101010100001101111101000000011101111111011110111010000110111
10100100000001111000110101110111000000000011110000001011111100101
11110001110100101101110000111111101011111110100111111111110110101
11011100111111101101010111101100001111011010001111110110000110101
10000110001011001101010011001111011101010010101100000011011100101
11110110111001011000000111100110010101010110111110111110010110101
10100000101101011011101111110111000100010000010100000010110110101
10111011101100010000111111010001011101110111110101101110000010101
10111010101111000111110110011101010101110101010100111011111010001
10101000100100011111100110111000000000010000000101110000110000101
10001110110101111000110110100011111011000110111101011011111110111
11101010100000100011110110111001011111101111101101011001111010011
10100010101101101110000100101101010101111101000101011100110011001
10111010101100000111110110001000010100010000011100001101100110011
10000010100101101101100010101011110101110111111111011101110100111
11111010101111111000110111100000000100110101000110001001010001111
10000010001010111110110011001111111101100101011100111011010111011
11111000111000101010011011101101010000110001010110000011000110001
10100010011011101010110010100101000111111011000100111111011100111
10111111001010100000011010110000011110011010011101111000000001111
10101100011010001111110000000101000011011000111000000011111111101
10100111010000111011011101111111111111011011110010111000000110101
10001110000110000011000000101010011101010000000111111111111100001
11101011011100110111111110101000110001010111111101001101101101111
10101010010111111101001100100011100111000000000000011100000000001
10100011000011001101101101101111110101011101010111110101111101111
10111011011111011100101000000110100000001111110111000000010111101
10000000001010010110101110111110101110100001110000011011000010101
11010111011010110010101010001100000010110111011101111111101110101
11110100000010110110101010111101111010100001000101110001111000001
10111111111010110010101000000000011111110100011100011100011010101
10011100000000110110000010111011010110011101000111110101111011111
11010111111011100000101111111111000011011111101111000100101000111
10000111000011001110111101100001011001000001111101110101101011101
11110101111001101111100000001111110011011111010001100000101010101
10000101000011100001110111111011111110000011010111110111101010101
11110101111011001111010000111001010110111111010100110110000000001
10000000110001100011010111101011010110010101010101100100101010101
11111110111100001110010101101011010000110101010100110001111111111
11010110101101101111000001100010010111100101000001110111001111011
10000000000001111010011111001110110110110101011011100101011010001
11011011011100010000110100011110110010000101001010110000001010111
11001111111111010111110101111000110110111100011110010111111000101
10011110000000010011010100001101100010101001010111000000101011101
11111011111111000111010001111001111000101011110101101111100000001
10000001100000011101010100001101011101101010110101000101101111101
11011101110111001000010111011000001100000000000001101100000000101
11111101011111011011110001111011111101111011111111100101111011111
10110101011101011001010111100010101000011111001010101101011110011
10100001010001011011000000110110100011110101011000000000010111001
10001100011101000001011101100000001110110100000010101011000010011
11011111000101111101001111111101111000010101110110111111111000111
11110111110000011001011010101101110011000000011111110010001010001
10010101000110111100001010101101011011110111111111100110111111111
10110100011110010001100000000000000000111111010110101100000101011
10000111011011011101111010101011010110101000000010101101111100001
10110000010001001000111111111111110010100010101110000000000001011
10100101011101101110101101010110110110001011100000101101110111011
10110101010000000000000000000000010011011000110110101100010011001
11113111111111111111111111111111111111111111111111111111111111111
