111111111111111111111111111111111111111111111111121111111111111111
101101000011010101000010100100011010110110000010001100000101000001
100101111011000101111000110111000000010100111000111101111101011111
110001011011110000001110000101110111010101111010000000000000000001
111100000001110111011111110000111101010000001010101101010111111011
100001101100011110000000111110000000010111101010111111110000001001
110101000111011000110110001111011111010000111111110110011011011111
111101101100000010100111100000010000000111110101100000111001111101
111100111001010111111101110111111110110000000000001011101111101001
110001110011010101111000011100000000110111111101011000100111000011
100111011010011100101111011101010110100000000101001010101101101111
110011000010111110001100010111011111101010111111111111100001100001
100111111010100000100001000011110000001010011010101101101111101011
101101111111111110101101110110110111011011000000000000000000001111
101000000111010111111111110110100110001011101010101111101010100001
111111010010000101010100000000001111011000101011100000111011110111
110111111000110000000110111011011000001010101000110110011000011111
100001101101111011110111110011001101011110101010011111001011001001
110101101111000010000101000110011001011000111111000001101011111011
100100000000011111110000010011001111001010000001110101001001100001
101111010111110110110110111001101000011010101100011101101100001111
101000010100000000000011100011111111001010101101000101111001100001
101111011111111110110110001001100000011010111001011111011100110101
111111110000000000011111111011111010110010011111010110001110010101
110000111111111110110000000010110010011011001100000000111000110103
100110000000000000011010101000010110111111101110101010001101110101
110111101110110110110010101010110110011000000010101010111001011111
111101111100110100010110111011100110110011011010101010011100000001
101000010110011111011100100000110110011110001010101110110111101011
101011000000110000011001111010011111110000111111111000000011111111
100011101110100110110011000011000011011110110111011111011000110101
110110001100111111110111101001011011000000000010001100011110000001
100011101001100000000000101011011010010110101000111111000010110101
101110101101111110110101111001011011110100101101111010011111111101
111100001101000000110100011011110010000101101000000011011100011111
110111011001101101100101011000110111110100111010110110010001110111
100000011101101001101101001101100100000101111010010011000100000001
110101001100111100101101111001110110101111000010110111101101110101
111111101101110001101100001100111100100011010110110101000100111101
100011001101100100100110111001101110110110011100110001011110001111
101000011001111101101100110011000000010011011001110111011100111001
101110111011000001101110011111101010111010001101100001000110000011
111100110001101100100110111101001010001110111001101101101110101001
100001100101101101101100110000011010111111110011001000100010111101
111011001101101101101110100101010011100000000111011101101110010111
100001101001101100111000110101011001111011010110011000100011000111
101011001101100110011010100111001100110011010011001010110110010001
111001101001001100110010110111011110111010010111101010110011010111
100011001101100111111011100100011000001011010001101010110110010001
101001101000110000011010001101011010101110010111001011100111010101
101100101101111011011010101001010010100010110001101000110100011111
101001111100001110001111101111011011110110110111101011110111011011
101100010101011000101101001111011110000010100110111001100100000001
101001000111001110111101011000010111101010110000001101001111010111
101101101110011110110000011110110100001110100101100111011000010001
111001100011010000100110110000000101100011110100110011001101011011
111100110110011010101100100111011101001001100110010110011111011001
100001100110111110101101101110001101101101101100110111000110011011
111011110110001100101101001000101111100101100110111100011111011001
100001010011111001101101101010100110001100101110011001001011010011
101011010111110011001101001011110011101111111000111101100001011001
101010000110000111100111111001100110000000001010001101001111001101
101011111100110000111111000011110111101110101011011001011111111001
111110000001100111100000011001011100000011101011001111000001101101
100000101011110001101011001101000001010110001001011000010101000001
111111111111111111111111111111111111111111111111111111111111111111
