111111111111111111111111111111111111111111111111111111111111111111111
101100101101010011010110000000001001010011000011001101010101011110001
100110001101010110010011110111101101011001111011101000010101001100111
101111101100000111000110111100000101011011100001100011110101011110001
101011000111010011011100101001110101001010111011110110110100001100111
101010011100011001000101101111010101100010110011000100110110111101101
101011010111111101101100000110000001101000111001101101100100101000101
100011000110101100001111101111110111111101101011001000110001101011101
111001011100000111011001001101010110010101101001101011100111000011001
111100010111110100011101011000000011000000101100001010110101110111101
100001010010010110110001011101111001111110000111101010110101010000101
111011111011000100011101010111011100101111011110101000110001000101101
101010110001110111010001010110010101101010001010101101110111011111001
101010011011000000011101010011010101100011101010000101100011010110011
100000110011111011000001011011000001101110000011110100111000000011011
101111100110000010010100000001111100100011101001010101100011011010001
100110001111111111111101011100000101101111111101000001110110011111101
101110111101010110011111110110110000000010100001110111000011110110101
101000011000000000110110100011111110111110111101010001101110100000001
101011111111110110100100110111100000000110110101000111000110001111111
100000101010011110110110100110111101111100100001110101110011101101101
101011101000111010110100101100101000110110111101010000110110101101001
111010101010010010110110001110101101100010110101010111110110000101101
111010001111011000010111100110001000111010110000010101100011101101101
100010111101011111010011101111101110000000111111000100111000101000101
111000110101010000010110000010101111011101100011110001101101100011101
100011100100011111010111111010101011010000110110000111101001101110001
111000110111010110000011000000101011111110100011101111000011001011011
111011100000010011101111111010000010100110101111000001011111101001001
101010110111010110100011011111011110110100100001101101011101101011011
101010011110000010110110010101001100110110101111001101000100000000001
100000111011011010110111010101101101100100101101100111110110111111111
110101100011110000110101000000000100110110101101110011010000000000111
111100111010100110100101111111010001100110001100111011000101011010101
101110110000001110110000111011111100101110100110011010011111111110101
100000011101101000011110000010101110101011110000110000111010110111101
111111011101001110110010101000101010001011111110010110001010010011001
111010000101011110011011111110000011101010101000111100100010110110011
101011011111111010110011010111111011100010101010011001111110100110111
100011010011000000011011010000001010101110001110110011011100001110001
101000010111111111011011011111100000000100111100000111000110111010111
111111010101101000000001011000001111110001110111110001011100011010001
100000000000100010111101011111111000000111000110110111000001111010111
111011010110111111100001010110111111110111110010110100011011101010101
100011111100001101111100000110100000110101011000100001111000000000001
110110101111100000110111110100111110000101011110001100101110110111101
100100000101111101100111010110101011110101010011011110000110110011111
101101110000110000101100000110100011010101010111000111111110011000111
111111000110111110100001010010111010000001010101011101000011011011101
111010011110000000001011011000000011111100000000001101011110011111001
100000111000110101011011011101111010100001111011100000000111110100011
101101110011100101010011110001000000001101100000110101101101110001001
111001000110001111011001111101111010101100111010110100111101011011111
110011111100111100011101011111000010111001100010110110000101000000111
100110111001100111110111010111101010001101001010111100110000010110001
101110001011110001000010010100001010111111101110001101111011011111011
111011101110111101111011000001101010111010000010100100101111000001011
110000000110000000000000010101001110100000101110110110000001010111001
100111101111110110110110110111100110111101100110010110101011010001011
110100000010111111110100011110101100110001001100110010101011110111011
100110101010101011100110110000001101100101100101110111101000111111001
111111101000000010001111111010101101110111110101010000101010001101111
100000001111111000101101000010111100110110000100011010101010100000101
111101011000000010100101011110110001100110110101111111101010101010001
101001110011011010110101110000100101101100110100000100101110101010111
101111111011010011111101111010110100100110011110110001100111101010011
100000011001110110000000000011110101101100111000111111110001111011001
101011000011000100101010101001100100101001100010000000010100001001101
111111112111111111111111111111111111111111111111111111111113111111111
