1111111131111111111111111111111111111111111111111111111111111111111111
1010010001011011010110011001011000000100100110110101110001100000000001
1011011100011011000011011011001110111101101100000000100111110111110101
1001000001110000010111000011011010111000000101111111101110010110111111
1101111100010111011110011111000000000011110001111101000011010000001011
1001000111011110001011000110011110111000010100000000011111010111100001
1101011100001011101001011111111010011101110101010111001100010101111111
1000000111101011001100000110100010110111100111110001111111010001011001
1111011101101001100110111110111010110000101110111111110110000100001011
1000011001001011101100110100010000010111111000101110000010111101100001
1111001101101011000110010111010111110000011011101011101110001101101011
1101101000101010011111000000000011011011000000001010000000111100101111
1000001110101011000001101110101000000011011101100000111111110111100101
1111100000000000011111101111111011110111111000101010010001100001110001
1101111111110111010111001011100000011100101010101011000100001100111111
1001010000000011110001100000111011000110001010111011010111101111101101
1100011011111010110111001110001001010000111110011011010000101010000001
1101111111100000010101101111011011011010011111111011010101100000111111
1001010100001011010101000001111110011011001011001111110100110110001111
1101010111101110000000011101110011111001100000011101111111110110100001
1000000000001100111111111111010110101111110101110101000001010010101111
1010110101101110000000010110000010000010111100000000010100010111100001
1010110101000011011111000010111110111000000101011011111111111110001111
1110110111010110000001011000001000011101011111001001101010101010100001
1110110100010011101011111010100010110111111011111100000000000010101111
1000110110110111001000001010110110000010110001111111111111111010100001
1101100110100101101010101010011100101000000100001011100000001010101011
1000110110101100001010101011000110101011111111111000001101111111111111
1110110010101101101110101011011100111000000000000011100100010101011101
1000100110101101000110101001011110111101101011101011111101110000001001
1010110111100101110010111011000111100001101000111000001100000111111011
1010100011001101000110011011011101111101101010111101111001110000010001
1010110111101111110110110001000000000100111010001100001100010101000111
1010100110000110000110011101011110111101111110111110100111111111010001
1010110111101111010010110001111111111100000110000111111110101011111111
1011111101100001110110110100000011100101101100110011010100000000000011
1111011100001101100010110101111010001100100110011000000101111111101001
1000000001100111110111111100001000111111101100111101111100010111111111
1010110100110111000101011110101010000000111001101000000001000000010101
1010110101111100010001000011101010111011111011101101110111101011110101
1011110101011001011011011000111110001000001000001100010010111111000101
1111011101000011011000001010000110111011111111011110111010001100011101
1000000001101001110010101111011110011010101111111000110010111001110001
1010110101001011111011100001000010110000000000001110011000001101000111
1010110101011001010000101111010111100101011110111000110011101101010001
1010110101001100010101100011010000110101011110001101110110000000011111
1010110101011111011101110111110101100111000010100111000011101101001101
1010110111011000011000010010111111110110010110110001110110111001100001
1110110100001110111010111000000011110111110110110111000000111101101101
1000110111011000110010101101101001100000010110010101110110001100101001
1010010100001110110110000100101100110101111110110000010010101101111011
1110110101011110100011010101111101100100000010011011010111101000011001
1110100101110000110110010111000111110111011110110001011101101101111111
1000101111000110100011011111011110110001000110011101000000111000000001
1110101011110100110110000000000000110101010011001101110110011010111011
1000101000110101100011101101110101110101010111100111110011001010001001
1101111110000101101011000100111111100111010100110000010110011010111111
1001100000111101001010010110000010111110010001100101110011001010000001
1111111110011001111010111110101000000010111011110100010111101010111011
1000000000111101100010101100111110110110011011010110111101001010001111
1010111110111100111110000110010111111111011000010110011001011010100001
1111100000011001100000110011000000101001111011111100110011111010111111
1101110101011011001110010110010111101011000000001110110110101110000001
1000000101011001111100110111110011000001010110100110000000000110111011
1110101101001101000001110000110110011111110010110111010110111100001001
1000111001100111111100010110010100110101100111110100011100000110101101
1010110011110010101001111111010101100000110000011111000110111100100101
1010111000011010000011101101010100001011100101001001101100000101101101
1010011010110010101000000001010001011011001101100011000110101101100101
1111211111111111111111111111111111111111111111111111111111111111111111
