11111111111111111111111111111111111111111111111111111111111111111111111
10001001010101011001010101010110101001100011001000000001000101000000001
11101100010100001101010001010100101011001111011011111111011100011111111
10101101000111011001011100010110000001101101000001100111010101111110101
10101111110100001101010110110111111011000101011111101100010000000000001
10000110110111011000000010100010100001110000000001000111010111111111111
11011100000000001111101000001110111101011011111111011100000111010000001
10010101010111011010111110101110101001000000000000001101110000000111111
11000111111111011000011010111010101101011111111111100000111111111100011
11101100101000001111011010011000100100000000110010111111100011101001001
10100110101101011001001000111110110001111110000110111100001000000011111
10101100001111001101101110101000110111100011010000000001111111111010101
10100110111010011000001010001110110110001011011011110100110110101110001
10001100110000111111101010111010000010111111110000010110000000000110111
11100110011110010101101010010011101110000101110110110010110111110000001
10110100110011010101100011000110101010111101011110010110010000111111111
10000101100110000000111000011100101000100101011011110010110101101000001
11110000110011101010001110110110000011101100000000011111111100100011111
11100110000111001110100000010100111000001001010101000000100110001111011
10110111110101111100111011000001111111100011111111111110001110100010001
10000100000101110111111110010100000000110110101010111111111010101000101
11010111010000000011101000111110110111111110000000000000000010101111111
11111111111101101000100010110000010000000000111111111011111111111111011
11000000000001101110001011110101011111111010001111111110111011011000001
10010110110100111111011000010101000001101111100000000100001000010011111
11111100100101100001010010110111101111000000111011111101111011110110101
11100001111101111100011011100110000101010101100000001000000000100000101
10111111000000011110110000110111010000010100110110100010110110001111101
10101110011010110000011010011100011010111101111111101010011110100000001
10101010110011111101110011011111011011111111000000111011001100111111101
10000000011111101101000110010000011000110111011111110011011110011111111
10110101011110100001010011111011011011110101011011011011000011000000001
10100101110000001011111001100010011011010101000001011111110110011011011
11110101000101101001100011110111011000000000011111001101111111110001111
11010101010101111011110110011100001011010101000100011100001100110100001
10000101110100110001100011000001011111010101010001000001111001111101101
10101111000101100101001001111101000101010111011011110100000011101111101
11100001110100110111101111111001011101110001111110010110101111000011001
10001111000110110110001100000011000000011011110110110110111100010111101
11100001010111100010101111011111101011111000000000010010000001110010111
10001101011100001110101000010000101011101111101101011110110100111110002
11101111001110100111111011011010001000000000111111111100010111101011011
10000011100110110011011111111111011101010110000110110110110000000000001
10101110101100111110000110100101001101011110110000010111111010111111101
11100000101110100000101100110100011101000010011101000000011010000011111
11111011111000111110100110000001000101010111110001010101111010101000001
10100010111101111100110000101101010101011100011011010100001011111111011
10001000001101000001111101101001010101000001111001110111011001010101111
10111101100101010100110001001101010101010100001011100001111100000000001
10100000111111110110110101011001011101110101011011001100000101011011011
11111101110010110110110101011101110000110111110001100101111111001010001
11111000000110000010100111110000111011100110110101101101101011011110101
10100011010111011010110110100110101000110000010100101100000001000011101
10001001011100011011100100001110100010100110110101101110111011011001101
11011101001101001001101110101100101010110010111111111000001110001011111
10011001100111011011001100100110101011100110011011011010101111011000001
11001100101110011111101001101110101011001111010000001010100001111010111
11011101100011000001101011000010101010011111000111111111101111110010001
10010000110111101111001111101010101011010110010011010101111010011010101
11011010110100000001100110001010101010000110111000000000011000110010111
11111010010101010111001111011011101111011100110010101101001010011011111
10101011110111010001101100001011001000001101100111100101100010110000001
10000000110011011011100110101111111110111001110001111111001111111011011
11010101100110010000110111101100110110100011000100000001011101011111111
10010100110010110111100001100110000000101001101110101101000000000001111
10110110011110100001101101101111110101101100101000101101101111111101011
10110011011111110100100111001100000101100111101110100101100000000100001
30011111000011010110101111011111010100110111111110110101001110101101011
10110000010110000110100001011000011101110000111000111111100110100101011
10110101010110110100110101011011010000011010001010000011001100101101001
11111111111111111111111111111111111111111111111111111111111111111111111
