111111111111111111111112111111111111111111111111111111111111111111111111
101101000000000001100110101010010101101000010000000001000000110001010101
101101010101111101101100101011010000101101000101111101111101111101000001
101101111111111001101001101000011110000111101111110000000000101000011011
100000011100001101001101001111000111010110001000000111111010000010110001
101011110111100001100101101101110001110000101010111100000011110110011011
101001100011111101110001000000011101100111111111111111111111100100110001
111100110110100000111101111111011000001101010110000101111100001110111101
110110000010111010000000000110000011011001000111110000000111011010000101
100100101010101011101101110100111111111101110100000101110000011000101101
110001111010001111111001000001100000110100000001101111000110111101111111
100111010000111100001101101011111110000001010100111000010100001101010111
110100000110010111011111111110001111111111111111111101111110111000000001
100110111111010100011010111000100011101110101011100001000000111010101011
110100100000000111011010000010101010000000101000001011110101100011101111
111111111011010101011011110111111000111010000011101110000100110110000111
101011110010010000001011011111010011111111111110100011010111100011010011
100000100111111110111011001010011111101111000000101111110110001001011001
111110001101101100000001101010110100000010010110001101000110101011010011
110111101100001110110100000000110111111000110111011000010011101011011001
100000001111100111100101101110110001101110100100001010111001101001010011
111111101000001100001111111000100101000000111110101011100011101011111001
100010111010100111111100011110110111101010111010111111110110001000110011
111000111111110000000111010000000010001011101011111110000110111010110111
101010001101011111110000000111111000101011000001101011110011100010010101
101110101000001110011111111101011010101010010100001010000111110110110001
101100111111100000110011011000000010111110110101100000110100010100110101
100101110000111110111011010010101010000110110100110101100001110110011101
110000011101101010100010000111101011101100100101100100110100011111001101
111111011000000000111011110110001011100111101111110111110101000011101101
100000000011111110000000000010101010001100001100000110000111010110001101
110110101110000000101011101010101011011111011111110011010011011110101101
100110100110101101111010001111101011010000001100000111011011001100101111
111110101100111101000010101100001111011011011111110110011011011110100001
100000101101100001010110111110100001110010010110000111011110011000110111
101010100111110101111111110000101011111111110000110101000010110010100101
101010101100011111000000000101101010001101100110110100011111111110110001
101010100111000011010111110100101111100000101100100101001101001100011011
101110101101111000010100000110111110111110001110101111100000011001001111
111110111001111110111111010110011000000000101000100000110101001101100001
111000011100000000110000010100111111111110111101101101100111100111110111
100010110001010110111011010110110100000000000111000100110001110011000001
111010010101011100101011110011110110101010111111101111100100010110010101
100011010101010001100000111110000000101010011100000110101101010011011101
101001010101110101001011101111101010111010110001101100001101110111010001
111011011111000111011110000000001110100011100111001101011101000101010101
100011000011101100010100101101111000111011110001101001000101101101010101
111011010110001101010001101111100011100010000100101111011101000001111101
100010011111111111111101111011001011001011010101111100000111101100011111
111010111101111010101111010000011111101010010101100110101111001101000001
100010110000000000000111011101001101001011010111110000101001100111010101
101010100110111111110000000001100001101010010011010110111011110110010101
111010111111100000000110111011110101111011011110000110000000011110111101
111111111000001110111100110001100111000010000011110011010111111000000101
100101000011111000110001111011110011011010101110000110010000001101101111
110101111111111110111011000000110111110011100010101110110111101001100001
100000000000000000001011111010111100000110001011101100100000101100110101
101010110101101010111110101110100110110111011001101001101011111110011111
111111100101001010000110001100001111110100011011101101001000010011000001
110101110101101011010111100001100011000110110000111001101011000110010101
100000000111111010010100001100110111110011111010011111001001101111111101
101011010110000010110101011110011100000111100010110000011011100000001101
101111010011110111111111001011011110110110001011110111011000110101111111
101000010110000011011011100011010000110100101001010100011010100100000001
111110110011010110010000101110011110100101101100011111011110101110110101
100000011011111111000110001111010000110101001101001100000011100110010101
101101001010000000010100100011110110110101100111011001011001101100111111
101001011010101101111111101110000100100101101100011011011011000110001001
111101011010100101001010000011101111101101101001001011010001101111100011
110001111010110111100000101111001010001001101101101001110101100110001001
100100110010100110001101101000011000101101001000101011000100101100101011
111131111111111111111111111111111111111111111111111111111111111111111111
