111111113111111111111111111111111111111111111111111111111111111111111111111
110101000000101010101001100001001101101000010101010100100110011001010110101
100101111110101000101011111101011000001111010101000110001111011100000110001
110101011110101110100001101100011101111101000101011110100110010101111111011
100000000000001100111011000111010101100101110001001100111111000001011101001
110111011011100110110001101110010100110001100100011101111011011011010101011
111111111111101100111101100011010101111100111101010100101001110011000101001
101000110000001110101001111000000000011001101001110001101011111001011100011
200010011111100010101101001110110111110011001100100111101010011101010101111
111111000111110110001001011111110101011001101001101100101000110100010101011
111110010000000011101101011011010101001101001100101101101011100001110000001
100011111011110111100001011000000101011001100101100000101011001100000101011
101110011111110110111101001111110001011011110001111110100001011101101111111
101010110100000000100100011101111100001010111100011100001111111000111001111
100000110001110110110111011001010111100010011101110110111000101101110011011
111110011011000110000011001101000000111010110000010100111110000000010110001
101111011111111111111000011101111110100000011110110001101011111011110000111
100000010110001101000011000000111000111011111000011101100001010011010111101
101111010111100001111111111110001110010011001101001000111011011001010101101
101000000010111101101101001111011111011001011111101101100000000011010101101
101101011010101001100101011000010000000011011010100100110111011110000101001
111101111010101100110000001111011111111011001010110101111110000110111101011
110101000000000110011111101011010101100011101010110000101010111100100101011
100111111111110011010000001010010100111001100000011110100000000110101101001
110011011000110111011111100011000001101100111011110100111101111100101101011
100110000010000000000000111011111101101001101001100110101101101110101101001
110011111111111011111110000010100000001101000011110110001100000110101001011
111010000110111111000111111000111111011001111011010111101101111110000011011
100011110000000100010101101110101001001101010001000011101101110011111011001
111010000111010001010000000000101101101101011100011110101100011000001011011
100011011110010101110101101110000000000000010001111000101101111111100011001
110111110000111101100111111011111111010111011101101110100000011000111011101
110110011111110000110100000000000000011110000000101000111101111101101000101
100110110101011110111111110111011011110011111110001110110001100101100010001
110010110001010111101011111111111110011010101010111000011100110100110111111
111000111100000001001010001000101100110000000010101111010101100101100000001
111101100111111101100011101110000110111111111010101101000000110000110111111
110100110100000000001000000000110000010000101000000001111101100111100110101
100110110110111110101101010110100111010110000011101100011000110100110000001
110000110011101100101111111111111111011100101011001001111110110101100111101
100110000111001111111010101100111000001001101011111101110000000000101111111
111111110001101010000010000001101111101111111110110100011110101111100000001
101010111100000011111011101100000100000000010110110101110110111001001111111
100010000111101110000011111111010111110111010000000001010100011011011101011
101000110000001011111000110011110000000110011111111101010110111010000000001
101111100111100001101101111010111010111111010101000000000110100000111111111
111111111110111101100001010000000011101101010101111111011100101010000011111
111000111100010000111101011111111111000000000000000000010110101111111000001
101110100111011110101000000010110100010111110110101101000000101101101111111
100000110110001000101111111010000111011110000011111111111110000000000000001
101010000000100010001110000000110111111011011000110000000010101011011111111
111110111110110111101000101110100000110000011101111101011000111110000000001
100000100010111110000010101100111110110110110001101111010010010111101111101
111101111011101011111010100111111100000100110111001010010111000000101100101
100001000011000000001111111110000001010110111111101000110110010110100001111
101011101001011111101111011011110101010110100000000011110111011110110111011
111110111100010010001010001011000101010111111111101111100001011010010000001
100000110111111000100011011010010111110011011010001110110111000011110111111
111110000000000010101000000011010011000111000000111000110001110111000000111
110111111111111011111101101000011110010110011011111010000111100001110111101
100101011000000011000001101101000011011111111110000011010010110111000000101
110000000011111010010101101101010111111010101000101010011000110001111010001
111110101111111011111101000111111110000010000011111011001101100111000010111
101011111000000010000001101100000000111011101111011111011111110011101010001
100000111111101010111011000110101110100000001100000000000000110110001110111
101101101111111010110001101111111000111011011001011111010101110011011000001
101101101000000010100101001100000010100011001101010000010101100110001110101
111000001111101011110101101111101010110111101111111101011111001100111100101
100010100000001011000111101000001010011110000110000001001011101001100001101
111111111101101001101100001110101110110000101111111101011001101011111011111
101101000001001011000101011000101000110101101000000001000011101011000010001
100000011011011001011111111111111110010101001111111101011110111011011000111
101101011010011011010010101011011000111111101111111101001110001111011010001
100101010010110011011000000000000010100000001000000001100000101000011011011
111111111111111111111111111111111111111111111111111111111111111111111111111
