1111111111111111111111121111111111111111111111111111111111111111111111111111
1101101010110100000000000001000001100010100100001101101010110001010010110001
1000101010100111110101111101111101101010110001101001001010011101010110011011
1010101000110110111111010101101000111010011101111101101010110100010110111001
1110000010010110101010000101001110011011011100110101000000110111010000101011
1100110111000100100011110101011011010001010101100101111110010110000111101011
1001111101110110001000010000001011011100010100110101100000110111110110101001
1111100000000011011111011111100000001111010101100101001110010101000000101011
1010110111111001110110011100111111101010000001001101111111000001011111101001
1010111111011101100000110110110111100011111011011000010011111101010001101011
1000101100000000001110110100000000111000000011011111011010010100000111001001
1110100111111110101000010110101101101110111010010110011011000111110011011011
1010110101100011111111010110111000001011100000110011010001110101010111001001
1010010000111011010000000011110010100001111110110110011101100000000001101011
1011011011110010011111011001100110111011000000010011011000101111101111101001
1010010001011000111111111100001111100000011110110110011101111000000110101011
1011011101011110010000100110111101111101111110110010110001001111101110101001
1011010000010111011110110010110101011111100000011010011100011011101010101011
1000011111000000001100011010100100000010101101001010110101110010100010101001
1101000101111111101110110000110001111000001001100000000000011010111010100011
1111110101111000001010111111100101101111101101111101111110110000011010111001
1010000000001101100000101000101111001111001111011111010100111111011000000011
1000101111101111101010001011111111100001101000000010000110101010001101110111
1010111101100010111111100010110101110111111111111011110000001011011111010001
1011100000111010110011111010110000110110110110100010111010100001011010000101
1111111010000000000110000010011101100000100000111000101111111100001011011111
1110011111010111101100101000110101111110111011101110101101011110101010001011
1010110000011101101101111110100000000000000000000000001000000111101011011001
1010100101011000001111011000001101101111111111101111101111110101000011001101
1000001111011010100110000010101101101000000000111010100111000100011001100103
1011011100010011110000101010100111111101010110000000110101110111111011001101
1111110110111011010110111010111100110111111111111110110101110111100011011001
1000000010011010000110100011111110000000101100001000000001010100111000011011
1101011010110011110011110110000100111110000111100010101100010110101111011001
1101111000011010000111000110110111111111011100110111111111000000101101001011
1001100010111111110100010011100011100010010110111111111111111110000101011001
1011111011110110000111111111110110111011010100001010101100000000110100001011
1011000010000000111100000000100100000000000001100000000111111101100001101001
1001101010101111111111111110110110101011011101001011010000001111001011101011
1011001111111000000000000000000010101111011001101111111111011011101110000001
1111101001011111111011010110101000111000001111111101101000000000111111101011
1000001100000000000010011111111110001101011110110000000010101101111000001111
1111100111011011010111110001010100111111010010000101111011111001101011100001
1111111111111110011110111100000111101011111011110101100011011101101110001011
1000010101101100111000010111110111101000101010111111001010000000000100101001
1111000000000001100011000011000000000010000000101010011010111010110001101011
1111111111110101001111110110011011011011101010000000111111100010111011001001
1000000000111111111101000000110001110011001111010101101111001010011001101101
1111101110101011011000011010011011000111101101111101100010011011001101001111
1011111000000000001111010010110001110101111001110000111000111001100111100001
1010111111111111101011011111111111100101011101011011111110101111111110101101
1010101010000100000000001101010110001100001000000010100000001100110100000101
1000000000110001011010111000000111011111101010101010001010111110000001101101
1011110111111011110010111111110001111010000011111111101010010100101101100101
1111100100000010111010100001111011001011111111010101111111000110111100101111
1000001111111000001111111101010001101010111100000100111000010110110001100001
1110101100000011011001010000011011000000000001010110101010110011100101101111
1100111110101001111100011111010000010101011101110000000010110111001101100001
1001110111111011110001000000011101011101011001100101010110100110011001001011
1011000001100010011111111101000001111111111111110111010110110110111011011111
1111010100001011001010000001101011000000000000000110010010110110100011000001
1001111111111111101011111100111001010110110111110011110111110100110110010111
1101101010110101000011100001100011110110100100000110110101011110011110110111
1000100000000001110110001011101011000100111110101100000000000111011000110001
1110111111111100110011111010001111110111111010111111011101011100011010011111
1000000000110001110110000011111101111111101000100110010001001101001011001111
1111111110100100100000111111110000000000000010110000111011101101011011100001
1000000000001110001101111110011111111101101011111010011000101111011001110111
1111110101011100100111000011010111101101101001011011010010101000011011000001
1000011101010001101111111011000000000000111011010011011011111011011011111011
1110111101111011001000110000010101010101111110000110010000111011011010000001
1000110111111111011110100101110101010101000000110011111011100001110011111011
1010000011010000011000001101000101111111110101100111000000101011000110000011
1011101000000111011110101001010101101010111111110100011110101011010010101001
1010001011010100010000101011010101000000000000000101000010101011011010101011
1111111111111111111111111111111111111111111111111111111111111111111111111111
