111111111111111111111111111111111111111111111111111111111111111111111111111111
100101000010011000001010101011001010000001010010110101001001100110011010101011
110101111010111111101010100001100011111011011010100101011011001100110000001001
100000100000001010101010111100110110100000011010110101000001100110010111011011
111110111011100000000000000110000110111011010010100000011111001111000111110001
100100001110001111111111101111110000011111011010111011110110011100010101100111
110001100111111011110110000010111111001110000000000010110011000111011100001111
111111110010110000000000101000000001011011111101111010010110011100001001011101
100010111000100111111111111111111100001010100111111010110011000111100011111001
111010101110110100000011011011011111101010001100000010010110011110101000101101
100000101010111111111000000000000000001011011111111010110110110100001101100101
111110101010101011111010101101101110100000000110101000100010100001011000110001
100000000000000000000011100111111000110101011100101110101110001011110010110111
111101011010101101110111001110111111111111010110100110101110111000111010000011
100111111110101101100110011010101001101010000000110110101010101110011111101001
110000000000100100110100111000101101000000111110000000000010000010110111111011
100101010110101101111111110010000000011111100000101101011000111111100010011001
110111010111111101011011100111111111111000001010101001001110000101111010111101
100011010100010111010000001111010100000011101010101101100110111101010000010111
101001111111000010000110111010000111011011001011101001001100001000000101000001
111011110011101000110011100000110000011011101000101101100110100011111111101111
111011011000001101111011111111111010110010101101101101001100101111110110111011
100011011010101101011110110000000010110110001000100111100111100000000010011001
101011011111111111010100000111111010100110101010111110001100001010101000111011
101011001101010110000111111110000011110011111011111000111001011110111110000001
101111100100000111110011000000101111011110010001001110001101011000001111111111
111110110111101100011011111110101000001011000100011010111001001110101000000001
100000000101000101110001101000101110100000011110110000001011101100100010110111
111011010001110101100100101110111011111010111000011011011011000110110111110001
111111111100000000001110000000110001010010001101010001001001110110110000011011
100101110001110101100111011010100100000111011101111011011011000010100110110001
110101000101000100111100011111110111101101000101100010011111111010101110011101
100001010101010111110110110100011111001100010100111011001101100011101000111101
111011111101011111100011100111000000011001010110011011011000001011101010000101
100001101111110000001011001100011110110011010110110011001110101000101111010101
111101100111111111111011100110110000011001010010110110011110101101111000010101
101000101101000000000010110100010110110011010110100100110010101000111101010101
101110101101111011111000000001011110011001010010110110111000111110000111110111
100000100000000011110011010111010000111011011011100100011010000111011110110001
111110001101011110000111110100011010001110010001101111010011011100001000010101
100000100101111111110001100101111110111110111011001011011001111110100010110101
101011110111100010000111111111100000000011100001101000010011110111110110010101
101111010100001000101111011010001101011110001011111111011011000001100110110101
111000000111011101101000000000101001000111111010000000010000011011110010111111
111110101110001100101101010110111011010011111010101110110101001001010111101011
101000101100101101101001010110100010011000001010111111100101011011010000000001
101110111110111000111101010011110111011010111110100001101101011011000101011111
100000011011111110110101011011010100011110000011110100001101001010010111000001
110111011000000000100001001110000111000011011111111110100101011111010011010101
300100001101101101110101100111101100011110000000110000101101010101110111010101
101110111001001001100100111101111110111100110111111110101111000001100101010101
101000011111011111001110100000000000010101100011001100100001101100110001010111
101010110100010111101010111011011101000100110111100001110101100110100101110001
111011110111010000000011100010010001010110100011001101011111001111110111100101
110010000000011111101001111110110101010010110110011000000011101100000000111101
200111110111111000001100001100100101111111110011111101111000100110110110011001
101110111111101101011001011110111101101101000110000000001010101100010010111011
111100000000000001010011110000110000000001101111010101011110101001010110001111
100111111111101101110110111111100101010101101010011111000111101101010100100001
110000000000001000110110011001001101110111000011110000010001101101010101101111
100101011101111010110011001100011000011110011001100101011100101001010100100001
101101111001000011100111100001111101001100110011110101000101111011010110101011
111111110011111000101111110101000001011110011110110101011100001001110010111001
111011011110111011111011000101111011010000111110100101000110101011000110001011
100000001100000000000011110111100001011010110000001101101110111001101111011001
111010100111101101011110000100001011110010111110101101000010001011101011111101
100010110000000111000011011111011010110110100000100101101010111010000000001101
110110100110110001011001010000011000010110111011101101101010011111101101111001
100110110100110101110011111111011011010011110010000101101110110000001100110011
101111111110110100010111111011111001110110011110101101100010011010101110011001
111101101010011101011101010010101011100011001000101111001111001010100111001101
100000000000110001111001011000000000110111100010100011111101111111110001111111
111011110101100100101100000011011011111110110110110110111000011001100100101111
100010000100110110001101011011001001100000110110110000000010111100001110000101
110110101111100011011001010010011101101010000110110110101011110110100111010001
110110100111111110011101111011000100111011110110110110111000000011110011010111
100010110000000011001100110011010101100010000110010100001010101011000110010001
111111111111111111111111111111111111111111111111111111111111111111111111111111
