11111111111111111111112111111111111111111111111111111111111111111111111111111111
10000001100110011001000000010110011110011010010010101100001100101100001011010101
11101111110000111101111110110011001100110011000110000111100110001110111011000001
11000010100110011000011000011001011110010110011111010011001111100010101011111101
10011110111110111111011110111101001010110011001101111001100000110110100000011001
11001010011100001100001100110101011010000110011001101100001111100000001111111101
10011010110111101111100110110000001010111111001101101001011000110111111010101101
10110010010101100111001100010110111000101011011001100011111101100001001000101001
10111010110100110000011001111110110011101010011011001001101101111011011011100011
10011000100110011111001101011010010110001011011011011111001100111011011010001111
10111110101100110101011101011010110111101001010011001101011110101010000000111001
10101100000101100101010100011010110011001011011000011101001010000010111111101101
10000111110000001101010001111010110111100001010011111001101011101010001010101001
10111111010111111001011100110000110101001111000110101101000001101110111000101011
10010100010010011100010101110111110101100001110110101100011111100110000011100001
10110111010110110111000001010001010000101111110100100110111110101100111111111101
10010110000010110101111011000111011110100011010001101100000000000110010010110101
11000110110110010100110001101101011000101110011100000001111111111111010110100001
11101111110011010001100111001101001110101011001110111111000011001011000010101111
10000011011011000111001101101001011010100011101010111000011110011011011110101111
11111011010011011101011001101100011000101110100010000011110010111001000000000001
11100000011001001101011011001001111101100110111000111111010110001101011110101011
10101011001100011101010011101101011000001100111101110000000110111000010111111111
10001111101111010101011001001100001111011001101001010111111110101110110100010101
11011101001010010100001101101101111100001101101100000010001010101000000001000001
11111001101010110101011000101100111001011001001101110110111010000011111011111111
10110011000000110101111110000001101111001101100000111110101010111000001010101011
10011011111101100100110011011111100110011001101111101010101000001101111110000001
10110000011000110101100110010111001100111101001100001000001011111100000000111111
10100101000011100001101100110101100110010101101001111011101010110111111111111011
10111111111000111011001001100001101100110101101011001010111010000001100000100001
10001010000011100001101101001111000110110000000000011000011010111101001011101101
10111011111010111011000101011011110110111101111011011011111000001111011111000111
10101010000010100011110000000010110010011000111011110000001011111011010110010111
10101011101010111001111111011110111010110010001010111010100000000001000000110101
10001010111010111101010110000110001000000110111110100011110111111111011111111101
10100010010000101001010111011111100011101111100110101111100000000000000011011001
10111011010111101101000101010110101110111011001100000000101010111101010110001011
10100001010011001101110000000010100110011011100001101111101110001111111100100011
10101100011001100101011111011110101111001001101011111111111110111010000001111001
11111111001011110101010110010110100101011011101111010000000011100000110101011101
11010011101001100000000110110100001101010000000110000111111110001101111100000101
10011000000011101011110010110101111000010111110011011110000011011111001110101111
11011110101000101010000110110000011101110000011001000000111111000111100111111001
10010111111011101111110110111011110001110111111100010101110010011101001100000011
11010011000001111101010010101000000101000000001111111101011010110100011101111111
11011011111100110001011010101010111111011111011010101111000000010001110101010101
10011000101101111100011010100010000110000001000000000110010111110111010100000001
11001110000001010110110000001111111111011111101011111111011101100110000001011111
10011111101100000000111010100110010110000001101000000110001000110011010111111101
10110011111111111110101111110011010110101011001011010000100011100111011110110101
10011000111111101010001100011000000000111111111111110101111110110101001010110001
11011011101100001011100111010011111110010011001101110100110010100001011010100111
10000011000111100011101110011011101011110111011000011111111000001100000000101111
11111011101111111010100011010010000001100000000011110011001101100111111111100001
11101010101100000000001110000110111111101111111110011001101001111110100011001111
10000010000111111111100110110110011110100000000011001101101100111010101110011011
10111011110011010100001111110110110010101111111111011001101101101000000110110001
10100010111000000111101011100110110110000000011100000011101101100011011100011011
11111000001111110100001010110110000000111111110110111110100000101111011101111011
11101111100011010111101000110110111111111010000110101100101110000101000000000001
10000000001000000000001011100000011000000000111100000110000011010001011101010101
11110111011101110111100010110111000011111011100001010010111110010111000111010101
11111101010001100100001010100011101000011111001101011000000011111111011111010111
10000000011111111111111010001000111111110101011111111110101110100101110101010001
11111011011110101010110000111010010100100000001100100010100010101100000101111011
10000011010000000000000101111111110101101111100110101111111110000101111100101111
10101010011010111101011100001101000000000000110000001011010000111100011101100101
11111010111111100001010001100000010111111111111111111000000111101001010100110101
11111111101101111111111011101011110000000001101001100011111111100011110110000001
10101101101000011100001010111000111101010100000011001110011100001110110110111111
10000001001111000001100000110010000111110111011111011111010101111100110100011001
11111101011011111111001101100111011110111100000000011011010100000001110001111011
30000000000000000000011100110011000000001111010111111000000001010111011011100001
11101101011011110101010001100111101010100001111110100011110111111111010000001011
10001101001110000111110100110000101011101111101100001001100001101101010111101111
10100111111000101110000111111011111000100011000001011011110100000000000111111101
11110110111111111000110001100000001011101111011111111010110101110111110000000001
10000100000000000010011011001010101000100000000000001000010100010000011010110101
11111111111111111111111111111111111111111111111111111111111111111111111111111111
