1111111111111111111111111111111111111111111111111111111121111111111111111111111111
1010000000011000010000101101010100010010011011010000000000000110100001010001011011
1011101111000011000110000001010111011010110001000111111111111110101100000100010001
1000001111111111101100101101000011011010100111011111010110101010101111101111110111
1101101000000000000111101001110110010000110101000101000010100000000011101000000001
1001001010101011111100001100000011011110110000011101011110101111111000100011101101
1011011111111111010111111110101000000000110111010001000010000011111111111110111001
1111110101010100000101010000111111111110000111111011011000101110000000000000001111
1101100000000111010000011111100000000000110000110000001111111010111111111101011011
1000110111110001110111000001111101011010100110000111111111011000000000000111111001
1101100100011011111111111101001111110010101100110001111000001011101111011110101011
1000111111000001011100000001101010111010101101111100000011100001111101110100001001
1101101011111101010111110100001010000010101100001111011000110100010000110001111011
1101100001110000010110011110101011011010100101111011001101111101000101110100101011
1001111100000101000011001111101011111010110100010001100100000111101111000110000001
1100110111010111110111100101000010100011110101000100110110111110111011101111111011
1101110100010100110111110100011000001001100111101110010110000000111001100000001001
1000000001111110000011000001011101101011110011001011110110101111101101101111111111
3010101011101011110111110101010000111011000111100000010100100101100000000001111001
1010101110000000000011010111010101111001101101111101010101110000001101111111001101
1011111111011111111000000110010101001011000000011101111101000101011100000100011101
1111011011111111010011011100110100011010011011000100001101101101110111010001001001
1000000000000000000111110001111110111011011011010101100101101100100001111111100011
1010111011111111101111100111101100001110001001110111101101101101101111101110111111
1111100010000001100011001110000001100010101011000000111111001000000001000000110101
1000001011111100001011111100101011001010101001101010010001101101010100010110000001
1101101110000001011010110110111001111010111011111011000100101001110101011111010111
1000111000111111011110000000100011011110100001100011101101101100110101000001110001
1111111110110000001100110110111000001111110111001000111101111101100101011111110101
1000000000011010101101110111110010100000011111101010000111000001110101001100010101
1111011010111010101101000100000110111111111100001110110110010100011101100001110101
1110001110110011101111101110110110000010110001100110010011010101001100111011111101
1000111100111011100011001000110010101000110101001110110110010111011101100000011101
1011110110100010001111101101100110111011110101011010110011011100011001110101000101
1111010000111011011111111000110010110001100101000010011010001101001100011101010101
1110000101100011010011001110110110011101111101010111011010111001100111010001110101
1000101100111010011000011100100110110000111111110001111110001111110001011101100111
1010101001100011011111010110101100111010000011000100110100111111000111110001110011
1010111101110110010001000000100110011010110111101101100110000001110000110100011001
1010001111000011111100010101101110110011100100111000001110111111011011111101111011
1011011011111110101101110101101100110111110001100011101100001110000001100100110011
1011110000101010000000110101101101100000011011001001111001011011011100001110011001
1010000110000011110101111101100100110110111111101101001101000011001101011111001101
1011111111011000000101100001101101100011110110001000011001010110011001000101111001
1111100000011010101100110111001100111000000010101101011011011110110011010000101101
1110111101111111101001100001100110001101110110101001011010000010011011111011100001
1000101111001000001100110111001110111000111111111101001011011111011001110011110101
1110000011100011011001100001101000110010000011000001011011000001001100011000011101
1000111000001111110011001011111010110110111111110101001010010111111110110010110001
1101100010111100000111101000001110110010000001100101101111010000011000110110110101
1111111110100001010011001010111000110110101011001101001101110111111110010110010101
1000101110110111010111101111100011100011101001011111100000110001110000110111011101
1110000000110100010000111101111001110111101011001010001110111011011110110100001101
1011101101100110111011100000000011000010111001100011101111100000000011110101011101
1000001100110100110000111011011011011000011011110111100011111101101111100101000111
1010101101110110011111100011111001110010110011000110001000001101101010110101010001
1110111001100011000110001010000011100110011001101111101011111001100000010111011011
1000110011110111110111101111011000101111001011001100001000110011001010110011011001
1111100110100001110000111000011101100011011001011111101010011111101110110110001101
1000001100111111000101111101010000110110001011111000001011000110000011111111011001
1101100101100000010111000001010101110100111111001111011011010111010111000110001101
1000110001101101010001101101110101010110011001100110011001010011010000010011011001
1010111011100111011011111100110100011111001100110000111011011011011011111001011101
1011100000110001010010100001100101000011100001100110001001011011110001101101010001
1011001101111011111010001100101111011110001111001100101011011000011100000111010101
1011111000011001100011111001100001001100100001111111101011011011011001110011110101
1010000010110011001010000011111011101111110100010110001010011011011100011110000101
1110101010011011111011101000001001100001010110110011011111011001010001001111101101
1110111011011110000010001101011011001011000010011010000011001011010101100010101101
1000110011001100101010101001011001101011010110110000110110011111111101101000111101
1101100111101111111111101011001101101110011110110101100111000001100000111010110101
1100110011000111010101001001011001100010110000010100110011010101101010011010000111
1001100111110100000001011011001101001111100101010101111011010101101111001010110011
1011110110000101101100001001101101100101110111011101011001110111001100011111111001
1001100011010111111111011011101111101100000110011111000011000001101110110101011111
1011110110010010100000001010000110000110110011000111010111101101101000010000010111
1000110011011110101010111011011111010110110110010001010110001100111011000111000001
1101100111110000001010001010000110010100110100110111010011100110100011101111010101
1000110110000101011110101011010111010101100110011111110111001111101001100001011101
1011100111111111011000111011010101010111110011001101110001100110001011110101000111
1000110100000000010010001001010100010000011001100000011011110100101011000101010001
1111111111111111111111111111111111111111111111111111111111111111111111111111111111
