11111111111111111111111111111111111111111111111111111111111111111111111111111111111
10011000001000011000101101000011010010100010100011010101100011010100001010000000001
11001111101110111110000101111010000110111010111011010100101111010110111010111111111
11011101000010101011110100000011010010111010110010010101100110000010000000000000001
10000000011000000011010111110111111010101010011011000000110010111110110110101111111
11101110111111111001000110010010100010001000110001110111110110011100011111111110101
11111100100000111101110111011010111010111011111101100001010000110001000000110010101
30010111110110001000100000001010110010011001100000110111010101110111111111100110001
11010101011110100010001011100000111010111100111110110101010111000000101110110100101
10000000001100111111101110001010000000011001101000110100000111110111101010110001101
11101101100001100000001110101011011111001101101110110101010001100011101010010111111
11000111110111001111111011111111111011011100101100000101111011001110101010110001011
10011111111100011001110001010110000010001001101001110100011111100100100000000100001
11111101100001011100000100000011111011011011101111100001110101001101101110111110111
10000101111101110001101101011011011010001011000110111100000001100101000111111111111
11110000001101111111111111110000011011100011101100010101111111110100010000000111001
11000111101111010110110110111111000001101110100110110000110011100001111010110010011
10010101000011010100100000101000011100000110101110010110011001001100011011111000111
11111101111010000110111010001111010001101110100100111100111101011111111000001011101
10100001010011110100000011101011111101000000001101111110101000000000001010101010101
10111101011000000001111111100000101101011110111100110100000011011111111010101110101
10010101000011011011101100110110000111111010101001110111011110000000001010100110101
11010000011001111111000110111111110110101010101011000011010111111101111111111110101
10000111001111110100010010101001100000000000101011101000000010101111010101011000101
11110110011111000111111000000011111111011110100001111110111000000011000001001101101
10000111011001110011001111101010110111111110111011010100001011011110011111011001001
11101100011100111011101000001000110001000000000000000001011111110111011001001100011
11111111110001100000001111011110111101110101010110110101010101100010001011011001111
10000011111101111010100000010000100100011111010110010111010000001000111000001101101
10111000010000001111111010111110110110110000010110110011000101011111100011111100001
11101111011111011100000010100000000000111101010110110111101111000110111011010101111
10001111001010010111110111111111011010011001011100010010111011010010010000010101001
11101001100010110110111101100000011011000011001110111000000001011010110111000000011
10000011001000000000000001110111011111110111101000011011111111110000000001101101001
11111001111101011111111101011100010000000000101010111000000000111101110100111111101
10101011000001110001010000000001011111101010111110001101101011101100110101111011001
10000001110111111100000101110101110000001110111000111001101000000110011111101011101
11111100111100010111101111111111111101101100001010001100111010111100111010100001102
11111110101111000011111111010000010001001101101110101110001010000110000000001011101
10000000000101111000010101011111000101100100111000111010111011011100101011111110111
11110111110001101011000000010000010101001111111010011000001010001101111000001110001
10000110111100000011011011011101010101100000001110111010101011011000011011111010111
11111100000101011010001110000001111111001011111110001110101011111101010000000010101
10000001110001001111011110101011000000011001110000100111101000010101011101111110001
11111101100101011000011000101011011101001011000110110000101101110001010001010110111
10000001001101011111010011101111011001011001011100010110111000011011011100000100001
11101101011101010000010110001100010011011011110001111111110010110011111001010001101
10001111111001011011010100101101011011011001111100011011100110011010110011011011001
10101000000011011010011110101101010001110011000001000000110110111110000110001001101
11101111101011111111001100101001010100111011011101101011111100110100101111011101111
11111101001110110101011110111011111110001011111000101000001101100001100011010000001
10000000011100000000011000110001100000101001100011101101011100110101001111110101101
11101101010001011101001111111100101010101011111001100101110101100101100001100101101
11111101010101010001011100011001111111101110100011001100100100110101101011101100111
10110001111111010101011001000011010000000110001011101111101101110101101011000101111
10000100101011110101010011010111011011110100101110000011100101000101101011011100001
10101110100001100101011111110110000001100111100011101110001111110100111010000101111
10101100111101101101110000000011010101101100001110000000111100111101100011101100001
10101001100000000111100111010111110100111111100111110110000110011001111011001001011
11111111111110101111001100010001100101100000001100000011010011011100001001101101001
11010000000000100001101001011011110100111101011001010111011000001110111101000101101
10000111101110110111111101010011010111100001011101110001111101011000001101010101101
11011111001100100010100001111011000110001111010001000101110101001010111101010101101
11110000011110110110111011000001101100101000010101101111010111011010000111011101101
10111111000110110110000010010101100110101010111111000000000011001110111100011111001
10010111101111100010101011011101101111111111100000010111101011101100110001000001101
11000000000000110111111011011000101100000001101111010000101110001101100111011011001
11111101101010100101000001111101111001010100000110011101100010101111111110001011011
10000001101011110101011101000000011111011101101111000111111111100001100000101001001
11010100101001111100011111110101110011010001001100010000000100110101001010111101111
10010110111100110001010110110100000111111011100111010101010001111111011010100000001
11110110001101111101010000000101110010101010101100010101110100101100011010111010111
11110110111111001001011111010101111110000010000110111100011111101111010010100010111
10000110000001100011010000010100000010101011010100001101000000000011010111101010001
11010110111011111001111110110101011010101010010110101101101011011011010011001111011
10010110001111000011101110010101011010101111011110100101101001001001110111111101001
11010100111001110110000000111101011011111000000011101100111011111011000000110000011
10011110001101000011111010001101010011000011011010000110011000011001101010111011001
11001100111000011110000011011001110111101010011010111100110011001011001010100010011
10011110011010110000110110011101100010111110110010000111111011011001101010111111001
10110100110010111010100011001100110110110000011011010000001010001100111010110000011
10110001100110100010110110011110010100000110110011010101011010100110100010010101001
11111111111111111111111111111111111111111111111111111111111111111111111111111111111
