11111111111111111111111111111111111111111111111111111111111111111111111111111111113111
10100000000000000000110000101010101010000001010000000011010101101010011000000010000001
10111110110101101010010111100000000000101111011011011111000000000010111010110110111111
10000000010111001111000000111010111111111101011011111010010110101000001011111110001011
11101101010110011110011110010010000000010000011010101000111111101011111011101010111001
10001101010011000011000011000110111111000101011000001010000001111000000000100000000011
11101101011110011001011011010111111111111111111101100011101100001010110110101111101111
10001001000011010011011001110011000000111100101100111000111111011010011110000010111101
10101101011110010110001011111000011010000110000001111011110111111111001100111000010101
11101101011111010110111110000011111110110000110100001000000001101110011110110011000001
10001101000001110100000011111000100011100101111101111111111100000010110110011001010101
10101101110100011110111110000010001000111111101100110011000111101111100011110011111101
10101100111101000110111011010110101011101000000111100110011111111011111001111000000101
10100110000101111100000001110100101011100011111100101110111000010010101011011110110111
11111110101111111101010100010101101000001111000110100000010010110110100001010111111111
10011010100000000101110111011101101010100001011110101111000111100010101111000001101001
11000000111011011111110011010000111011111100001010001101111111101110100000011111001011
10011010001011000000011011011010011000001101100000111001101010000000001101111111101001
11011110101011011010111011001110110010101001101010011101000000101101011111000001101011
11110000101011001110001111111000110110101011001011000000011101111101111111101011101011
10000101111001100110111000111010010100111001101011010101011111010111101101101110001001
11101111100011110110001110000010111110001011111011011101000011010110100000000110111011
10000000110110110110100010101010001100111011000011000111101111000000001110110000101001
10110101100010110110101010111010100110001110010111010011000101011111111111100111101011
10110101111000011100111010100011101110100111110110011001010000000110000001110011000001
10011111000011000110001111111011100010110000110110110011010101111100111100111111101111
10111001101011010111011111100000101110010101100010100110010100000110111111101011000111
10000011001001110001001010110101100110111111111011110011010101110000000000101000010001
10101110011100110111100000110101110110000000110001100111010100111011011111100010111101
10100111110001100110001101110100010110101101110101001110010110011001000000101110011111
10110010010100101100100111010110111100101101100101011000110111011011111111100011000001
10100110110101100110110110010111100110100111110101001101100001010000000011001011011111
10110000110101001110100000110000001111110000010101011000110111110101011000011011000001
10111101110101101010101101111011111111111011010111011010100000110101011010111111111111
11101000010101000011101100001000010110101110010001111011110111110101001010001111110111
11000010111101110110001101011011000010000011010101100001100001010101101110100011000001
10010110000101000011011001001001011000101111110100101011110100010101001111110110011011
11010110110101010110001101111011011010111110011101101000110110110111100000110000111111
10010100110101011100101000001001011010000010110000101101110010011110001010110110000001
11110110011111110001101101011011001111011110011111111000010111011000101011110110111011
10000111000011000101101101001001011100000011000110111110110001001110101000010110001111
10110001101111110100101101011101010101011011011100000010110101011000101010110010100001
11111011000000110101111001000101110111011000000001010110010111111010101010011010101111
10000011010101110111110011010100000001110010101101111111010111001111101110110010100011
11011001110101100001100110010101110101000110101100000110010001101100000011111010101001
11110011000101101011110011010100111111110010101101110111111111000111011000011010101101
10000111110101001001011011011110000011000110100100110010101010011110001010110010101101
11010111110111101100011011000110110110010011101111111000001000111011011011111010101101
11010011000110001101111110010110111100111011000111011101100010000001001000011010100101
10010111110011101101101100111100000110011011010000000101001010101101011111110010101101
10110101000111111000001110000111011111110011010101111111111010100101001111110110100111
11110001110110000010100110111100000011100110010100001010000010101111100000010011110111
10000100011110101011101100000111011110001111010110111011011011100000101101110110000001
11110101000011111000101101010100011011011100010100000011110001101110101100110011011011
11000111011001100011101001111111000011000110111110101110111011000110101110111110011001
10010011011100101000111101101000010111101100011000101010101001101111111000001011010011
11010110000101111010110000001110110001100110110010100000101101001101011110101011011001
10010011011111000010011101101100111111111100011011101010000111100000010110100001010011
11011011000001111010110000111110000010110101111110001010101100001011000011101101010111
11111011010100110010011010001100111110010000000011011010100111011001101001101101010001
10000001010110111010110010100110011111011010111010001010110110011011101011000111010101
10101011011100001110011010101111000000001010011110111010110011001010101001101111111111
10101011011101011000110011111101101010101111001100011010011110011000111011000000000001
10101011010001111110011000000101001011100110011101011011001011011110111001011011111011
11101010011100000110111101011100011000101111000101011010011000000010101011010000001002
10001110110001011110110001001110111101100001101101001011001111011111101001011010101101
10100110011101000011100101011000110000101011000111011111101100000101101111011011100101
11110110110001101000110111001010011101111001101110000010101111010000001111111001111101
11000110011011001010100100011011011000111101100011010110001000011010100000001100000111
10010111011111101010110111001110011010101101110111110110101110111110110101111001110001
10111100000111101011100111100011011010001100011101111110111000000111111100011100010111
10011001010011001001111100001111010010101101000000000011100011010000011101001101010001
11111101111001111100001111011101111010101101010101101011001010011011000111011101010111
10000000001101000110101000000000110010100101010101111010011111011001010001011001010001
11010101111000010110101010101111100110101111011100111111110000011011111111111111010101
10011101110010110010101111100000111100101100000110000101100101011000000010110111111111
11011000011010011010100101101110001101101101011100101100001101010011101000000000000001
10001101111110110011101100000010111101101001000110101101011001111000111011110111111101
11111100000110011000101111010111110101101101101111101101111100110010110000010001011111
11100001011100111011111000010000010111001100100110001100110110110111100111110100000001
10001011001101100001001111010111010001011001111111011001110000010011110000110101011111
10101011100100110100011000010001110111111101111100001100011010111110110101111111000001
10101001101111100101111111110111110100001100100110111111001010011100110100000001101011
10101101100000110101000000000000000001111110001110010100011011000001100110101111101001
10100101001010010101101010101101010100001100100011000110110010010100110010100000101011
11111111111111111111111111111111111111111111111111111111111111111111111111111111111111
