11111111111111111111111111111111111111111111111111111111111111111111111111111111111111111
10011010001101101010101010011010101011001011001100110110000011010010100010101011000000001
11010011101101001000001011010010100001101001101101100011011110011010101110100011010101011
11011010101101101101101011011010101111001011000000110110010110110000000110101110011111111
10001000000101000111100000011010000001100011110101110011000010111110111110001011011010101
11101111110101101110101011000010110111101110000111100111110110010100111010111000000010001
10101110000000000000001111111000110111000111110010110110000010110101101010110010110110111
10001011101110111110101101101101111101011100111010110011111010010101000000000111100010001
11101010111011111111101101000001011001010110011000011001101010110101011111111101111010111
11000000010000000001111101101100001101010100110011110011001010000000000000011101011000001
10010111000101111101010101111111011101010001111001011001101010101110110101010100001110101
11011101101111000001010101001100010101010111101100001101100000100010100101110001111111101
10010001111001111100010001011111000101010010100101111101101111101111110111110111011011111
11111101011011000111000100001011110101010110110100011001000011100001100011000000000000111
10000000000011110001111110100010010101010000110101111100010110111111111011101111111111101
11111101111000111100111111111011010101000111110100010101111110010100001110000000100110101
11101111111101101110000101000000000101010001010101110000101011010101111111101111101100001
10001011001001100011010001101101110000011111010100111110100000000000011010100001000001011
10100001101100111011111101111000111101001011000101101100001010111110110010101100010111001
11111101100110101010110000111111101111011001101100100110111111100010011000001111110111101
11010101110100001010011110101100001010011011001001101100010100101111111010100111110101111
10000101010111101010110100001111101011011001101011000001000101100001101010111100010100111
11110000000000001010110111100110000001000011100011011111111101001111000011110101111110101
10000101010101101010100010110011111101011110101110000001100101011011110111100001101100001
11011101010101000000001000011000000000011010100111011100110100000001100100110111000001011
10010001010101101010111111011101011101001010110000001111100001110100110101100011011111011
11111101111111001110100100000001011111100010110111100011001011011111100101001000000001001
11101111101011111100110110111111010001111000000111111111011110011010110001011011011101101
10000000000000000001100111101011111011011110111100011010000011011010110111011111000101111
10111111011111111101110011000010101011000100011001110000101110001010000110000001111111011
11111111110000001111010111111010001001110111011011011101111011011000110000111111111010001
11000000111111101010000000100011100011010101011001001000010010001101111101111011000000101
10010110000000000000101110111001111000000000001011011011110110111000001100000001101111111
11111111010111011010101000001101001111101101100010000001100010101101111111101100000000001
10001100011100011111111110101101011011111101101000110100001000001100000000111111101111111
11100111111111001100000000100001010000000001111010110110101111100001110101111111000000101
11110110000000011001101011110100000111011101010010011111100110111100011111101101111111101
20000111111101001111101110000110101100010000011011000001110000011111001010000000111010101
11110101010001011000111111010100100111011110111011010100011110110011100000111111101000001
10000000000101110010011010011111111111011000110011011101000110000110111111111100101011111
11010110101111111111000000111011000000001101111001001101110011010000000000000110100000001
11110111101100001101111111100000010101011000110011011000010111110101010101111110101111111
10110100000111101001011000001101010101011010011011011111110000010101010100101000000000111
10000101101110101100010010101001010101011011001010000110111111111111111110001011111010001
11110111111100000001000111111101110111011011011011010000011000101000011000100000011111011
10000100000001010111110110000000110110010011001011010111000011100011110010101101110101111
10111110101011011110110011010101100111010110011111010110011111101111111110101100010000101
11101011111111110000000111111101101100010111010100010011000000000010000010101101000111101
11000011010101111110101100000001100111011100000110110110011110101000111110101001011110001
10011000000000000000101101011101111100011101010100100011000010101010011111111111000000101
10110011011111101010100111010000000110110001111110101110010111101111000000110100010101111
11111010010000001011110110011010110110011101101000100011010000100001010111100001011100011
10000011011101101111010111010010110010110000001101101011011101101111110000111011001111001
11110110010001000110000011111010110110011010100101101010001111100000110101110001100011111
11000011111101101110110110100011111111010011101101001011011000110111111101000100101000101
10011111101001111000100110001001000011011010000111011011000011100010101101110110101011101
11110000000011000011111111101100010111111111101100010011101000111000000101100110101000003
10000101101111101011000000000110111110000000000101011001101010001111010111101100101010101
10101101111110001011111011101100000011011111101111111011001010100011010000111110101011111
11111101000000101110111111001101010111111100000000110011011010101111010111111010101000001
11000001101110101100000000011001110000110001010111111001001110100101010000000011111011011
10010101001000111111101010111100110101100101110001011011011110110001111011101010000011001
11011101111111110110111110110101100111110111000100011001000010010100001000111111010111011
10010001000000000000110100110001110001100100010101110011010111011101101010000101110110001
11111011011010110110000101111100010111110101110100011110011111000111101010101101000011011
11101110001110100111010001000001110011000101000101000010111010011100001010111101101111001
10000100101000110011010101111100011001101101110111010111110011011111011011110001100110011
11110001101111100111011111000001111100100101000001010000000110010101110000000101101111011
10011100111111101101111111010101101110101111101011010111010011000000010101011111001011001
11000001110000001100000101010100001010111011001011010001010111101011110111000011100001101
11101111011111011001010000011101011000011000011011010111010000111000111100011000110100111
11001000001010001111111011001101010011001110111011110001010101100010000111001010100101111
10011110100000111010100011011101010111101100001110000111110111001010101100011011101100001
11001100101010110000101001000101011100001101100011110000011111111010101101001011001110101
11111110101010111110001101111101011101101001101011100101001101010010111001101111100010101
10111010101110100000101000000101000101111101101010001111111000000111110011000001101010101
10000000101000110110101101011101101111000100101110100000001111010101011010011101101110101
11111101111111110110101001000101000011110001100110101111111000010000001011001100100010101
10111001000000000010101011011101011010111100101100100000001011010101111111011001101110111
10000011111111010110101001000111011110000101100101101010101110010101010110001100101100001
10101011000000010110111101111100000111010000110111001011100111010100000010101111111110101
11101011111101010110011000001101010001111101111111011011110100010101011010100000111000101
11111001100001010100110010101101010111000000000001110000111101010101011010110101101101101
10000011111011111101111011111001010001110101011011111011101111010101111110110100000111001
11110111111000110000011000011111011101011101011000001000000110010100110110111101010001101
10000101101011111101001101000110011111000001110010111011011111010110000010000101011100101
10110100000000110101011001010011000011111100011010001011000001010110101110110111000101101
10110101010110110001001101010110011001100001011010101011011011010100100110010110010100101
11111111111111111111111111111111111111111111111111111111111111111111111111111111111111111
