1111111111111111111111111111111111111111111111111111121111111311111111111111111111111111111
1101100101010010101010110110001100101010100110110010100000000000001101100001101011101101001
1000110101011010001010100011101110101000001100011010101111111010100101001111001001000100011
1011100101010010111000001001100000101011111110110000000110011111101101101011101011011101111
1001110000011000001111111100111110000000000110100101111111010101111000000000000000001101101
1011011110111111011010001110001100111111111100001111011011000000111111010111010110111101101
1011011100111111000011011010101110111101011001111010000011101111101101110001111111110100001
1001010110011001010111011011100000000000010011011000111110100001100101100111100000000001011
1011010011001100011100011011001110111010110111011011100010101111101101110110101111101011111
1011010111011111001111010011111100001111110110011010110110100010101000110000000011111010101
1010000110001101100110011001110110111101100011000000100110101110101110000101011010110010001
1011110111011001110011011011010010000101111011011111101100000110101000110111011110011110111
1010110100001100111001010011011000111101010001011001100001111100101011111111110100110110001
1010100111011001101100010111001110011101000101001011001111010110000011101001100101100010111
1010101110011100100111000001101010110101011111100011011011000010111000101011101100001110101
1010000011001110110011011101001010010100001010101110000011011110011011101001001101101010101
1010111110011010100110010111101000110001111010101011011111010010111110001101011000111010001
1000010011011000101111010011000011111101011010101000001110000110101111011001010010011010111
1110110110001110101111010111111011101000011010101011111011011100100010011011010111111010101
1000110011011110000110000001100000101011110000000001000001001101101110111001010001010010101
1110110110011011011111110111001101100011011011101100011111011100000010001100010101000110001
1000100111011010001101010011111000101011000001111111111000010101111010111101110111011100111
1110110000011011011001010110011110111001110111010011110011110100011110101001100010010110001
1000011110110000001100000011001100011011110100010110011001100101110100001011110110110100111
1011001100011111101111101000011001111011000001110110111100110100110101111010110000110101101
1111101111001101001010111101111101000011101111010110011001100110010100110000111011110100001
1110100111011000011010111000110100010110100110010011011101101111000101110111100011010001011
1010101100001110110000101101100001111110001100110111001100101101011100000011001111010111111
1000000001111000011011101000111100011011100001100001011110100101010101111010011000000000101
1111101101001110110001101110011001110000111011101111000100001100000001011110111101111111101
1101111000011010011011101000111100100111100001000001110001111101110111010100011001000000101
1000011110111010110000001110000110101100111011011111010111011000111110000001011011011110001
1110110010110000011011111000101100001101101000000011000011000011101011011111110011000111111
1100011010111111011011011110111110111100101011111011101111011000001000011101111011011101101
1001111000010110011011001100010100010101101011101110100110001101101011000000011001010101101
1101101101010011001011100111000110110101001010100110101111011111111011111111111011000001101
1001100101010111101001101101011100010101100000101100000110010110100010101101010000011111001
1101101111010101101100100101010111010100101111101001111111010100110110001001010111111101101
1001100110000101001101101101000110000110100100100011111001000101100110111011000010100001101
1101101111110100011100000101011110110110101101101110001100011101110110101000011000001111001
1001000110010111010101110000001011100010000000000000111110110101010000000011111101011001101
1101110011010010010101111111011011001010111110111111111110000101010111101000000111111101001
1000110111011011000001001111111001111010001111110001001100111101000000111111111111101000011
1110110101011001101111011001110011010000100001010111011110011000010101110101001101001111001
1000000000010011000101001011011001011101111111010110001011000010111111000001011101011010011
1011011111010111101101100001001101011000011101000010101011011111111100011111001001011011011
1111110000010110000101101111011000001011110101101110111011000101010110111001100011011010001
1001100101000011010101000110001111011000100001100010011010011101010000001011001010011011011
1101111111110111110000011110111010011011101111101110111011010101010111111011011110110011001
1000101010110100111011001100010011010010100011000110001010000000010001011011001100011000011
1010000010000001101111011001000110000110101110011100111011010111110111011001011110111101001
1111111011011011100101001111010011101110000111011001100011011101100011011011010110011001011
1000011011111010110101100110011110101100110011000011111001001000110110000000000011001011011
1111010000100000110101001111001110100101111000011111101101011011110000101111111111011011001
1000011110111011100101100000011000110100001110110101001101000001010111111000011010000001011
1111010000000000110101111101111011110101100111100100011000011111000000011011111010110111001
1110000111111101100001010100101011010000101100110001111111000001011111111001110000110011101
1000101100000000111101010101101011010111111101100111101010011111000101001011010110011001111
1111101101110110010101010101101010010000110100110111000011001011101101011010000010111100011
1100001001111111000001010101001010110111110101110101111011101000100000000010111111100101001
1001101011011001101100000101101000010101010101010000011010101011101111111110101100001111111
1101001010011100111111110101000011110000000000011011110010000000000001101000000101100010111
1001101111000001110000000100011000110111111110111001011011010111111111000011110101111110001
1111111111111100011111110101111111100010110111100011010011011101010000011000010000010110111
1110011010000001000000000101101101001110110011111000010110011100000110111011110111010000001
1011010011010101011101010000101101011000010110110011110011010101111100001000011111110110101
1001011011111111111111111110101101011011000000011011010111000000001111011011001101100010101
1100010001001111110010111110101101011011110101010001010000011110100111111111100000001111111
1111011101100101011000010000000000000000111101110111010111111111111100000101101110100001001
1100010100110000011111011110110101101111101111000101000111110000000001111101100110110100011
1001000001100111010110001000011111000011100111101101011100000110110100000001110011111101001
1011010100111111000000100010111011101110101101100000000001111111111101101011011111011111111
1001111110101101111111111110000001100000000101001010101100000000011111111000000000010000001
1101100000000000000000000000101101101011010000011010100111010101110010001101111101000111101
1111111101011111101101110110111111001001010110111110110001011100000110100100001101011111111
1010110111111000001111111100000001101011110010000011100101000110110000110101011111000000001
1000000010100011101010000001011111111000110110101111001101101111110110110101000011011101011
1010101000111111001000110101000000110011100010101101101111100000011111111101011010011111001
1111101110000101101101100101010111111001110111100000100010101111000101011111110011000011101
1001111111010000001111110101010000001100010000101010101000100011011101000000010111110110111
1101000001111110111011000101110110111001111011101111101101101110001100010101111101000000011
1000011101000000100000010101100010001100011111100000100111100010100001111111011101111111001
1010110000011110111110110100101110101101000000111010101110110111101100000111010100000001101
1010100101110000110000011110100110100101111010111111100000010011000111111101000001101111101
1011111101000110100110110000110010101100001110000000101010111010010000001101011011000000111
1111100001101100110100111011100110100101100010110101111111101010110111111000001111101110011
1110111101111001100110100000110010101100101111110111110101101110100000001101111000111111001
1000000001000011001111111011100110100110101011011110100000000011101011100000001101111001101
1110101111110110011000000000110110101100100000000000001101111001101000101010100000101011111
1000101000000011001011010101100100100110101101010110100100001011001101101010101010000000001
1111111111111111111111111111111111111111111111111111111111111111111111111111111111111111111
