11111111111111111111111112111111111111111111111111111111111111111111111111111111111111111111
11011010000000000110100110110000001011010010110110110100100110001101101101001101001010100101
10001011101111111110001100111111101010000110110100010101101110100101100101101101011010110101
10111001101011010011011110011011001011011110100001110001100011110101110000001100011010000101
10001101000001010110011000110001101001001010101011010111001111100001010111111001001010111101
10111101101111000000111110011011000011011010101111010101100100110111010100001101100010001101
10101001101101011111101100110001110110011000000101010000101101110110010110111111101000111001
10101101001101011011100110111101100110110011111101010111101101100010110110110010111011110011
10001101011001011000110110011001101100011001101101010000001101001110110100011010110000011001
11101101011101001101100011001101100101001101101001010111111101100110110001110010110111111011
10001100001100011001101110011000110001111000101011010000011001101110000100011010000001101011
11101001111001111101001111001110110100101101101000000111111100000000101110110011011111000001
10001011011011011000011010011010100111100000101011111100110101111111111011100111001010010111
10100001001011001111001011001010101110111110000010100110110001101110011011001110011010111111
11110101011011011001011001101010101100101100111110101110010111000011011000011011001000000001
10000101010001011101011011100000101101100101101010001010110001101111011110111001011011111111
11111100000111001001010010110110101100110101001010101010000101101000001100101101010011110001
11011001111101101100000110010100000110100101101010111000111111000011111001101000000110010111
10001100110101000111110011011110111110110100101010011011101011011111001101101101111111000101
11100001100000010111110111001100001100010110001010110001000001001001101000101101111001101101
10101111001111111100000001101101111111010011100000011011011111011011001110000000000011000001
10101010011001101111111100000100001100010110001101111011010110001001101010111011110111101111
10001000111101100110101111011101111001000011011111110000000011101011001010001111110110000001
11100011101100101110000110001000101111101110010011000101011011001010011000111110011111101111
10001110000110000011110111011011100110001011000111011111111111101010111010111011011010101001
11100011110111011110100001001010101111101010010000011010100101001000101011101010011000100011
10001010110011001100101101101000000110101010110101111000101101101110100001100011001101101111
11011000010110011001101000000010111100001010111100000011100101001010101111001110011100000101
11110011000011011011111110110110000111101000001101011110110001100000001111101011010101101101
11111011110110001010110011110110111101000011111101111000011101111011111001100000010101111101
11010000010111101010011001100011101000010110110111101110110100110001001101001111110100010101
10011011111101001011011011111001001111010100010011001000110110011101011001101000010101110001
11001000001101101001010000001100011011110101110111100011110100110000001101100011110101010111
11101011111100101100011011111101110010110001000011001110010101111011111000101111100001010111
10000011100110100111000011010000011000011011010111011010110100110000111110001010101111010001
11111000110110101101110110011011111111011000011110001010000001111101101010111000100111000111
10000011110110000000110010111010001101010011001011101010111111011000101010101011101101011111
11111011100111101111110110110000111001011011100011000000000111011110101000000000000101010101
10000010110011000110100100011101101101000000111111101011111100001110000011101101110000000001
10101000011001011110110001110001101101111011110110001111000111011000111111101100010101010111
11111111001100011100010100111011000001001001010011100101011100001110100000111001010111111111
11010101011101110110111101100011111100011011010111001100000110111010001111100011110110011001
10010000010100010100011000110110111111011011000101100110110110101010101101110110111100111101
11010101110111010110111011100010100011010001011101101110011100000000100000111110001110011001
10011101100111010100110000111010101111010111011000100011001001010110101010001010111010111101
11011001101101010110011011101010100110000101001110101111011011111110111010100000011000011001
10011011001100010100111001101010110011110101100100000000011010101010001110111111111111001101
11011011100110110110101011001010011001100101101101111111110000000010111111110000101101011001
10000001110010110100001011101010111100110101101100000100110111111111101011010111101100000011
11101100100110100110111010100010100001110100100001111101100000000011000011010010101110111111
11111110110000110110010010110110111101000101101111110100110110111111011110010110100110100101
10011010100101100000110110110110011001110101100001010101100011110010001100110110101100101101
11010000001111110110010010100110110011000101001111000101001001010110111110000010100110101001
10011010100111011110110110001100011011110101011011101101011111010010111011101110101100000011
11011111101100011000010011011110110001100100000001101101010101010110101010101000000001101001
10000101000101111110110110001110111011110110101101101000000001010100001010100011011011001011
11011100010101011010110011100100010001100110111111001101111111010001111000001111111111111111
10000111110100011010111000110111010111110010000011100100001110010111010011111110100001010101
10101110100001010000011101100110000010111000111110110101111011000011000111000000001100000003
10101000111101111110110101110111110110010010000010100000000000011000011101011101100101111111
10111110110100110110110101010101010011010111111110110111111010111011000100000111111111101111
10011000100101100000110100000101010111000000000110100010101111110001110001010000000010100001
10111110110000111110100111110000000001101111111100111010000000011011111111010111010110001111
10011010010111101110110011111111110111000000010110011000111111111000000011110001111100100001
11001011000011001010011010011100100000011111110011001011111110101111111000110100101001101111
11101001011001100000110010110110110101000001111011011011000000000001111111111110000011000001
10000011110011111101111000110100110111111111011010000001011111111100000111011011011111110101
11111010100110000000101101110110010010001110011010111100000000000101010000000011000000010101
11011000110111110101100000000111011010111011011000000110101010101111110110101001101111111111
10001011100101111101111111110101010000010000001101111110101111101010110111101100100000101011
10100001001101011000101000010101010111110111011100001011111111100000010011111101101010000001
10110101101101011101101111000100000000000001111001111011011010111010111000011000111110111111
10011101101101010100100101110101111111111101101100001000001000001110011111111110000110000111
11110000000000000001101101100000000000000101001001111011111011111111110101101111111111111101
10011011111101111011000100110101111111111111101100000000010000101011100000101011101101110101
11011110011111101011101101111100000000010110001001110111110110000000110111100000000001010001
10001000110010001010101000111001011111110011100011110011010111101111100001101010101111010111
11101101111011101010101110010011110000011001110111011000000001111101001100001011111010000001
10000101100000001010101011000110100101111101010001011111111111010101011110111111010000111011
11110001111111101010100011101100001111110001000100000111110001010101000111110110010111101111
11011100011000001010110110000001111110011100011101110000010111010100010011100000110101000101
10001101111111100000010011101100110100110101111100010111110000000001111000001011100000010001
10100000010101111111000111001111100001100000000101110011000101101011101101111110001111110101
10101101000001011110010010011010110111001111011100011010011111111110000111111100111001111101
10111111111100000000111011010000110101100001000111111111010111010100111111001001100011011101
10100000000001101110100000000101100000001111111111010110000000000001110101101101001000000111
10111111110100111100110110101100001111111101110100000000111011111111000100000000011011011111
10100000000110100001111100111001100000000000000001101011111111011111110101110101001111111101
10101101110110110111011110011011111111101011111111001000000001000001100000111101111101110101
11101001000110100110000000110001011111111000110111011011110100010100110111101111100000000001
10001101010110110011010101100100000000001010000001011000110101010110000000000000001011011011
11111111111111111111111111111111111111111111111111111111111111111111111111111111111111111111
