111111111111111111111111111111111111111111111111111111111111111111111111111111111111111111111
100000001101001100010001101001101010100000000000000101100000000010100001101101100000000010101
111111101100011110110111000011000000101110111111101100001111101000101111000100111101111110001
101101100110110100000001101001111011111100000001111101100011111111101001110101111000010111011
101001001110100110111111001111011001011001111100010101111110111001100011000000101011110011011
101101011010001100000101100111001101001100001101110000011110001101001111110101100000110111001
101001000010111001111101101101011100011001011111000111110010111101011001100111111011110101101
101101011110101101101000000000000001111101000001110101010110010000001100001111000000010101001
101000010000001101000010110111111111101001111011000000000011010111111101011101110111110101011
101101110111111100010110100111111110101100111111110111111010000000110101111001100111010001001
101100000000110101111110110100000000101001100110100110101111011111110100110011110001010111011
100110111111110000101011111110111101101100101100110100100110000111010101110110100111000011001
101110001010011110001001101100110111001101100110110101101111101101000101010000001111101110011
101000111010111100111011000110110001101101001110100001100000000001110000000111011100000111001
100011101010110110100011110110000111001101011010101111101111111111000111111111110111010011011
110111000000010110101110000000111101101000001000101010101101111011101100000101100000011010001
100101101111110100000011111110001101000010100011101000000000001001101001011100110111111110111
110001101011010101111111000110111101101111110110001011101101111011000011111001100110001100001
100111000010000000101101110110010101000101011100100000100101110000011110101100110010111001111
101101101110111011100101010011010000010000011001111011101101010111111000101110010110001011001
101101101010001011110101010111011011011111111101001111101111010110000011101010110010111011101
101101000000111110110001000110011011110001010100011100101010000000101111101010011000101000001
100101101111101100100111011110110000011011010101000001111000111111111110001011010010000011111
110000100110000110001101010000011011110000000001101111011110001011010011101011010111111110111
111110001100111111101100010111110010110110101101111101010100100001000110101011010001111100001
100000111101110110101110110101011010000010111111010101000101111111011100100010000100000001101
111110110101010010100110110001000000110111111011000001011101010011010110101110111111101100111
100000000100000110101110010111011010010011101010011111010100000110010100000000011111111111111
101101111101110010101100110101011110111110101011011011000101111111000001011011010100000001001
111100001000010110001110100001001111101010101000000001011101110001101111111111110101111111011
110101111011111111100000001101011011000010101011110111010000010100000100110010100001101011001
100101101010111011111101111111011001011110101000111101000111111110110001110110110111001011011
110101000000010010110000010110001011011000101011101100011101100110111111000000110101011000001
100000011111110110111101110010111000001110001010000110110101101100001011110111100000000010101
111101111010110110011000111010110011100111100000111100000000100001111001100110001011111111111
110100001000010010111010011010100111110011001111100101111111101111000011110000101000000001001
200101111011110110110011001000001110011001100010110101011000101101101110100111101101010111011
110100100000000110100111111011100011011111101110110001001011100101101100101111111111111110001
100101101111111110101110011010111000000101000000010111011000110000000110000000110010101011011
110000000001101100100010110000001111101101011111110110011011100101111111010101110110000001001
100111111111000110001010110101111000111001001101100011010001001111101011011111100011011111011
110101100111101100111110110111101110001101011000001110010100011111000000001010101110000011001
100000110101101110110110110010100100111001000010100011010111110101010110100000000000101111101
111011110100000000100010100110101101101101011010110110000010110101011111111111111111111010101
111000000001010111101110110000100100000000011111100111101110010100001101010000110000110000001
100011110111010110001100110111101101111111110111111101100011010001111000000111100111111101111
111000110001111100111101100110101000000000000010111001101110010111001101111110101100011000001
101011111111101101110000110110000010110101110110101100000011000000011000011010000001110010101
100001011011000000011011110011011111111100010000000111110111101111110010111010111111011011111
110100001011011111110010100110000001100110111011011100000000100001110111101010001100001001011
111110111011001011011010101100101100101111101001010111110111101111010101001000100001111011001
101000011001100001010010100001111110000101101111110101100001100000000100011011110111101011011
101101110011101111011000101111010011011101000100110000110111101111111101110000011110101000001
101001011000000101001101100000010111010101011101111011100000101110000000110111111100000011011
101101001011111101011000001101010101110100001000110000001111101010111110000111010101111001011
100101011001101101001110111111110000100001111011111101111111100000000111110000000000011101001
110101000011100101011000000001100101101100111001101000011000001110111101110101101101000101011
100000011011001101011101111111001111000111101011000011110011100010000000010101000111111111001
110111111110011100001000000001101011011100101011011111011000111010111110111111010000000011101
100010110110110101111011111111101001010110000001010110001010001110011111101011010101011110111
101110100010000000000001101011000011000000110100000000100010101111000000000001110101000000001
100110001110110111111111100001011000011111111101101101110111100001011011101100011101101110111
110110111010111100010100001111001101111101001111100100010011110111001000100101111111000010001
100000011000001111010101111101011111110100011010111101011000110111011101101100100001101111111
111011001101111010000000000000000011010101001000000111110010110001110111001110001101100001101
100011111101011000111111111110111000000101111011111110111110110100000001100011011001101100001
111010110000011010110101111110011101010000000000000000001110011101101111110110001101000111011
100000011101111011100000000011000101010101110101101011011011011101100000011111011111010011111
111011110000100000110110111110011111111111011111111110000001000100110111000101111111111000001
100001111101101111100010110011111010101010000001010111111101011110110001111101101101100011101
111101011101100111001010000110110000000000111100000010111111111011100100010001100000111011111
100000000000001101011110110000000111111010001110111110100000100001110101110111001101110000001
111011010101011100000111111010110000001110100011101010001111101111010111010101011111011011111
110001110111000001010000001010010101111111101000000000101101100000011111000000000111000000001
100100010001111011110101011110111111011001111111111111111100101111111101011111111101111010111
101101011100011110111111110111100000000011000001111011010110000001010100000001000000001011111
101101011001000010101011110000001010110111011100000000000000110111010001011100010101111011001
100111110011101000000001000101111111110001011110110101110101100000000101000110111101110000011
110000011000111011010111010100000110000100000011100100011111101011110101010010000100010111001
100101111101111001111111011111111111011110101011111111000010111111111101011110111110111111111
101100011000001100100101000110111011000010111000111011101000010100001111000010000010101000001
100110111010111110001101011110000011010111111110000000101010110001100011010111101110000010101
110011100010000011100000011100111001111110000010101111111111111011101011010000100011110110111
111001111010110111101111110110101111111011011110100000010101111010111110011111111000110010001
101100110010010000100011110100000111010000001011101101000100110000000011000000001101100111011
100110011011011101111000010101111101010111111000111111110001100110101111010111111111101110001
110111001001001101100011000000000001000000000011110110111111101111111010010000011010111011101
110101111011101111111001101110101100010111111111010100000000000000000011010111110000000001101
300001000001100011000011100010100110110011101110000001111011111111011110010101010110111101101
111101101101101001111010111111101111111000000011010100011111110001110111110000000010000100101
111000001101111101110000000000100101011010101110010101000000000100100011111010101111011101111
100011011000001101000110101101110000011010100000110101101010101110001000001010100001000100001
111111111111111111111111111111111111111111111111111111111111111111111111111111111111111111111
