11111111111111111111111111111111111111111111111111111111111111111111111111111111111111111111111
10011010101011000110101010000000011001011010011010001011001010000011011011010011010000101001001
11000000001001110100001010111111001101000011001011100001101011101011001010011000010111101011011
11110111011011000111100011101100011001111001100001111100001011111011011011011011110101100010001
10111100001001110110111011001111001101101100111100001111101010110011011001001011000101101110111
10011111100011100100011001101001101101001101101111100000101010011011001100011001011101000110101
11010101111010110111010011101011000100011000000111111110000010110001101001110011010101011100001
11000000010010010101011011000001110101001111101100010111111000011011101011010110010100001001011
10011111011011000000010001111100000111101000000111000101101110111010101001000011000101111011001
10110000000000010111011100000111010010101111101111110000000000000000001011011111110000001011111
10111111111111010100001111011111111000001100101101011111111110111011100011010001010111111000101
11101000000001111101101010001100011111101110000101010000101000111110001000000101000101011010101
10000010101100110001001010100110110110001000110001011110001111100111101110101111110000001011101
11111111111110011111101000110000010100101111111101001011101001110011100111111011000111011001001
10100101010000110010101110011111010111101101101101100000000011010110110001001001110101111011011
10001100000110011010100111110000000101000000000100111111111000010110010111011011000100110001001
11100110110011000010110101111011110001111111110001101000011111010111010000001001110001111011011
10110111111111111000000101011010000100011000000100101111010101010011010111111011011011010001001
10000011011011011111110101011111110111011101011110000001010001000110010000011001011000000100011
11101001010000001100000001001101111100010111111000110100011101110011010111111011001111101110111
10001100000101100111111101101101000111000010101111111111010101011010000100110000011011001111111
11011110101111110110010001100000011101101010001101101011010101000000111101111011110001100101011
11111111111100000011011100111101011001111011101000000011010101111101111001000001011011001101001
10101101010111011000001110001111000011000000101111101000000000101000001101011111011010011001101
10101000000101111101101011011001111001111110000110101111110110101101111001010011011010111100101
10101111110101100111000000011011011101110111101100111111111110101101101100010110000010011001101
10101101010100110000010111010000000101000000000101110000001000000001001101110011011110111101001
10101101010110111010111110011111110001101111110101011111100010101100011000110111011100011000011
10000000010100011111101011001100000100101000000001010101110111111101001101100100010111010010111
10111111010111010101000001101111101101111101110100000001011101010001100100101101110110010111101
11110000000000000000010100000101111100111111000111110111010000000100110001101101000011010101101
10000101011010101011111111110000110110101010010100000001011111101111111101100100011110000000101
11110101010010101010000000011010000000100000111111010100011010111011101100110101111100111111101
10000111010110111111111101000011011010001010101011111111000010111000000110100000110110110001001
10101100011100100000000001011010001011101110100000000000011010101011010000001111110010000111011
10111001000111101111010101011011101110001100101111111111010010001111111111100000011010111101001
10111111101100001000010111111110100011111001111111101011111000100101100000001101111000010101011
10101000000111011111111110110100001010000011100000000010101010110000001010100111101111000000001
10100010111101111111101010000001101010110110111111111010101111111110101011110010101100010111111
10101010100100101000000000101100111111111110000000000000001101010000101111000110100110110000001
11101111110110101111111110100110100101011011111111111110100001000101111001110100001100111010101
11101101000100000000011111111100110101000000000100000000101101101111111101010101111110011111111
10111101110001011011000001010111100001101111110111101010101000001011101000000100110110110101011
10110001111011111111101100000101111101111100000000001111101010101001000010110101100100000000001
10011100011110110101111111110000011101010001101011111101111111111101111111110100101101111011101
11001111010100000100010101010111000000000111001010000000000000011001011101010101100000001000101
11100010000001110111010000000011101010111111111111110111111111011100000000000000001010111111111
10111000101101100010000101010110001111100000011101111111101010001001111101101011011010110000001
10000010101001111000110111010011101000001101001000011000000000100011000001001001111110000111111
11111010101011011110111111010110001010111111100011011101101010110110010101101100110010111111111
10000011111111000000011100011111101111110100001010010101001010110111111111001110000110000000001
11111111010101110111110111011111101110000111111111010111111111100011100011011000101111011111011
10000000010001011111010111110110001000110001011101010110000001111110111000001101100011000001011
11111111011101011100010101110011011111111100001000010011111100000000000010100100110110011011001
10110110011000010001000001011011111000000001101111011010111110101011111010110110010011111111111
10000011010011011111011100001010101110110101000000000000000100101011110010110110111111101110003
10111011000110000000010001101000001011111111111111011010110001111010000111100100000000000000101
11101010010100101110111011100011101011101010111111010010110101100011110000110110101110111111111
11000000110101101100011110111110101010100000000000010110110100111011000110010100100011101000111
10010110011111111110110000011100000010110111111111011100100101111111110010111111101000000010001
10110111111010111011111011000001011010111110000000001111110101000000000111111011001101101111111
10100100000000001001011111010111111010101000110111111000000101101011010000110000011000100011101
11111101010111101101010100010100101010100010011100101111111111111110010101100110110010101000001
10001111111100000000000110110110000000001010111110101110101011010100110111110100011010101101111
11101010101001011011010000111111101010101010100000000000000000000101100001010101010010100100111
10000010000011010011111111101011001010101111101011101010101111110101110100011101010110110110001
11111000111011010110001100001011011010100011001111101110111000000000110101111001010011100111011
10000010100001111100100001100000011010101110011000001100011011010101110111100011010111101100001
10101010101011100001111101001111011011100010111111011110111111111111100000111111010110001110111
10101011101000111011011001011100011000111111110000000111110100000000110111100000010011100110001
11101110001111111010000011010001011111111001011101101100000001010110000110111110110110001100101
10001111011000100010111001111101000111101101010001101001010101010100110000001100110110101101101
11101000010010001111100011000001011100000000000101111111011111111111110110100110111111100100101
20001110111010111111001011110101000110110111010111000000011000101010000110101100000110001101101
11111110001111111010011110100111101111111111010111011011011110000000110011101110111111011000111
10010000111000000000111110001111111011100000011101111001110000111101100111111000001001010010001
11000110111111111010101000101001011010111111011000000011100101100000110000001110100011010111011
10010100100001110011100010111101000000000000001011101010001111111010010101011000101111111100001
11010110111101000110001111100000010111010101011111111010101000000011010101011110100010101111101
10010100111000010011101100001110111100010101001100000010101101101001110101000110101010000110001
11111111101101110110111001111000011111011111100110110111101111001100010101010100101000110110101
11101010000000111100010011010010110100001100001110100101001010011001010101010101101101100100101
10000000101010011111011110000110110001011001100011101101111011001101010101011100111000110110101
10111010111011110000011100110110111101111011001110001000010000011001011101000110001101111111101
10111111110011011111000001100110100000001111101100111111011110110011011001101100101000000011001
11100101011110000111101011111111110101100101111110110000000000010111111011000110111101111011011
11110000011111110100001001010000000100110000110000111110101101010110110001110010100000110011001
10011111010000000001111111011111110101111011111010100000101001010100000100110111101010010110011
11000000011111111111110100000011110111000000110011111110101011110110101101100001101110110011001
10011111011011010000000001101000000001101010111110010000101011000100101000110111001000110111101
11110000000000011101101011111101010111111010011111010110101011110110101101100110011011110011001
11111111111111000001101000110001010000110011010000000011101010100100100101110011011011011001101
10011110000000010100111101110101010101111001011111110111001110101110110100110111111000001101101
11000000101011010101100001000101010101100011010000000001101100000010100101100011000010100101001
11111111111111111111111111111111111111111111111111111111111111111111111111111111111111111111111
