111111111111111111111111111111111111111111111111111111111111111111111111111311111111111111111111
100001010101100000000000011010110110000000101010000000001010000011010000110000000010000011010001
111100000101001010110111001010100011110110000000111111111000111111000111100111111110101110010111
101001110000011010111111100000001000111110111110001110110011101010011100101101000000111100110111
101111111111111111101000001010111010011011110110111000010111001010110110101101011111110101100001
101110000000000101101110111111111110110001000110000011000000011010110000000100000010100000101111
101011111111010000000000100101100000000100010000111111010101000000000111111101011110101111100001
101000000000011111111101110000001111111111111010011101110101011011010000001001110010000000001111
101101011101111100100000011011011100000000101110110000010101001001011011111011111000101111100001
100111110111110110111101110010010001111110000000010111110101101011001000000001010011111111110101
110110100110000000000001000111111111010100101011000000010101101111011101010111000111010000010101
100000110111111111010101010100001110000001101001110111111111100110010111010000011100000110111111
111110000010111101111111111111100000110100111100110000000000101111000011111011111101111111101011
100011101110000000101010101101111110100110110001100101111010100011011000001000000000000101100001
110110001011111110000000101000011011111110011011110111111111111011011010111110111110101100101111
100011100011010111111110101111010001011011011000110000000000001110011010000011111011111110100001
101001111011010011111100000001011100000000010010010101011011100111011011011001000000010100001011
101100000001010110000111111100011101101011011010110111110000110001001010001100010101110101111001
100110101100000011110101101111010001101010011010110000011011111011101110100110111111100000011111
101100111111111000000000000000000111001011001010010101110000001000111000101100101011001011000011
111110100000000010101101101101110001101001101110111100111111101010011101111110000001011111101001
100011111101010110101001101001000101001101001100000110010011101010110000000011011100010110101101
111001100001011100101011111111110111101101101101010110110110111010110110111111000111000000111101
100011001101011110101010000000000001100111000101010110000000011111100110000001110001010101110111
111000011001110100111111111101101011110110010101110011110111000000110110110100110111111100000111
111111010011000001110101111001101011000110110100011000110011011111100110010110110000000101111101
101110011001111111010000000011001111110110100111011011111001110101111110110010011101101100000001
100000110011000000000111110111011000000010110001011011001100000000011100011111010001111101110101
110101111001101110101100000001111111101011111101110000011001111011000111000011111100010100111101
111101010011111000101101010111100000001001100001100101111111111001011110011110110001110110000101
101101000110100010111001010011001011011011110100110100001000001111001011000000011100000010110101
100001010110110110001101111011101010010000110110100101100010100111011011101101000101010111110111
101101011100110110111001100010001010111010111110101100110110111101111010111101011101111101010001
111001011110000110011100111111101111100011100000101001100110000001110010110111001100000100011011
100011010000110110110101110000001100001001101110101100110010101011010110000001101110110001010001
111001011011100011100001100101011111111011001000111110110110101000000000101011100010111011111111
100011001110001001110111110101110000000011111010111000011100101101011101101010101110001110101111
110111111000101011010110000100011111101000001110001101001101100111000100111000100111011100000001
100001110010101010000011010110110000001101011000101101011101101110011111100011111101000001111011
101111011110111011010110011100011111101101001110101101000100100011000000101001010101101011111111
101101010100110010010110110001001100001101011100100101101101101001101111111100010100101000001101
101000000001111111010110011111100111011001110111101111001100101011000000011001000001101110100001
101110101011000000010100111000111100001101000000001011111101111001010111111011010100100110101011
101000111011110110110110100010000001100101111111100000000101011101010000001111010110110010111011
111110110000011100010110111011111100110111100000001011101100000101011010111101111100111111110001
100000011010111110111111100011000001110111001111011000100110101111011011110000101110101101011011
111110110011110000011010001001101011010101101111011011101100101011011000000110000010000000001001
100000011011000110110000101011001000011100001000011000100111100011011110110011010111011101011111
110101010010011100100101101001101101011001011110110010110000101011001100010111110110011111000001
110101111111001101110101111111111001111101111000111111111101101111011001111100110011000001010101
100111101101101111010111000101000011000111100010000100011000100001001101101110010110010101111101
111110100000001010000001110001111011110111001011011101001101101111011000000000111111010100011111
100000001010111011010100110100000010000000011010000001111100101111111101101110001100010101000001
101111011111100010010111111111101011101011001111101100111001100000101001100010100110110111011011
101000000110001000111111011010001110001011011110001101101111101110001100110110101111100011111001
111111011111011101101000000000101100101011110000101100000011000010100101100011101000110110101111
110110011001111100001010110101111110101001100110101101111001010111111111001001100010100010101101
100000111101101001101110110101000000101100110110111100001111010011011111101011110111111000000001
101010100000000011001100110111010101101001100100011001100110011000000101101011000011000010111101
111011101011111001100110100011010101001111001101001100110010110011010000111001101001110110000101
110011111110000011111100101011010111111111101111011110111111111111110110011011001100011100110101
100110110111111000011110101110011100000000000110001010000101010101100010111001101101111001100101
111110110101000010110000111111001110101010101111011000110000000000110111101011111000101100110101
100000000000011010100101100000011011111011101100011010110101010101110000001000001110101110011101
110111101010111010101100110101000011000000111101001110110111111101100110111110101000000011000101
111110001010001010101001111111101111111111100001100110110000101111111100000111101110111111110101
101000101011011111111100001100000110000000001100101100011010000110100110111101111000001110110111
100011111110000110000001011001011100110101011001111111110010110000001100000000001110111010010001
111001100000111110111011001101000110110111001101000001100110111111111110101010111000000000111101
100011001010011100100011011111101100100110011000011011110110000000000110101110110010111010000101
111001101011010001101011110110100110110011001101001011000011101011111111111111111110001110101111
100011101011011101001000010100001100111010011001101001101001111000010101010001000011011111101001
101011001011010001101010110111111110100011001101001011101100001101000100000100011110000001100011
111001011001010101001110000001110000110110011001101000101001011001011101111111000011010111001001
100011011011110111101100101011000110100111011011101011111011011101000000000001110110010001111101
110111011001110110000110111001110110111100011011001000001110001111101010101111100011110100001101
110101111101000011010100011011000011111001011011101011011111011000001010100111001111111101011001
100000010101010110011110111011111111000011010001101011000011001101011010110001100000000101001111
110111000111010111001011101010000000010110010101001001101011011101001010011111110110111111100111
100011010011010001100001101011101101010100110101101101101111011001011111000000110110111010110001
101001010111011011111011100001100111010110110101000111000110011101010101010111111110000000011011
101011010001111111000000110100111110010100110111010111011111010101000001110011011011010111001011
201110011011000001101011100101100000110110010110010100000011000101010111110110000011010011111001
100111011011010100001000111101001110110011010011010111010111101111111100000010110111010110111111
110001011011011110101010110001011000110110010111110110010001100001101101101000111101110000000001
100111110001111000101110011011011110010110110110000110111011001100000101001010011100111110101111
110000110111101110111000110011010000110010110010110010001011011001010111101011010101101111100001
111010010100000000011110011001011010110111111111100110101001011101111110001011000000001001101111
100010111110101101001100111101111110110001101011001110111011110000011011111011010110100011100011
111010011011100111011110010100101000011101000000011011110010100101001011000011010010110111001001
110010110000001111001100110001100010110001010101000000011000111111011001111010010110110001011011
100110110110101000011110011011001110110101011101101110110010101010000011100011010010011011011011
110011100110111111000011011010011100010111011001101110110111101000101110111001010111011011110001
111011001110100000011011001011010001010110011011000010011100000010100000011011010101110000111011
100001011000101101011010011011010101010100110001101011001101101010101011010001010001100110001001
111111111111111111111111111111111111111111111111111111111111111111111111111111111111111111111111
