111111111111111111111111111111111111111111111111111111111113111111111111111111111111111111111111111
110111011011011010100110101000011010011000100100110000110100110110110100101010101000110110100011001
100010001011010010110110001111011010111110001101100111110001100110100101100000000010100000001111101
111011101001010110010011101000011000111110111000110001011011110010110000001011111111111011111101001
101010101011010011010110101101111010011000001110011011010001100110110110111110110101101011100000011
100000001001010111010010100000101011111111011000111001010111110010110111101100000000101000001110111
111111101011000000011000111101100000101100011110101011000010111010100011100110110101101011111111111
111101100011011111111101100001001111100111001110000010011010101010101110101100011111101000000011111
100101110111000101011001111101011010001100011000101110111110100000101010101101111010000011110110111
110101010101101101010011001001010000111110111110111110110110111010001010101101101000101111011100011
100000010101100101011001101101010111101100011000011010010000110011011000001100000011111110001111001
101111000000001101011011001000010101100111011101110011000110011011001011111110101111010000100101011
111111111110111101010011100011110000110110000001011010011111010011011000111010111101010111111100001
110001110000010101000110110110011011100111111101010000111011111010011011101000010000000000011110111
100100011110110101110110000100110010110011010100010101110000101111001010001011000101101011110000111
110110110100110001010010111101110110011010000110110101000111101101100000111011111111111001000110001
111110000001111100011000011001100011000010111100011101011110101100001011100000011100111100011111111
101100101101111110110011111011101110011000000111001000001010001111101000001111110110000101001101101
101001101000110100000111101011001011110011111101100011101011011001101110100000000000111111100000001
101111111110010101110010100001100001100111001000110111111011010011000111111101111111101010111101101
101010110111010111011000101111111101110101101110110110011011011010010000011111011111100000001101111
101010100011010110010011101100011000000000101100110010110001010000111011000011000000001111111100001
100000111010010111010111101101111111101111101110000110111011010111101111101110011111111111010111101
111011101011000101010110101000101111101101100111110110101000010111100001111111000110010000000011001
101011000001110101000110101011101000000000110100100110000011110000001100110010011111000111101001011
100001110100000001110110100001001111110111110110110011011000000101111111111000111111011101111111111
110101111111111100110010101111011010000001010000110110001101111100001010110010010110001000000101101
100101001010110101100110100011001011110100000101100110111111111101111000011011110110111011111101101
110111101010110100110100001010011001011110111101110000010010000101110011110001010010000000011001101
100011000000000001100101111111001011001010001111011011110110111111011001011100000110111011111101101
111011111011111100110100010110011001101000100111001000110010100011011011010101111110011111011001101
100001011111110110100101110011011011000010111101100011111010101110000000010000011011000100001101001
110100000110000110110001100110000001011110011100111000000000000000101111110111110000011101111100011
111111110011110000011100110010111111011111000001101011110101010111111110110101000110110101100001111
101000111000111101110101100110101011110000010111101001111111010000110000000000010010010000111100101
101110011110000001010100110100000000111111011101000011001011111111100101010111010111000101111001101
101011010111111100010101100001010101101000001101110110011001101000101111010001110011111111101101001
101010000001101111000100110111110111101111011000000000111011000011100011010111111110000110101101011
101011011100001011110101100001111110100000001011011011101010011110101111111100000000111110100000001
100001111111101010110100110111011010111011011001110000000000111010000000100001111111111000101110111
110101100000000000000101100000000010011110010011110101111111110010111111101011101110001110100011111
100111110110101010110101110111111110110111010110010111001111011000011101101110101000101000001000001
110110110100101111100000000000011000110101000000110011100000001011110100000100000011111101111101011
100010010111111101001111101111111010110101011111111110101111111001010001110001111001011001101111111
111010111101010001111111000000101110110100000111011010000000001100000111111111101111011011100010101
100000011000011101100001101111101100110101010001010011011101011101110000011010100101011000101110001
111101111110110000111101100000000110100001010111010110001111111000011110110000001100011011101110111
100000010100011110100000001111111100001011010101000000100111110011000011110111101101110011001010101
111110110110110110111111011010000110111111111101101111111101010111111111100001111100011001101000001
100000010100100100101010000010111100001111111100101110110000000000010110101100010101111011000010101
111110110110110110000010111110110101111011010110100010000111111011110110000101000001010000010111111
110100110110100110111000010110100100011001010110101110111101011110110100111111101111000111111101011
100001100010110011101101000010101101111101010100101100101100000000010110000110111111110110101100001
111101101110110111001111101110100100110101000101101110000001011111110110111100111001100010100101111
100101001100100001100010000000001101100000011100100010111111110110010110111110101011110110001100001
110101101110001011111010101111111101111101111001101110001000100000110110000100000001100000100101111
100101100111101110101011101011000100110101101011101010111010101111100100111101111011001111111100001
101101101101000110001011001011010001100101100000100000011011101000110001101000001111011010000001101
100101001001110011101011101001011111101100110111101111111001001011100100000011011101000000111011111
101101101101000110100000000011001011000101100011000110001101011000001111111111010100011110001000111
101001001100010000111111111001100001110001001001010010111000011011011111000001010111011110111111101
101101100111111110101100000011001111100100011011011000001101111001001101011111110011000010000011001
100001001100111010100111111011100000101101110000001101111100000011101000000010110110010111101111011
111101100110010000001100000000001011101111111101011111010101111010111101111110110100111101111101001
101001110011011111011111111101111110000111010111110111000000011110010000000000010110001000010001011
101101010110011000001101010100001111011101010000000000011111000011000101110111010110111011000111001
100000000011001111011101010101111011000000000111111111110111101010011111011101110110000001110011011
111111111011011000010000010101011011011111111110111010110101111111000000001100110110110100011000001
111010110010001111011101000000000000000000000000100000000000110101011101011101110000010110110011101
100000011011100110000111111011010111110111111111101111101010010101011111111000000110110111111000101
111101000011110011010010101011111111110000101010000101111110110000000001101011010110111101100011111
110111111010110111111010000000000000010110000000111101010111110101011111100001011100001100111111011
100010000000000010101011101111111101110110111110000000000011010111001010101111000111011101101100001
111000111101101000000000100000001100010010000010110110101000000011100000000011110111111000000001011
111111101101111010110110001111011111011010101111100110111010101001110101101110111100110011011011111
100111000001011111111111100001110111111010100001110010011111111100010101000010001101110110011000001
110000011011000101011000001011100000001111101011011011001101000101111111101000111000010111111110111
111110111010010000000011011001001010101101101001011001101000010100001010101110000010110000110111101
100000110010111010110110011100011111100000101011000011111011111110100000100010101010000111100101001
111010110110110011111111000101000011111110101001110110010000011011101010110111111011010110101100011
111010110100011010000000010111010110110111111111010011000101110000111110010011011111110000000101111
100011111110111111011011011111011100010101110101011000011100110110000111111110010110110101110000011
101001101000100000001110000001000001000000100000011011111111110011111101000011000010011111110101001
101101100010110110101000101101110111011010001101011000000000000111101000011111011000111000011111101
111111111111110100111010100100110011111111011111001101111010110000000011000010001010000011111001101
111000000001000110111010101101111001110101111011111101111011100101010110011000101110101000000011001
100011010100011111100010101101111101000100001000111000001000101111111111111101100011111010111001101
111110011110111000001010100100110000010001111011101101011011100000101010101000111111011110011011001
101111111100110010101010110110010101011100011000000111111000101111101010001010001010001111011001101
100000000001100111101010110010111101001101000010111110101011100000001010111111011010111001111111111
101101011011111101001011100110101101100111010110000000001000101111100000000001010010100011100010111
101001111110101100011000110110000101001110010010111111101111111111111101111111111000001000001110101
111111100000000001011011100010101101100011011110000000100000110000000100000010101011101101100110001
100000001010111101110011001110100101101011000111101011111111100110101110111110001011100111111100111
111111101111100001100111101111101111101011011101111000000010001111111011100011101000111111010101101
100011111101001100110110000001100000101010000000001101111110111111111001001110000010011101010100001
111000000000011110010011011011001010111010101010100111110000000110101011011000101110110000000001111
100011010101011000111001001001101010011010101010110000000101010000000000000010100110000101010100001
111111111111111111111111111111111111111111111111111111111111111111111111111111111111111111112111111
